Iteration,Walker,Theta_0,Theta_1,Theta_2,Theta_3,Theta_4,Theta_5,Theta_6,Theta_7,Theta_8,Outer Cost
0,0,-2.498386556467311,-5.340680016630034,-5.402353944441377,-5.960355669752218,-8.795018385247738,-5.278653920320034,-6.081076300036237,-5.932896975299042,-6.067533908601005,465.4592172841676
0,1,-6.904768872262028,-8.20487000221014,-4.918523628714906,-6.162413061531183,-9.721962752141593,-3.7651841171731597,-5.110982911740435,-3.414841169357942,-5.160582232185531,460.2242879245305
0,2,-2.2796823646108524,-5.393445322571492,-4.817777040027443,-2.415147974085881,-4.40214979091543,-6.190525952160481,1.3975669409757847,-5.780947493556537,-6.069983693157049,460.8498034224914
0,3,-7.551919416106818,-3.747317441098774,-4.203166616992521,-8.234509639399436,-5.296942492273004,-3.5581272563301263,-7.70137615166501,-4.884025645332673,-7.276593405558689,468.18205854898696
0,4,-10.328146288190844,-8.952679003400057,-5.390457237701536,-2.3003042413970407,-7.7230992498038695,-2.3391831629851256,-5.34272441933953,-5.04286834159394,-5.070097488064346,459.71237736086744
0,5,-6.938687960072189,-6.95823178852011,-3.516516513262666,-5.917333366548933,-3.0524766892123516,-4.348115789861571,-4.515233484627283,-5.1159257557767015,-5.61764682425703,463.45737633574555
0,6,-6.626847705627833,-2.3135572662893433,-6.010045337630381,-3.6086735912294046,-7.645035161423372,-5.855998659319218,-7.4347228040843625,-5.171589361360667,-2.7650104637719557,438.01605720885965
0,7,-5.721479458848066,-4.1776276890212625,-7.521611722433079,-3.783802691692679,-3.5484236251948627,-5.352254709308332,-4.9995576925251966,-5.232675380643367,-5.181258499342591,460.3965397709501
0,8,-1.8761315419665623,-5.8429592593050375,-6.297432759833232,-5.202358607348672,-4.419280775941995,-5.4635395238899145,-3.744289057545835,-6.726752770344607,-3.699258630290782,438.0032490516515
0,9,-7.524523722743716,-6.957774296848427,-6.243618508700672,-7.373725703031322,-3.4353786341886305,-7.901330970032401,-6.086681812193375,-6.1423280975906,-3.794905051286319,440.70392934342806
0,10,-3.5203154019996123,-2.649189098691321,-5.868770457086672,-6.493909848176262,-3.8446504290989036,-5.992956185093273,-6.691466226512306,-5.690121805943157,-6.746241780532376,467.32626458807897
0,11,-4.494034752198044,-4.747286691534278,-4.410689876259576,-3.994361410481522,-4.605525775014809,-4.985678734798102,-6.7823084374212605,-6.504202235068913,-6.9184126090664595,467.69062590205465
0,12,-2.043530138054208,-7.967578828701109,-3.562968846813664,-5.85375506523568,-4.719080018619226,-6.218267079948863,-7.894470385832147,-3.949443927987267,-4.2297778905339145,448.2165916990916
0,13,-4.4842333991030365,-5.799027680033682,-3.3484234309440692,-3.9461267309937424,-5.543004689575101,-4.988106060007374,-9.601934809920625,-2.7619265302631186,-5.301155262186773,461.34698560444406
0,14,-7.711650502773308,-6.733650439661485,-4.002852254658429,-4.745694508137922,-3.9663814251252614,-4.108386866308184,-3.7285954415574087,-6.138722068804384,-4.159174572924579,447.43071737221607
0,15,-5.442691684640526,-4.234702276674486,-5.955628505592869,-4.589556180766678,-5.346696966267136,-4.987135825745253,-4.457859014315077,-8.211796244904326,-3.5360138683599622,435.7705080457233
0,16,-2.6763125956355314,-9.607890343755656,-1.1356266120716998,-3.9268246117963006,-7.216490486527979,-4.777870405001319,-4.013218713312287,-3.493040373710622,-7.634826790934823,468.54756142153843
0,17,-1.2027831192404967,-4.968483838948027,-4.037110656025622,-7.163232938652724,-4.032605205038898,-6.149891513334227,-5.638044419297388,-5.3450376678285325,-4.987703758016638,458.10141275006606
0,18,-6.150522045426679,-1.9862759594885824,-8.076186914333563,-6.76078680083365,-5.290661193434125,-9.04561492904768,-4.912204277501569,-4.6105434462196,-4.364372478310729,450.03321526207895
0,19,-4.623100475813175,-6.538528781267523,-6.248981525703586,-2.375856513853072,-5.964637430887822,-5.073907901898614,-1.5853751981544728,-7.0522968875276755,-2.5087226913670206,453.86295698496133
0,20,-7.684156352989323,-4.317826031910535,-2.701893248807633,-3.580808181461867,-3.837526780079892,-4.233488678126449,-0.9553231032419527,-7.949580490985721,-5.556770055958128,462.7442159958331
0,21,-8.092120326433394,-5.070959026767541,-2.7240857019677263,-2.896681872597392,-6.998552006748902,-6.151088798096298,-0.2960171645952556,-4.746761976512483,-4.548280569514253,451.74624284318185
0,22,-3.137826092807175,-3.927752968603053,-7.076091652577764,-3.2917831336233556,-7.506456599226933,-2.918885892138185,-5.392389364021239,-3.656261837625518,-6.992281744141078,467.8046863209838
0,23,-6.902713305949596,-6.08101309287874,1.1327566896342436,-3.302327061273136,-9.16188095983545,-4.226254949291792,-3.4847691734250983,-2.823121206355353,-2.700677511440568,445.9048447875805
0,24,-2.6225151253814802,-5.764380049062088,-4.74979555744916,-3.809644591389521,-5.604428776633729,-4.945373161805006,-3.722210645585755,-5.829559974714382,-5.642132294135305,463.5005591451876
1,0,-7.4066894022535426,-5.040143139321396,-3.5850585804379116,-2.7612740739771913,-2.3814340399714675,-4.7281387014654115,-6.950482581900749,-7.274635463789326,-2.421078822034141,459.5257640534235
1,1,-7.045218708698354,-6.2870134015618495,-7.344935714792365,-4.964660328417068,-5.957033855133332,-8.384633792927513,-2.4884373805184183,-3.5126116915144983,-2.816681031925854,434.56873768088076
1,2,-5.114912220582499,-3.785039244192335,-6.385964121680497,-7.779347901368209,-6.640102381745864,-5.142479672178695,-4.0014528162632645,-5.856506633455016,-3.138740779344789,430.9060426152154
1,3,-10.524272382760481,-3.8305240055727925,-4.934855844081427,-4.833824044345657,-5.996949193998768,-5.75599171587871,-3.1180115531455117,-7.975195464934071,-2.198128153289038,510.08496423136626
1,4,-5.853231478572662,-5.042353225674592,-5.505271151754369,-6.708454644889692,-2.167376206550799,-5.064617273274694,-4.297239536553274,-5.04308744204968,-2.9435090325730044,430.4959647243805
1,5,-5.354387365687174,-3.1958220270041724,-10.997900473573914,-6.943580001425194,-9.865172206925742,-6.012616598229484,-6.109260170658726,-5.89574884307135,-5.539752506444586,462.873582486087
1,6,-9.947530272178867,-3.9693540599800174,-5.458388892360806,-6.2034687418060805,-5.467972537741611,-5.281914852163136,-5.620320639876884,-5.820777928085248,0.06256086153828289,13658.323208508342
1,7,-5.134832560938599,-3.003674947713451,-3.186137468987045,-3.700705597728862,-8.693530867516687,-2.264379526116583,-2.9509535320475315,-5.059545964287454,-5.282975956957415,461.161042479945
1,8,-7.905769110497692,-5.662060829360945,-3.379978894560507,-3.8070876564276555,-4.006593462888567,-2.9381867684037397,-6.976477893500602,-2.566954203151154,-1.895199389510098,603.9516688235951
1,9,-6.716824296967074,-2.3647044688752743,-4.756800397883336,-3.9529494042698676,-7.331959249430682,-8.281623145344492,-5.580359088984983,-4.634219451987009,-4.858736230631112,456.9821188284719
1,10,-4.712793538906979,-1.9455418717581825,-2.2568520326967803,-3.2720818500379654,-8.243593348868949,-5.187653552791435,-3.1359631432137416,-7.928220067849683,-4.879729721417521,457.08678924636536
1,11,-1.2401109903178824,-6.424180042209527,-4.0481008332989665,-4.317546650408462,-5.868641164180833,-4.226751168857397,-5.993004183557478,-6.337709407775458,-1.4613904029479516,1033.0378096210898
1,12,-4.7985281201594105,-6.8791476150754765,-4.291279009239234,-6.012304101782731,-5.673536180418796,-8.084159792910965,-6.069387694986981,-6.321628240868277,-8.840613767089263,469.10698353444286
1,13,-6.98685923386931,-4.767054197765192,-1.7489774028559895,-4.0905925412389,-6.702721090628936,-5.418890276139148,-5.828853111192902,-6.723989702765943,-0.6401317062959593,3921.961018097926
1,14,-7.26236180937191,-4.810329670712284,-6.5248488382962595,-6.253987121831283,-7.50948701265475,-7.729778655374775,-3.319529592888688,-6.521260430161639,-1.6510237434910002,809.3174233688973
1,15,-7.567436733524601,-4.696231004567894,-4.243278666047747,-3.2294267508758616,-5.302283718666343,-9.834564811614264,-5.370746699835081,-9.693621741379467,-5.551960479271135,463.07572596211503
1,16,-6.393316411962623,-6.981963894642312,-5.477868214862677,-4.812668968230453,-4.945762221455914,-6.075585361793233,-4.631299121283946,-5.113301194779433,-2.5834404193887286,447.1025370430798
1,17,-4.087380078297266,-2.99532168150826,-3.5242749975364838,-7.3738168244000635,-2.7845365108826625,-8.599737430667748,-4.18049143978551,-5.3848246273254725,-2.1492288175295773,521.9722229218066
1,18,-4.65322809902559,-5.905695373141486,-4.52568806066041,-3.3949426867957486,-6.488746974875582,-2.1135789918918535,-5.1996173805786965,-6.284170348521131,-5.363872431174594,461.94682325097494
1,19,-6.449077868032269,-2.917270263316747,-2.9867193224387174,-6.139409890166393,-9.811612210836266,-9.147797678555538,-3.875545531107174,-5.054642049742229,-2.752271869482768,438.1419500300862
1,20,-6.073096198582048,-6.9234081379559544,-6.697391852645599,-2.8801358274778015,-6.537065176153451,-6.305222056441046,-6.225825346653679,-7.514005764349521,0.5416903411554217,27647.178827454474
1,21,-3.245302566309097,-6.948923520611069,-9.205567424580265,-6.205620013913064,-4.840156669814176,-5.105784830169262,-6.1396237172070185,-3.9511569218142357,-3.4411320451276657,433.97093583464897
1,22,-6.9986380437073965,-6.34798204577874,-5.0547365405223035,-6.747706585960725,-5.6079542460476395,-7.957344576829334,-1.758299998323953,-6.558417400720361,0.5350557943979903,29138.804626656212
1,23,-2.9920082175832436,-7.280815073669437,-7.297003179785244,-5.360305054435513,-3.25838423443077,-8.072820501047909,-6.112540089194247,-9.111897308032772,-5.276629760508676,461.11624625735215
1,24,-7.634688860836418,-2.7941164164494774,-5.247197726260881,-4.101289899974938,-6.4856521160726714,-8.946808231111705,-6.302000617719087,-6.239882957313603,-5.790108165264259,464.2433776905626
2,0,-6.010703076345026,-7.48654768940694,-4.783652789208249,-6.6434102145731195,-6.187880463628488,-8.378939044488378,-4.295616185092714,-4.188793112378704,-4.181222990928333,447.7630224654936
2,1,-1.7331544240936045,-5.104528194719914,-4.767716436903006,-7.526668559469593,-4.287880958952162,-4.550664575001432,-3.479529343111843,-3.860694656753364,-2.8837125095893166,431.13031485267754
2,2,-4.439308717318284,-5.6572549510682295,-9.699015978252337,-6.066625578251837,-4.112828420134222,-6.928374636089052,-5.1073018680254085,-4.66474143062628,-0.04444282577232839,11300.201782780063
2,3,-1.970062297410541,-5.335225267001715,-8.038141547152051,-4.911988404138411,-7.30537666924083,-6.018817323131811,-6.831295429008886,-4.048869165502925,-3.934594478508799,442.721430975046
2,4,-4.808280587601971,-4.795559466080112,-7.563254571476911,-4.572562319200888,-6.400405569612194,-4.398390212925224,-3.017525141129995,-5.586183925011214,-4.380256129233443,450.8900954635647
2,5,-4.9650943630202065,-5.5715018155532565,-3.336380668532675,-4.707287729485173,-3.594276185117062,-6.592075087293052,-2.942554678701267,-8.213361280953551,-2.3513890603114502,474.83860635585086
2,6,-6.2765563689571895,-7.5948982433813015,-7.869997740907758,-5.225664825640934,-5.800185022812735,-4.735705822803629,-5.775250323298682,-2.8988416925582934,-4.130921737005238,446.85548720531415
2,7,-6.941688486849145,-5.6958625523654804,-7.798841003016907,-7.524633884841836,-6.293340775692216,-6.623850307122607,-3.2795826522799687,-5.237790270462842,-5.054266192792564,459.205945234034
2,8,-6.383726302173509,-5.575878225346762,-4.3010876209023134,-2.5636500171741843,-6.204502155701786,-6.780131075951654,-5.481050097450773,-5.6075774413107,-5.089996944917615,459.7418178444429
2,9,-4.860797983937167,-5.3024477050599,-6.599662726048618,-5.719647508232387,-6.91920843137454,-6.05958580760959,-4.1310866819139695,-5.8477428689154785,-4.198544860659081,448.0163563726452
2,10,-6.40125226720432,-3.693080050437323,-6.535124875194397,-3.7411955374247055,-6.066866995603282,-8.031186741056352,-4.607062518007186,-6.221003391629276,-5.892954529461921,464.7813703500703
2,11,-4.260126522493496,-5.957133240365795,-7.681583674708064,-8.27784738927104,-2.0338659950087696,-8.357000803970346,-1.699611632695802,-7.671790644993688,-4.801052010655686,456.37164198183484
2,12,-7.159087409884054,-3.867685285496058,-4.423054325222889,-4.789132683489952,-7.307851675861843,-3.3159885750385505,-3.9056056054968917,-3.0153533925129365,-4.316962136070609,449.8769835787568
2,13,-4.755684822838987,-4.847065288921605,-7.076580764552836,-8.076061962724612,-4.860886246566861,-2.518576843974277,-5.650035681562821,-4.826490429313805,-2.709637034126814,435.2269506201416
2,14,-3.5689025094995754,-5.840698910466511,-5.474408131093192,-4.183330676306652,-7.508461433525696,-4.039519729701003,-2.137009706760155,-4.883927664254987,-4.794765927792155,456.345871581847
2,15,-5.893439249516312,-4.73573210845285,-9.287231879548807,-6.618288930526953,-8.10214806549741,-7.650331894774342,-4.999061774530752,-2.5052130752478043,-1.940959085697027,602.674941581163
2,16,-6.084256670568824,-5.316840863257396,-0.8771850318041974,-3.2332715212135525,-3.1976715320090987,-4.513203121514332,-5.889752533542809,-4.542262841609034,-2.307666505709748,477.90289111103516
2,17,-5.677344280740578,-4.597215013244872,-9.852776137342381,-6.8337642225990765,-6.62998854260724,-2.600548569300011,-5.553144749354505,-6.354503950456675,-4.204471502142874,448.1662747892845
2,18,-8.451509067246317,-5.857839184029572,-3.8806721002619406,-4.3659927385789095,-7.344005694234313,-6.629420987029706,-4.12595671575229,-7.216110969773907,-5.005103073605498,458.8161869062137
2,19,-5.442785205948282,-6.670647450484051,-9.38636959325244,-3.837424810624431,-5.392761300371553,-5.008682921833147,-6.260731205017182,-6.882409040962777,-2.9166292031614365,432.1852502189697
2,20,-4.917222794506964,-3.417162810481904,-4.965223464584604,-6.355355236412841,-1.431969129937987,-9.666299414858099,-3.5965247513860468,-5.050366596662624,-5.461663458652324,462.48944048404854
2,21,-8.240347436456535,-6.6078421568002295,-7.958436087351613,-5.885060699120597,-6.8896560882411615,-5.468392833539798,-4.557708881941954,-4.391016689764294,-3.4061094117056334,433.6929210232387
2,22,-5.679837389605974,-5.283484351490028,-5.201884929905378,-3.3488439383998156,-4.0756880502479795,-8.785819889340715,-5.471926646364576,-2.9112802539810763,-6.08901629271275,465.60170435420605
2,23,-5.600328846743172,-3.346187677383381,-7.435756487506314,-8.017395991548884,-3.970058094518622,-4.595379660347786,-7.397551394833938,-2.7715141955471436,-3.028469476929494,430.5508729538511
2,24,-6.674080639319418,-4.36627216346693,-5.807384274311061,-3.571590605668059,-2.229770141796298,-8.207151487824367,-2.829746529518793,-6.30590450462557,-5.440602015686591,462.33776903178693
2,25,-4.5131855724552885,-2.0727117287922336,-4.81654156253748,-5.469004458818301,-5.697542576252907,-5.069915301048097,-2.732997835924033,-3.0641529738921323,-2.040114458210516,578.0665291523384
2,26,-7.0795379228656685,-5.737175767186133,-4.680556824251411,-3.5737091893223023,-5.881559098128997,-6.822547075367152,-2.7134900530467894,-7.651925174269786,-3.6939062863290157,438.6776489801965
2,27,-5.8488752222325395,-5.298318348494488,-9.335702237444563,-5.725182700397441,-3.9794434697142744,-4.937816851773741,-2.3984315504194056,-6.361288478986605,-2.1893259368772475,510.305822633526
2,28,-6.763732755272414,-3.9233231052734614,-7.86002971524488,-4.729721421116421,-3.7375283978331915,-8.09940278319055,-5.748413578491203,-7.152442256870755,-4.711762661455463,455.5523280757602
3,0,-4.877418977809702,-5.355207276722643,-5.5324419855105305,-8.397453782439236,-5.260520052061463,-2.985905871816745,-3.618672944562639,-6.2138943048898385,-1.729291727148967,717.4688898040706
3,1,-7.795925995316718,-6.08251200690158,-7.782495234849245,-6.238692338027937,-7.632918945922803,-6.897034588244359,-5.02294908699997,-3.9206911012955747,-5.027374386817304,458.99831613773046
3,2,-3.982760432479174,-4.8748719411383945,-5.301836233871652,-6.442136342044625,-1.7045496416278079,-2.713559311877762,-4.1345618842722445,-4.7742878725806905,-3.1675985772600255,429.05114714507283
3,3,-4.529159462934966,-7.045181814543307,-8.720055767118886,-6.801344412288099,-5.917984064586099,-4.965752807611937,-5.628499477113552,-6.608575297889076,-3.3584810972760533,432.9646560298496
3,4,-2.3260593417017574,-2.8540382751600957,-3.7647400598397907,-5.762320294999686,-7.0412030883141625,-5.910107731667847,-2.062159043653481,-3.1657450642970817,-1.8572999223456828,667.4762036378015
3,5,-8.242397560319992,-4.905174942979424,-9.273374882726912,-8.95376281199439,-3.5807055262196963,-5.542672830616111,-6.484765274852716,-7.3236281544463,-4.317926312643162,450.04546963571823
3,6,-5.6886206622893685,-5.871208583383914,-7.0788302674336245,-6.708359666042959,-7.987530032700118,-6.957947649413692,-2.397328041854197,-7.442238204444793,-3.4121345510135836,433.4953444981302
3,7,-6.776436476774126,-5.477587931308804,-7.113133661598195,-6.623082449837533,-4.676283084437067,-6.662080524320176,-5.484564751044941,-4.175551314230005,-2.7916502122656937,435.428191963202
3,8,-5.280179300470445,-7.004516019794243,-6.746932022172492,-6.862311700986412,-7.035232808375493,-7.040959161402391,-2.938377603234173,-3.8652562219142013,-2.079961579165813,544.7523464861752
3,9,-9.79189715530514,-7.247328573484237,-4.187122885514734,-4.398040738973065,-6.573365368545992,-5.042758138671234,-5.452494390505301,-7.850107430271125,-3.189283140618942,431.3498735684287
3,10,-2.8952821788274807,-6.612328045729466,-8.991166808908748,-3.3956245260376097,-6.521276892129876,-4.099177031838872,-7.239369619905212,-4.584355260238717,-3.5939746686825496,436.6913316328292
3,11,-7.0782935536993214,-5.70750446065358,-8.029984507175818,-6.135166798706999,-5.37013060780611,-2.4332664269768003,-5.2149658382391015,-3.022171472553548,-4.868694144077297,457.4499637177131
3,12,-5.235018294718703,-8.617544919117474,-6.275181188051492,-4.803233591957097,-9.11396474265595,-7.005739829309244,-2.4734620748897673,-9.210272159328255,-2.804641384172692,435.15307497176616
3,13,-6.100856719324848,-2.7313275441577627,-7.878741623649686,-6.223407238336268,-5.760716664564338,-7.625785298901693,-3.6824579875775143,-7.009102749868836,-5.388728140262427,461.79555606416267
3,14,-4.100255630412341,-3.82754510005166,-8.11894178957108,-5.710355009042799,-3.4491431519201097,-9.138629384380934,-4.1417765458392175,-6.101383414015549,1.356310051851203,67707.18309356211
3,15,-5.048875252187064,-6.693724234815663,-7.661159172753363,-10.72606682552994,-1.0516561315522903,-3.167845726351792,-6.2207038730583815,-7.001231427825446,0.8755787118044669,36643.6270398264
3,16,-5.432758547108177,-4.52741831544174,-4.265262058118009,-3.5467105369953704,-6.9107883355323425,-4.537323593071499,-2.8408265230381837,-2.8574720253970236,-3.577994284547301,436.25813007719944
3,17,-6.652748361121803,-5.399835452638729,-7.995681317101064,-5.903507147759277,-5.4171956733545805,-2.352399399497036,-3.09517917705576,-5.737234673602729,-4.271735752865211,449.2473645754782
3,18,-6.780122974874489,-7.218084979985138,-9.079464709549523,-8.593891495321405,-3.125708880434552,-9.39795608139795,-3.7175539221266622,-4.642150302251821,-4.744072488049437,455.9686520126399
3,19,-8.88861688475927,-5.7510312184432175,-7.325614583056091,-7.640681563276458,-7.055608172728336,-5.487819553918899,-5.802576485709154,-4.521873129357025,-3.8057764922779693,440.87906438004995
3,20,-6.897259996628508,-2.063120631973927,-5.154478834740953,-5.5940574926035085,-8.661636153768974,-5.275338702861872,-0.166138413883818,-4.977880884198591,-3.786683421117777,435.98612036519364
3,21,-5.71351176781147,-6.4585773235418165,-7.167332861257494,-8.501463299828963,-8.093628118038303,-5.495139811982453,-3.99806933971786,-7.495669099829598,-1.1339931407306865,1698.4068655830836
3,22,-3.7121122503420407,-7.993113103129078,-8.786678374330682,-4.097943710528695,-6.5861294184308825,-5.890351162351558,-5.889880586570519,-5.094074320740896,-4.693693225764749,455.3632088645367
4,0,-4.13462909281187,-6.299468680827206,-7.193411065369718,-5.5648391522471,-6.869483159283635,-3.1303770313648327,-8.086866458828307,-8.016821153798,-1.463550659646438,994.1520132714554
4,1,-4.088407040088093,-5.522669827151631,-7.756178674910139,-6.648954643360634,-6.28262903291755,-6.496440837279281,-3.011717780203674,-6.124957876499025,-3.2279727548358648,431.33658621938775
4,2,-5.072921350554248,-6.960532950266707,-5.599376769357424,-4.0737264981446275,-5.8974403654135585,-5.67395396416657,-4.022048943576055,-4.565328487121195,-2.3521985019151974,474.8256261932945
4,3,-5.147286026814706,-6.318399798300757,-8.113800167300393,-5.265214901547953,-5.885801030695185,-4.613144055888703,-4.5564378403948504,-7.942696382150496,-3.6134573303109723,437.20539863649486
4,4,-1.9231292594237734,-4.489463771499548,-6.6967273042047815,-8.806202205762732,-1.230494411622387,-3.2555151045168897,-5.440340739654027,-3.419005712121224,-1.438845935446743,950.854075299559
4,5,-4.97217115631731,-6.139577492167554,-7.806521093828136,-6.180388553352424,-6.471835315421972,-5.273543248768382,-6.098175638202449,-3.036836864646202,-4.339254683817065,450.3187174007254
4,6,-8.160596290921816,-4.394303383943943,-5.9120607990493435,-6.29541293407197,-7.249868404747362,-7.700745336337948,-0.4931225182283825,-7.235454205093707,-3.4355706129014774,431.5449406926757
4,7,-4.956335092979258,-4.900097030268565,-3.2106847446239555,-6.46354566192502,-6.035527393326862,-5.623358221989935,-2.9326527064381884,-7.82782780373189,-2.1448827313877468,523.8383666724724
4,8,-5.57624941059669,-5.308906542735385,-5.788275163265183,-5.3384779539435305,-5.5815677233035546,-7.351595371054879,-1.3394976351751442,-6.825252668904604,-4.180302148433673,446.96829341997386
4,9,-3.9038420147785016,-5.494076402136892,-6.806427112547676,-4.492291077753198,-7.678470917212415,-7.9453611817554375,-4.102872546190483,-4.380258064986144,-4.6271470682402,454.45916541245435
4,10,-5.400863608793851,-6.473584566119654,-4.4086112172983976,-5.593752622878614,-5.92866971048359,-5.923163336419232,-1.5121309669166614,-6.3261449263331215,-1.6245500869295681,850.6916689238917
4,11,-3.9484491685798093,-3.9136328914702716,-5.8596293395334005,-6.825417134167317,-5.885059867367043,-2.2163799764003684,-5.411949140925335,-3.2418920324999285,-0.31619625033544496,6525.958837943059
4,12,-3.9028309072480893,-6.691011885865311,-8.192975789329738,-4.044503616645031,-4.691211285842896,-3.7999178933107847,-6.588197440022984,-2.6501153511221736,-4.304537918423933,449.7440836294756
4,13,-8.539794419348807,-3.4502448486692487,-10.232886161278042,-5.506560699996511,-6.622538297376168,-4.394966110967119,-6.254227925678113,-2.367346438187011,-4.057676092783339,445.22217097361676
4,14,-4.103485212966796,-6.618120495905384,-6.715645888158547,-7.369501632670824,-3.523504529728511,-4.165618807800209,-6.188639704017596,-4.659190529101781,-5.351349052334217,461.71694734857965
4,15,-6.4230414557667,-5.0865355307230855,-4.049347175832996,-7.652726857575829,-8.93004084223376,-4.98455010661244,-1.3083987490842328,-6.08501842348983,-3.7444288724837564,438.6758120441631
4,16,-4.045525954553364,-5.1625339619289,-5.947654576706731,-8.024826985865756,-3.282837012413331,-5.794382323732215,-2.0993943227308014,-4.938947478427787,-3.102872533052917,430.16572248641285
4,17,-6.792062013387091,-7.682651846645305,-4.6424422548196045,-8.928308798595708,-3.253815631513154,-6.608808901734026,-1.9182303712785589,-4.801429947521785,-3.0819289161890637,430.23802967546857
4,18,-7.884368859375154,-5.089181793105884,-6.839323252036093,-6.053400489178191,-5.284494186058387,-3.935650941902724,-0.7102565856055638,-10.34349788588641,-3.2154649897505823,429.3184708178892
4,19,-6.957031419328166,-6.000434118697287,-6.041291223966026,-4.041557231599347,-7.536334265248382,-3.240603378707677,-1.587739279997448,-7.616065154135736,-4.894431424630407,457.3980861627156
4,20,-8.829818186066687,-7.1276311064578675,-6.404344169740607,-2.923089684880521,-7.66330562757957,-4.38758023402627,-5.1950730644787,-7.486590045256897,-4.285951102017852,449.744699223128
4,21,-8.53940334537602,-10.389016203416782,-6.738626670982541,-5.696252330668487,-4.733270992871239,-5.4325373918713735,-6.158473866713569,-6.561928000886829,-3.1975065034390058,431.33030744109124
4,22,-1.1140135060915606,-6.960478601429717,-5.998464714558168,-4.298544411687197,-7.8757948880256965,-7.650841042432508,-5.497826193772362,-6.2358400092063455,-3.980793060898724,442.8775035100419
4,23,-3.262276381103258,-3.876975897745642,-8.153128255617307,-6.004725451698432,-7.706872160653842,-5.136476298064446,-1.5496592084677245,-6.436985219617158,-1.7644263037523311,728.8038386031958
4,24,-5.991655364484038,-3.9214463297248754,-5.137099712172234,-9.419881131378922,-5.896190324705447,-3.7772982830104826,-6.013681382589211,-5.653025420688188,-4.7079870374654025,455.4927003558561
4,25,-5.0625160405034615,-3.160262388358541,-6.360403597971892,-4.938501183017143,-6.337984589326294,-4.05155932499833,-2.3848973201783252,-6.101100468837078,-4.377670150953726,450.5508143136426
4,26,-6.337648073836111,-8.788903685673668,-7.623993815519672,-4.614427634984485,-5.343769327258377,-3.367629867284542,-6.872843680482137,-6.29828776448649,-3.238941431539884,431.31273087909216
4,27,-6.404967857571494,-5.251045808575151,-8.393034204748904,-6.197950448402116,-6.81296179375788,-4.753946486389512,-4.502389184044452,-6.747653927269363,-3.7012843185451056,438.84377328880356
5,0,-3.3926364144512955,-7.630510554264059,-6.28484822236342,-7.338750493213491,-3.90183228283213,-6.29352342633207,-1.6343955280021303,-6.251190468492865,-2.569595385089162,448.66025745920695
5,1,-5.54871816011472,-5.204799486262559,-6.698425896054187,-7.873646853692311,-9.100476486645785,-4.2820165356273385,-2.975992828993644,-4.60462695375541,-4.1316408424424695,446.74098632648827
5,2,-5.9273547741932715,-8.54475183914275,-8.826189521216182,-8.224259155689005,-3.474005227588289,-6.334062971839124,-5.03359781023772,-3.631127913701279,-5.766011367091959,464.21099329228605
5,3,-6.566648086832985,-3.9529805142664065,-3.317056979420293,-6.5512562016135805,-4.471634172544404,-5.782207145308136,-3.0099827057249744,-8.009853327952056,-3.930499902453537,443.07111049833463
5,4,-7.652628449196396,-6.789542398770171,-7.802762832418201,-9.3008330845439,-2.4844642073609426,-5.0917697576691685,-3.636944089114609,-7.966289099973208,-2.9772110858861165,430.5360187165859
5,5,-6.575295663976154,-6.248376251382527,-4.544120578446934,-4.843625363481508,-7.047758479651062,-4.475722800600915,-5.531877609668221,-9.334727582809514,-3.5724392226167425,436.537681782183
5,6,-7.57623409473058,-4.791997744520163,-7.779762063377843,-8.952472781198598,-3.8242834721795402,-5.930960494023989,-4.001707069402045,-5.341084607339731,-3.718283489298214,439.11381405439215
5,7,-6.015673884508685,-5.119837739241206,-5.053935569081885,-6.589668046432053,-4.839625627947866,-6.076137889607925,-3.0166171045593986,-8.90013041511357,-5.717831466268794,463.9229450131604
5,8,-5.8825903822350405,-9.645986795328566,-4.088599037780682,-4.9438798838537865,-4.496957477536775,-7.384472707824222,-5.178784192741373,-6.239476716494828,-3.5019731194565353,435.34153894336805
5,9,-4.497683539572838,-4.1933705064934115,-7.585520769431907,-8.461527874189827,-1.4920236564550335,-3.2526307616160586,-2.530777005682128,-5.006541607907706,-2.478585994239472,447.7997529425781
5,10,-6.8529923018898184,-8.796052527429747,-8.137431412233756,-5.637378670955492,-4.59998058241913,-8.603077492913819,-4.306297801713794,-10.527133453377274,-2.079671793826609,543.1680197019894
5,11,-8.120406422218874,-2.0386351618888865,-4.696624931738203,-5.728922462680698,-8.462257108850068,-6.610413688466334,-1.1444221475656082,-6.888842486792075,-1.414895855896683,1238.9122160318439
5,12,-7.339444861042043,-8.103058014931703,-5.749595771469786,-5.568485503604302,-3.252318425536467,-4.195537356379165,-2.402980399983427,-5.956506537936141,-1.963904172690336,585.8210885562098
5,13,-6.67537531949507,-7.271338545241802,-6.5872582341200925,-4.925634800686054,-6.421762166454009,-5.835058985593951,-3.621732860854841,-9.33551526909893,-3.254484137674906,431.789691560937
5,14,-6.002422919486716,-4.68208028453457,-7.763154958418085,-3.6228496417856997,-7.42556593298305,-7.716141917477161,-4.742018898163992,-3.2909579361630037,-4.23468384094557,448.67841453262247
5,15,-9.140251982003267,-5.761780599496971,-6.417697450044379,-7.951934744531128,-8.034362919917465,-7.1702118464859455,-4.657631031137593,-8.852358083493458,-1.66468034559205,792.4039671381838
5,16,-6.479893441981983,-3.5220436684530614,-6.0406433833922515,-5.457260820375376,-8.088471709174852,-3.326254065660412,-2.7878458079311472,-10.100901693392192,-3.842888312147264,441.17886118042435
5,17,-3.8143481028112642,-6.429118722389342,-10.60496892576269,-2.588069541240157,-5.053034846663248,-2.781674183601145,-3.633820209398645,-8.268464990527104,-4.32175260191342,450.3029656744694
5,18,-5.510227767264856,-9.742248918089714,-8.815013391743987,-6.040615524797029,-4.221349387002863,-3.2921922046124763,-1.7520333406464865,-5.922322147045307,-2.9995937278054865,429.8512339551539
5,19,-5.682812344354726,-2.5242674634111486,-6.5274419837887185,-6.002263296304893,-4.0160019172527015,-8.387528491592319,-1.8793484994784222,-6.678560170910249,-3.1785110538308046,430.53740968305567
5,20,-7.6215107700230895,-8.655523621791941,-9.036185215092047,-5.554776992738973,-6.457685236461863,-8.297140965365495,-1.2246052843901767,-10.737175638155378,-3.4773824893194543,433.7230494927083
5,21,-3.939579438945152,-8.932109386791447,-6.077092993295716,-6.554953538794239,-6.709390107046881,-5.824446278957773,-2.0819200607034554,-4.121984988521518,-2.132890321279323,528.8819825370197
5,22,-6.8187665903700925,-9.511245477267135,-6.022325517131477,-5.5363174977563885,-3.6993002738336664,-8.176681593541028,-4.7394007800652505,-7.984390238984126,-5.014900141878261,458.91158245981796
5,23,-5.512617488804009,-7.014122915139072,-6.837579194337049,-5.898504044291926,-4.851911075891375,-5.175652829540468,-5.601129463310134,-7.743515958010571,-4.048819755542175,445.46037652222174
5,24,-7.725346702302298,-4.802111864485736,-6.943117723831408,-6.967729090005753,-4.7485616410944305,-2.990562186099021,-0.939976691373388,-3.3437196352306917,-2.6526311339821436,439.98620496567867
5,25,-4.458386899896079,-7.088502894777897,-7.0708844538656255,-4.151571482773494,-5.323896431100416,-4.669569722602246,-0.3796129573632947,-7.138913576713126,-6.3019234409756075,465.9501859789473
5,26,-10.137741973832352,-9.071923539155886,-2.6690284778991886,-6.347621889252156,-5.433282787141429,-2.2452278123307816,-2.534364047934341,-7.182709857827037,-1.456073740999401,967.8318716271685
5,27,-3.7745198733595493,-9.071358381021879,-7.304010723094082,-5.667812706008691,-5.951985268794109,-5.812169029777533,-2.7003198273442797,-9.909785143696569,-4.359448895833865,450.4893588993359
5,28,-5.433534120995153,-8.258633217391186,-4.857573253318516,-6.105499621726098,-4.619685696280556,-5.996430891996921,-3.0670728373553864,-8.037788888046228,-2.4908418875807072,456.177448718564
5,29,-7.685735050424097,-6.455021667675813,-6.271312786270674,-9.20975766389264,-4.401964793866345,-2.7797512099989463,-0.6657754374271545,-8.203425281643481,-2.1135617121019146,535.2210230377826
6,0,-6.6547401370767,-4.74740476815275,-5.364327970263631,-6.071531313202299,-4.398244936370094,-7.055870301926803,-2.2084602874811297,-7.215160383176043,-4.418512497875736,451.3171135306064
6,1,-6.901188753114143,-6.195163499695615,-6.336321989390548,-8.282200790248856,-4.3165812647267625,-5.7532667015052,-1.512343566722812,-4.9783900591329875,-2.9231473705566806,431.6438330761313
6,2,-4.694819399599141,-5.903446634527448,-6.855856601906489,-5.489214977948856,-3.995495633892441,-7.770353742992937,-2.278810907428881,-6.243803585586576,-3.213122469736703,431.0113604422595
6,3,-9.360104079672535,-8.734848188851895,-5.2822988519278455,-4.350116548327129,-9.044570629749717,-5.837065043709959,-1.5510098927365845,-8.697692076916152,-3.616391719026852,436.57181770726004
6,4,-4.2625401398838,-3.794904102016435,-4.241586026266171,-4.172931585559286,-6.14737959315094,-4.907640537939919,0.04430305982460325,-6.475658124235541,-5.518835261524899,461.5623773024204
6,5,-5.754727637688898,-7.257780722474849,-9.293275429269006,-9.014540157145305,-5.213903546896621,-5.989939722494334,-4.767424747122726,-4.560513799095653,-5.373839297031191,461.862287020812
6,6,-8.070455524505292,-7.116248835768663,-6.783411911012583,-7.143655849557739,-8.436685186141847,-5.982358990170584,-1.1922910847381083,-8.388339028212775,-3.719736430212237,438.088387579119
6,7,-7.703346486236263,-5.698263270730791,-9.36960847108069,-5.717368492735815,-6.750855652464303,-5.393821005384135,-1.8095163691769651,-10.302952475400733,-3.6592249418053657,437.48653059552726
6,8,-5.827359887875023,-4.856611473209496,-9.13412733024064,-5.816978284414593,-6.004411878291444,-4.274757391708288,-3.55834250596051,-11.962291551771528,-2.0278382549281866,561.7663446781308
6,9,-7.689817770237766,-6.235059946599195,-9.662257722916724,-6.070837369314033,-1.2692308410303612,-4.50272010514315,-4.972844464028789,-6.054873531532513,-3.472029446771199,434.22534333542
6,10,-4.081203434270055,-11.042955391931049,-11.392702883983272,-4.916318262554285,-5.928024526871812,-5.701110387166037,-3.6788782956170842,-8.9523913846894,-2.06721822631761,547.8406805299048
6,11,-5.746872496880225,-8.885703550978091,-6.191540264363933,-4.896610713217206,-8.74985000973129,-4.476480849049745,-4.694374308790825,-7.4533531942386695,-2.4536789032645645,459.7721121452495
6,12,-7.940056503983159,-6.289016112742843,-7.189685709417286,-6.571060484071308,-3.5889578055583478,-4.21374889497797,-0.14747155320937555,-6.074903885475362,-3.7359267685997604,435.7480229813302
6,13,-4.280285451100848,-7.168197662226609,-8.057839961199436,-7.194030218383433,-4.173778272131939,-4.239063595948347,-4.850387499746622,-3.8373568506363225,-2.334227612960667,476.07187259540683
6,14,-6.383567734110705,-8.142269825357154,-7.862595107196585,-7.6614333080614445,-7.278701006962221,-8.577976279205673,-2.9789575877084338,-7.941077976014233,-1.4726213636203385,1018.1348789816344
6,15,-2.7647330262043535,-5.098799464927243,-4.772291204793827,-6.807159879566298,-4.57296499988762,-5.056969936252485,-0.9452724466589744,-9.432288377501862,-3.9573966135233225,442.0804566132755
6,16,-3.8565773085790767,-9.163465811376406,-8.574712279922904,-7.290219220026352,-5.481299840846003,-5.961921688230101,-0.7716428251828793,-7.280395746127877,-4.481471785316765,451.2984868069538
6,17,-6.76995768213335,-6.642643570120002,-6.972777947006572,-6.772012792336353,-6.184111126808401,-5.7982920541317124,0.6297594169648582,-12.796580894603697,-5.430532939431581,459.48015834868403
6,18,-8.236786975600754,-6.356623729641749,-2.7317085977784252,-6.366048962285627,-8.445897528133093,-4.20842644700405,-3.588449797595456,-4.577731454109324,-4.790862905318289,456.5614193447029
6,19,-7.2239144816956316,-9.57646024623044,-7.694522215146871,-5.74479028737484,-0.8714684085366939,-3.575971750416655,-2.4469335486620456,-7.402038210531806,-2.0342732916687867,520.4244373383335
6,20,-4.541950212095827,-12.422855414500173,-8.841419946249276,-4.384874657089055,-4.0402596084067675,-5.754161403641726,-2.881439366694245,-3.8556943116619364,-1.904664559801989,618.0047017552331
6,21,-7.953006012157541,-6.403200061065723,-4.62380131879331,-8.205434817724228,-4.0842197715188036,-7.322990073745695,-0.7459101685912759,-7.672433168884351,-2.763059101435286,436.6850739681731
6,22,-8.59310256542319,-7.239371870527527,-9.285924761439894,-5.859972460333101,-6.516264761957109,-2.8092579653527245,-2.3262506313639024,-8.468232083470415,-2.817316120264554,432.4757147603266
6,23,-6.166482153148229,-5.819106814874464,-5.236173189458064,-5.041401070884956,-6.922968047894438,-8.536137793980053,1.000837488452809,-8.13412552009044,-4.182991631694547,435.48007150225834
6,24,-4.618539407721489,-7.960054953962488,-5.1056379655001205,-6.20064914319629,-6.372094287386904,-5.650839570157255,-4.072237991326913,-6.3004876120445985,-5.712333508385342,463.9221922276435
6,25,-9.610312054626718,-9.152007180888745,-8.282888404634454,-4.285761018963084,-7.665673409418313,-4.147388394853726,-2.80915155281568,-6.7877704433422625,-3.1000937420403627,430.6079219488778
6,26,-7.8102111085675014,-4.302285330936742,-7.0853280560527,-6.007378734459297,-4.706553916154891,-4.810380766306509,-3.7872582672079136,-6.1405439876910854,-2.914575942753118,432.1747114321653
6,27,-3.7558598703266717,-8.015496851033388,-7.065453971773574,-7.2337518514723005,-2.0772303226200393,-4.568859061238566,-4.153830332922018,-7.696897821343921,-1.4555586048658178,991.3994412180447
6,28,-9.758232852883122,-8.643730521371452,-8.816955157438851,-6.774294223037875,-2.6737915915880035,-7.60658920650997,1.0917904629472788,-10.945075236466653,-4.634176273430826,444.33227677102616
7,0,-8.22407158186362,-6.608893520783438,-11.01632372136181,-6.376433423318241,-7.695844234687005,-6.368435029198887,-1.310611934787494,-8.209687124749976,-1.6863026793465332,795.9532892815398
7,1,-7.7510501194463,-5.902870277564766,-7.438889590026494,-6.5835826264911335,-5.07726649726632,-2.356057684101617,-2.1292343044382545,-5.577681291531613,-1.7997134534655383,657.7561294201644
7,2,-6.999271063611293,-8.134243547178219,-10.621441122421846,-6.187841060074769,-8.218000404163844,-4.675369480427926,-1.9880058176386135,-7.241658650684117,-3.6458455411535073,437.3340253975314
7,3,-7.946047972226528,-3.792662993731763,-3.937837070028543,-5.469227707123865,-6.05032036051977,-10.299085913079889,-5.384016682256371,-7.074658132695323,-4.232324361024585,448.5782753522117
7,4,-10.155018621604842,-9.294460492797105,-6.582577793080574,-5.354686517784904,-4.425551296891872,-7.127263067771365,-2.0875415922994636,-8.570193378374636,-4.2826083645707245,449.1817632981006
7,5,-7.725899605031139,-8.656839994007942,-9.721691273444776,-4.888556093578505,-4.364476279745158,-6.093234577598208,-1.0427686550524775,-7.426757626024104,-1.7942922118559417,708.7927142556966
7,6,-9.713944210567686,-9.451472133571862,-8.244982219981926,-2.780630397697008,-9.365240529280117,-4.638723545999168,0.1545001251637439,-10.227623542298973,-3.7598973772424955,434.97205727019093
7,7,-7.947185582324425,-5.682953856071486,-8.520770696321526,-7.0489771451086245,-5.949468479364747,-4.349085916961067,0.060168513995923156,-10.577863641430634,-2.8069981574908343,434.6622078678037
7,8,-5.763580519461101,-9.543406495067257,-8.811098519485473,-3.314822340130071,-7.819485661735532,-2.9015480708936625,-1.3609625752662924,-9.346201361927728,-3.840184452356413,440.681701843529
7,9,-6.671324467518857,-10.010294539383215,-7.762156051355126,-4.2603932933594875,-4.83821597628876,-4.749881510255255,-2.4399515752464054,-7.604141156679065,-2.1163191769119516,531.0744180390725
7,10,-6.19093660264748,-8.6755106549709,-4.869812384472235,-5.177382531910581,-5.105171679988314,-7.019881743988363,-2.24234240759269,-6.335989392665269,-4.045293180260148,445.0968222567159
7,11,-7.24123283939487,-6.243042795289393,-4.15868975759856,-8.45060782314491,-4.386260924390449,-5.734233705948998,-1.9617394115115985,-6.393058246244272,-3.85926173075862,441.44922120443715
7,12,-5.6301695726648555,-6.3907218515038995,-6.406593506091743,-4.88306555839988,-6.841991279596536,-7.564812489056202,1.8906189005803662,-8.09889827102919,-3.4393640943455397,472.21033710263293
7,13,-4.0637234744233295,-5.930342054809249,-8.415641395105588,-5.06856787566956,-4.721345496923891,-6.642686756009302,-0.9350496445803758,-3.9060312517788582,-4.313219572725292,448.76105714937216
7,14,-6.868328367995325,-6.522430108113367,-6.260006644475733,-7.562847525754924,-3.611940972423345,-5.316478288082227,-3.95236128814829,-5.886345159324324,-2.079860429301233,541.038389250117
7,15,-7.0276676501965305,-7.343818216896621,-5.499238286398382,-3.8900146506054103,-9.443087180255805,-5.027907525395319,-5.635431231616385,-5.976819335519982,-2.035838241265443,557.3566878446863
7,16,-7.2658915872701035,-10.258439698618602,-6.675250861193119,-6.016044040351681,-9.054570695272561,-7.712063307654704,-0.017792030228005906,-6.831451724147136,-4.15555838421406,443.87173979806
7,17,-8.51916970066531,-7.107031111841432,-9.421523602025491,-4.93671859822203,-5.615577107581075,-2.7918365116251844,-1.1984133733580262,-7.231756935558939,-4.549172481686368,452.8580308965688
7,18,-7.101110005550713,-6.166167286023447,-7.72492330136281,-5.844800169744336,-3.7283984779870574,-4.482693459869591,-0.6091941098585445,-5.916219344732749,-1.6179506445978973,887.2567967912878
7,19,-6.559582196517981,-7.611314170679727,-10.513659793512838,-5.151578757661935,-6.932750360079224,-5.062459447245621,-1.0949629697376781,-5.681428333549519,-4.048723407803581,444.34521069338115
7,20,-9.325911532948444,-5.2701851016386385,-7.2089365931946645,-5.324562631614404,-6.068714811849043,-4.745589747598657,-2.9398959031400698,-6.800574142100523,-3.2630356299490146,431.6750041646445
7,21,-7.568565601635988,-6.206766493967896,-5.844978430406245,-5.0768300411722596,-3.508081123356175,-3.03266153595857,-2.3963720112628066,-10.871351754668021,-3.294315353852776,431.33206470302974
7,22,-9.455408504710102,-9.801030190074012,-9.105447400137777,-6.124420337465597,-4.199347219531247,-5.641076614611838,1.8506353362018095,-6.215059852505635,-4.689193136031038,429.55819603473975
7,23,-5.734159857805304,-4.405189257210457,-7.858958072724696,-7.6380540141579765,-3.996441330681657,-4.866357683773433,-4.0489066496730075,-6.0181692351684655,-1.9410708880265057,600.0077385152662
7,24,-6.037141838149054,-8.375277636363744,-8.725816460434276,-7.913521102241553,-3.854682331697475,-7.3647262561582405,-0.8437115873461414,-6.917272244274365,-4.354453141190971,449.43963390033707
7,25,-8.923526789821082,-7.248807546257681,-6.348759792737731,-5.910381798194162,-7.074585223709256,-6.184547946660267,0.132888147970887,-8.02780703815238,-0.8373772860877637,3648.8389619881136
7,26,-6.912597982592063,-6.52247709385393,-7.966226834914533,-4.873485844908064,-7.1392173132657275,-4.684161725272354,-4.767129887110858,-5.400699267143475,0.2691218993385873,18732.962591036023
8,0,-4.51635776540728,-6.465087947717142,-7.6402827311557155,-4.609686366376523,-1.0369971015189767,-3.103908753025117,-1.9191278852136828,-8.383672132775539,-4.607820975349514,454.3209463270607
8,1,-6.591178456684574,-5.637908408850516,-8.562768587285518,-8.943030278341878,-0.25377623238601554,-3.8548337030841475,-6.113936833789417,-7.56149265560296,-4.554346888999325,454.32398394002104
8,2,-10.630002435909786,-7.024881960130757,-4.924310317507915,-2.773288538399237,-6.7933300759717525,-1.5165852891759468,0.36446033521948173,-11.33786732059285,-5.061283290079881,456.8994754646576
8,3,-9.789880614062112,-11.499508520842774,-5.386254143883221,-3.0584326767326506,-7.256474655030528,-7.952249276988501,-0.4777359894035859,-6.565872155741001,-3.1003658990127816,429.0460565037652
8,4,-6.959787313906025,-2.1431953020465917,-9.488097315925765,-3.5724596153059824,-2.8593047231487256,-2.51078857988113,-1.603083009084771,-5.570859172489501,-2.1451147612206087,520.1053419164026
8,5,-6.412771256609062,-10.491346350410309,-7.148224231252751,-5.865104803179766,-9.50431860964741,-5.923748503985501,-1.192585107467758,-6.783320957670153,-3.7378046842955968,438.44269590486533
8,6,-10.808426608099051,-8.543053584513396,-8.06152231274812,-4.214332050758486,-6.318631081619888,-6.665365761753167,-2.1572465757069406,-6.89522350488457,-3.379134834937619,432.9980437867497
8,7,-9.999478209773168,-6.693164563961228,-6.145739385195839,-4.897736675966105,-7.7322852810917295,-4.966958210548669,2.328644573996139,-11.417072179219485,-4.167364729707848,450.06714691297947
8,8,-3.665497902968257,-8.996483294212753,-6.198961679913312,-4.851275368016067,-7.551274033250253,-4.017816194618605,-3.370812003178256,-7.050954533618994,-6.07697251311696,465.52815146684526
8,9,-7.682706907447491,-12.28498626869795,-5.476643202598756,-2.508641439403064,-6.90043528456295,-5.346733421500495,0.4763843633893301,-9.183738117658091,-4.493083132217394,447.8659560754467
8,10,-9.888519775831837,-9.034224786064232,-9.2233593334069,-7.202934721643137,-6.1292768501128725,-3.4138957497667324,-0.16955142506098508,-8.2669383253302,-3.766671859618315,436.4631384616257
8,11,-9.26798709985175,-5.796116628536529,-5.793226259321243,-6.422739417220381,-8.563519103289128,-4.059711495317065,-1.9197317346157163,-8.84275360112742,-5.42440774938697,462.0772389994677
8,12,-10.157525388013074,-11.340763987604817,-8.810948972316808,-5.816470955843035,-8.27677766141423,-2.0429818112265945,-0.41324719070361965,-8.907324306861767,-3.136797691995384,426.2080655701839
8,13,-5.927744203407439,-7.314470631336016,-8.862645923499787,-6.328197797559196,-8.466700865679453,-1.530163605735562,-3.619653900174575,-5.564470974880868,-4.051508535357083,445.50852636436065
8,14,-11.131440530600448,-6.001602443742746,-7.454103475828354,-3.871403983008264,-6.510141851490378,-5.478986923756334,-5.927110005832989,-8.617920427054521,-3.2232245096560996,431.63273409817293
8,15,-8.478898551606338,-7.180479470528574,-7.644021766752,-5.943063655908685,-10.216327436100478,-8.507083261183208,0.9802370523630668,-9.43307156827726,-3.211082899166402,422.02190449987813
8,16,-8.584158312530198,-8.759534255253751,-8.473480455727335,-4.3592922605001885,-7.159978624608587,-3.9916195418703704,-3.11256251310909,-10.556274849451926,-4.700589773973679,455.4307862684793
8,17,-10.162518028084472,-6.010407373559276,-9.480706999977823,-4.446363158604163,-6.728505541216053,-2.2586384161414594,-5.996678800160839,-14.102223012747535,-0.12156362098162266,9078.127446045646
8,18,-7.283229940548032,-10.250779748420356,-8.021098020633014,-5.286171522514519,-7.234033065790246,-3.477277170318214,-2.3820352213439535,-11.373237968209855,-3.4806920536098707,434.42410830253937
8,19,-5.046093015782025,-4.645920703128448,-5.439858480493642,-5.286906862889828,-6.241996116383501,-5.022348183120714,0.3767590195546562,-8.371825862030903,-3.924916482654095,436.6603686555309
8,20,-9.161425750410682,-10.740518695248241,-9.33631851019322,-5.864242094753933,-8.497612787766744,-1.4884744046007823,-2.577218390781163,-10.787650777427698,-3.4411793020035804,432.73471844933
9,0,-10.572435693669977,-12.26759838037335,-7.054841673263085,-5.517900050900181,-6.850275492680805,-2.782546619950225,-1.8935991810390713,-9.322264203225238,-5.315993990281946,461.3393319144144
9,1,-7.168116296371705,-7.989393317405628,-5.670027131884121,-5.062427168764218,-5.955056513105317,-9.650411321862476,-1.1707819973660327,-10.296671276874143,-3.3463893879672377,431.729603282025
9,2,-9.70668636957155,-11.367180753023224,-5.716569127906166,-7.728266230790525,-3.7436792173456084,-7.4087691980431645,6.055071841486765,-12.720188616695632,-3.8218825717539513,802.4425911208667
9,3,-9.491120521875366,-8.080679735524265,-4.026605693207786,-6.152418954623384,-6.924979723005456,-8.433460002581146,-1.337779436841687,-10.046533096927757,-4.305606068544357,449.16597239297533
9,4,-7.22993887155771,-10.431725544935182,-8.431331073859461,-3.0945847328334377,-9.07519456203449,-9.126925307549923,0.09794738697757932,-7.472809012131171,-4.665576882833355,452.3729320199982
9,5,-6.64469259690129,-9.83243661488355,-6.87014154693646,-4.600106933420242,-9.403614302424845,-4.2163066519093535,-1.8869858853082773,-10.926583972008679,-2.5416637733402467,450.82136599283194
9,6,-6.61437429298203,-4.165772924505563,-8.945815106525272,-6.552754628164763,-4.612218558776696,-5.207713508321264,-1.4310375463177822,-5.470336862265328,-4.269114421226086,448.50082275856755
9,7,-3.634029852425014,-8.274468427982244,-6.9001019923629805,-7.338450673495808,-10.577805653110808,-4.8832408265517016,-2.036388444534016,-2.6680155605497333,-3.0450416467732033,430.00269262483835
9,8,-10.004996415819106,-11.337000012770922,-4.797727148040368,-3.3883428505616457,-10.93428591779146,-7.448022001732847,1.1066656253532083,-12.50842440819969,-2.4979940617055476,529.8952366437824
9,9,-10.257929930217815,-10.124273624034945,-7.8161930016865035,-3.027423708981285,-6.846998929741113,-1.687162300890424,0.49717921421802536,-8.437063696025795,-3.9054516830928216,434.9066818780346
9,10,-8.622391086072398,-9.793044055304632,-9.177587858425625,-4.354618402262969,-9.977833091839976,-5.809969041531382,-6.684362919938364,-10.687215835182098,-1.282449847215275,1329.5429974467054
9,11,-4.695223270682145,-4.438528817772656,-5.845900996194845,-5.3179094066785355,-6.310727046782061,-5.041631015174526,-3.0865075078902704,-12.599887510619018,-3.606135318412793,436.8704250759905
9,12,-8.155123837631884,-6.526311188530299,-8.768170386016239,-4.124460675378912,-9.332096520186061,-2.6239797726084673,-1.0895706973276802,-10.032611199537468,-5.11855971045003,459.4550199276771
9,13,-7.305931283071391,-7.369537858127669,-7.227990504206354,-4.4795461233657905,-9.170308552873497,-2.914433120379788,-2.089468692941847,-8.358054356816833,-2.627580327684387,441.22089736328223
9,14,-7.088063230897495,-8.569748977572061,-6.165975028331532,-3.9038052461814194,-7.468556427286126,-7.117730251047581,-5.131047667387587,-4.0845744601982465,-4.5390206866602485,453.39270663209913
9,15,-6.575751334464746,-6.7522463900044105,-6.807183550004854,-4.43027082234623,-7.826220054672115,-6.599039867366445,-1.499725704334733,-6.443112933468834,-5.053521718204761,458.94334935795405
9,16,-10.787608410136137,-9.055207756085785,-3.503436985365192,-3.1879277751380473,-10.521111084533263,-4.587511914659851,-2.348867871184572,-9.727171590867004,-3.0654883109899522,430.7693045420599
10,0,-4.247883275352373,-5.850660569037954,-8.888032525200561,-4.908232873959515,-9.594966859217122,-7.01965669796347,0.09948872746449178,-6.151566081145473,-4.05585051319902,441.2486862451922
10,1,-4.811096043759178,-3.1744864814623375,-3.8369850807705133,-4.56016108625182,-2.75642363257308,-5.326757198226413,-3.6318903529073934,-7.607948967097301,-2.2819845588721748,487.4485678133146
10,2,-7.25565451812038,-10.57459863020847,-8.269069524361562,-5.976580875984609,-6.83501112339395,-9.874954842405717,-2.7988365505583723,-7.5840773287729455,-3.3230958480912727,432.43508657718024
10,3,-8.515845125964756,-6.233831917655766,-7.246641727203545,-3.6741128843350555,-8.875190662645169,-4.47349352629014,-0.7830844018525632,-8.46573145618391,-3.8064905898391865,439.2180032101727
10,4,-6.492015060362974,-7.475762621727763,-4.883192611020132,-8.547849827197375,-7.845899543627468,-8.982756966157131,-4.702099722019544,-4.680211538876954,-4.376252744105276,450.95407868875276
10,5,-3.256929724099164,-9.226394207797306,-5.675154613654775,-5.791551823446156,-5.234631070974517,-9.73456957225496,2.8428313075663327,-12.45377243952981,-3.2519924896005983,1947.1080039046137
10,6,-6.210497479986729,-6.620266646563987,-4.571125233328218,-6.036390616057414,-3.995109085728971,-6.382739835945076,-3.4870341526755144,-11.810321780924646,-4.0266165671582685,444.9949545340744
10,7,-7.42385790783658,-4.07612500431918,-5.502659630370996,-6.990263231933658,-7.5375323028911705,-5.396502459031686,-0.061640703670401864,-4.237874030443103,-1.8698089140851315,708.1267478846339
10,8,-9.935984056479386,-9.432353340903354,-5.3961319962040335,-3.390298203587203,-10.978943942812062,-4.143998370200219,-3.7389693430156408,-8.505021978738034,-4.073151469636521,445.9898264756872
10,9,-3.6531663821666958,-8.843982353686467,-5.670811384880003,-6.646374755616849,-8.624243419014393,-4.616982051654469,1.7926848102599708,-7.152002276566791,-5.429334240205902,447.6662798977688
10,10,-6.785548687107891,-4.521444501281499,-5.7194230516342275,-3.574484349508019,-10.428392593224078,-7.758531840700826,-4.443311743256203,-4.659944698960422,-4.950122655475235,458.2625103850895
10,11,-3.9502975860604774,-5.927998072419598,-6.856977208191696,-3.6220815979948258,-6.765579146694215,-5.213515287928934,-3.056285299621649,-6.6698536264635795,-3.319683212268831,432.35379889577996
10,12,-9.724112907382601,-11.78091347592103,-4.563400263861565,-3.0079707995570826,-12.577499833894912,-3.240547297815703,1.2789017541252121,-11.640478068255144,-4.5889731736768535,440.4201023608592
10,13,-6.040919979647872,-5.3096522045114884,-7.240416719841557,-3.6441982032181914,-8.759187147803695,-7.803215352857839,-4.6406731221883435,-8.44790202439899,-2.534625573191427,451.7426999964771
10,14,-10.011367144663598,-15.110665046904572,-6.168815506158894,-3.0912919192643917,-7.129651781586412,-1.944540911421817,-5.118615037121043,-7.40017322184989,-4.597755453053003,454.4434909317698
10,15,-9.489605428617919,-9.151444925253712,-8.920694999772191,-3.4589493040088977,-10.55717918763191,-3.063105234144096,-1.3339086189146656,-10.587450662268411,-4.198061683057671,447.42794780346196
10,16,-6.075947308121476,-8.736216308467752,-7.125395270160772,-8.062170495259632,-6.029005432038206,-5.402435055388118,-1.6718975798793154,-5.615658938346826,-3.1559688651549798,430.43701427305444
10,17,-8.231676585432844,-7.208764742105874,-8.222935277745037,-3.056955848434038,-9.927899158270879,-4.864836405907967,-0.27422777189932646,-10.763022167221656,-2.9662919794065536,429.7182233687199
10,18,-9.972383027148036,-10.939023957008029,-6.206251642848671,-2.7302920367224504,-7.97526103080962,-3.7503438343306446,-8.324766919258007,-7.530605397814146,-1.758512608327893,695.3915764873445
10,19,-5.560552114801226,-8.587075988625212,-3.055355572724574,-6.220716213079243,-3.568212313802305,-7.930915690390298,-5.567278415773383,-9.3612417119027,-2.908952226501624,432.3079125351861
10,20,-3.3731617642458143,-11.55917547395957,-8.49653888568157,-5.279666066460556,-9.161964808035734,-4.184411211420146,-1.6457641221816994,-9.898644212546689,-2.5272581905942126,452.33723246462773
11,0,-7.059741456464889,-7.6209586650764605,-7.648751461376396,-5.15606392883033,-9.245141233513552,-5.0342791566911655,0.7687332502443021,-13.838432560356978,-3.67220706034847,427.08936214919925
11,1,-2.5586338829663644,-5.746261955262234,-6.30266476657128,-3.2790153771212767,-7.674340173123079,-6.821177594628514,-2.4133665970827125,-10.030378485671918,-4.629901556334131,454.28477132838907
11,2,-6.588982708502929,-7.2588494255392755,-5.330793177584663,-2.7936143024975326,-8.71562525338209,-2.491747544805339,-3.9377638060593805,-11.695136303966558,-3.1019667145351972,429.70355784317917
11,3,-9.13494840677063,-7.89758848808309,-6.707818288565311,-2.41461085014907,-9.478352912971202,-5.801894046820543,-2.2796643227146327,-13.97153540406803,-2.561080570782072,448.69669129286353
11,4,-7.013026488794582,-9.285734367049177,-7.475682341575278,-3.183151230382167,-7.078218546018956,-6.186722394238205,-3.2174765670067087,-7.412431935657249,-3.2921052845406735,432.2882933652373
11,5,-6.234781196968212,-6.487455378493588,-1.122835404814543,-5.694084856010335,-9.23576364556297,-9.111644907084951,-0.4944580891719217,-9.90633036366349,-3.792028963546165,438.9441119479739
11,6,-4.1419258836188755,-9.73233069432854,-7.803238537620618,-7.227805726095363,-6.00854663422451,-6.061317554477878,-2.443172249249272,-7.699754216589383,-2.620192277571097,444.69513640135386
11,7,-8.666017550851528,-7.130066150409934,-7.221671643910198,-5.46089097535629,-7.425774717767617,-5.885479192071639,-2.076905623513003,-11.633408909356069,-3.8204545783829107,440.7624479070333
11,8,-7.159252758075499,-6.9153634962414365,-7.747472031287874,-4.0590008823809,-7.666047760205575,-5.165371535053342,-8.21223182335854,-8.607889094462474,-4.19865343938415,448.1695442956706
11,9,-2.720620664600343,-4.928049201579368,-4.538839207729291,-2.736308199566531,-7.783240608424333,-6.888720688271249,1.0972095845092407,-9.20614839882296,-2.8253358638297588,450.8235296079103
11,10,-6.035446752751685,-5.305329646253626,-10.184501028134466,-3.831761483917738,-5.7773605085212765,-5.538687262717767,-2.920692493875938,-9.453518693595372,-2.8270775186590646,434.31563256633456
11,11,-8.974438011334872,-8.014197969266954,-5.655442994308214,-5.027234074831486,-9.734296509496833,-8.371466146186448,-0.6862701166586969,-7.722210717187517,-3.330527072040819,430.70437607504596
11,12,-4.4920163865949405,-3.911648428760972,-5.594875926514249,-4.298263275279056,-6.4966018665298595,-4.825337145417502,-6.982112027033992,-6.2794440689024125,-3.3922736094992647,433.4155280386996
11,13,-6.258835891067246,-12.041035287161117,-5.86063436731854,-5.653539103048283,-8.812899058800783,-4.4818858687940635,0.1819871990814732,-8.528937905648274,-5.068369452665543,457.24351623072243
11,14,-5.924843860766071,-10.934555872107646,-5.339342714970534,-5.198717183456221,-4.411391073664138,-4.095374780675646,-2.747859122652301,-9.887319411067155,-3.0025383940294557,430.7171276796481
11,15,-7.431260100229973,-4.977118465552713,-10.735117732683058,-4.14229118053342,-8.350039799832887,-5.2169099483379195,-5.62796017974213,-3.3356084200551193,-4.827805098032503,456.94409417191366
11,16,-6.676825046764744,-6.16258528653512,-6.1209554655459115,-7.331758615479336,-3.567790808875464,-7.178597703211432,-5.704649870033075,-3.4058292104064662,-4.110314162044419,446.5250920812054
11,17,-6.992738286633699,-8.68784675869491,-7.932880972466908,-5.054874385354533,-10.41631488398224,-3.772574013595657,-2.6260658845653415,-9.333009890024911,-4.335775185569485,450.1936521487642
11,18,-8.909612628051486,-9.114606430646177,-4.3799205272565835,-4.0396750112828474,-10.969923484766124,-5.738176219532545,0.9223064506161991,-8.367792571173364,-3.4091582620341336,421.3777276499159
11,19,-7.920680452417667,-8.028348003295589,-7.366086954791854,-7.861630132935857,-3.8254441823072853,-3.1595924000070243,-3.320197923941679,-11.190903803919525,-2.9986052586037957,430.1072750095103
11,20,-8.233842888202522,-9.216659788168569,-7.48323287607214,-2.350534607966949,-5.905112556922187,-1.852432159886587,-2.4868751389899746,-12.186599630304006,-2.0232824451984857,529.2006693360939
11,21,-4.744277158897931,-7.40584221570258,-6.225732583119071,-4.082545284054251,-12.424308461584216,-3.0331171321782646,-4.093109088130155,-6.87701509275599,-3.8617518952204586,441.91567726485704
11,22,-8.862524291232496,-9.684082146370745,-4.73867455867481,-6.643640392645097,-7.3686748328492415,-6.5775029886125225,-1.16450873408419,-7.049810441604823,-2.0838551876713898,552.1571757799343
11,23,-6.037038338326519,-8.58593449757043,-6.738296332357673,-5.395875171764089,-9.712085279576154,-6.490430456726713,-2.2536183105796543,-9.790586547225903,-4.057750755119726,445.3108541854731
11,24,-7.642283830075289,-9.575181314757565,-4.968503795934896,-6.0703763892910345,-6.326786296745212,-4.82329605615816,-4.092561532697832,-9.731560354310039,-3.5186261615271253,435.5290859630528
11,25,-9.46228021361988,-9.189275921080895,-5.539725003188753,-3.5863303372864994,-8.345062515915084,-5.473556238691341,-3.154891824318097,-7.739310916205811,-3.4031560978205246,433.6905137982835
11,26,-5.520075874739652,-8.145769206638677,-5.2803338507676285,-5.757867681614041,-9.600232548879498,-5.442073550474385,-0.34576448146922734,-8.25586266979088,-3.070672534961675,428.72263401376074
11,27,-8.240984191986936,-8.588137857629565,-4.714047117287291,-7.7743195825224465,-8.30521879156944,-3.217750067802284,-1.2690728626295802,-7.4065393146285405,-2.933793094876351,430.422939950317
12,0,-9.97011088410703,-9.601191627429396,-5.810900315088921,-6.050188449832719,-9.315927374707043,-6.218871407384206,-1.949751195488806,-12.813255110485255,-3.9472459699853277,443.1306491610515
12,1,-8.963318252173485,-9.581848551092767,-8.463842439018848,-4.7198358072952535,-10.695890813159355,-1.7276059797687449,1.1844736171189532,-12.916455970517694,-3.1584956317923956,417.3148197150746
12,2,-6.449750289704657,-7.785925173724311,-3.2312589627503754,-7.1021239752564105,-8.620329817922784,-8.539782171877187,2.3927268213202293,-8.928143618133499,-3.9894162950938354,493.8785193327397
12,3,-4.077873075772745,-7.767382128867835,-6.376261986144971,-7.191812307630677,-6.700750797812846,-8.292932754266417,-1.6799744116757096,-6.654810213583393,-4.901341575586856,457.40233883541214
12,4,-7.028292914853696,-13.448285777975698,-5.896181958900656,-6.3768814571322405,-9.974904306808725,-6.940943484784106,-0.9710009367921952,-10.81766677624932,-1.9461313394920408,617.2283301583557
12,5,-8.681706801441038,-7.883891126213483,-3.932418611444348,-4.483592326076399,-8.591866192455765,-5.355619238832108,-0.5746125921620415,-10.869450232347013,-3.6721525342015315,436.1096938605075
12,6,-6.03534501603773,-8.67060571261689,-7.085385774415056,-4.3347709917097275,-8.412446996535717,-4.2975992165735235,-2.1550168105600482,-9.652414060418884,-3.437636691351955,433.7614935086757
12,7,-8.855204185826484,-9.345691124966647,-7.336640605564982,-6.405135917462526,-9.484416288718265,-7.24696812935948,0.3093860655886904,-7.513178892947721,-3.737649975746194,433.2621271185118
12,8,-6.617537020336181,-10.601459476476533,-6.02309367778608,-6.07953694954145,-10.898761370711103,-7.038467284716164,0.3160496196550504,-12.121407924138373,-3.918543674078283,437.1027610317916
12,9,-6.625145452429033,-7.646258944474416,-7.7253580217306315,-4.366068681945696,-6.9524202928419765,-3.101290832168143,-2.5544625472020073,-10.504235007298385,-5.524475992340016,462.8460022433185
12,10,-5.977548879452197,-9.569035275271855,-7.759367690895278,-6.877081845323615,-7.552002608909843,-4.103309644665251,0.4545925661678145,-8.451470901221633,-1.1762848893639388,2202.003701639729
12,11,-7.0874278863335,-5.782663598235864,-5.832472653406925,-6.69288787954599,-8.212478747199587,-2.7737728001238198,-3.5619794189750174,-7.24205166069598,-2.524199335778146,448.5525382053712
12,12,-4.927580781122792,-9.77538104131014,-5.895298027143564,-7.209129761952111,-8.61368141983139,-9.240864604878993,-0.6385337991342424,-4.054711488986992,-2.4536816592504804,465.63847762539183
12,13,-7.865227173103336,-3.9475817115482217,-8.656423251744123,-2.1652341021370543,-9.644297223862417,-2.1627413313214303,-2.8080193068187382,-10.021679497687938,-2.2637780758152726,476.64089079127604
12,14,-8.678315362721314,-6.1490932346369505,-4.489767056681318,-4.525080445273033,-7.243209460064114,-5.540406187666359,-4.0474525147777305,-6.978118007814547,-3.7024518558622,438.9522370089626
12,15,-8.174057413740417,-10.962659519702967,-4.807404635197801,-5.638340999748292,-7.967150334700017,-5.446308297372931,2.1460523969956053,-10.590221736924153,-3.9719027842633983,443.9098525680702
12,16,-8.57375059146441,-10.831374354189755,-7.259082782810685,-5.0233902176709435,-6.034463949904054,-5.247769101942815,-1.3242648554482432,-11.661068188067436,-2.3293370394572674,482.601476746078
12,17,-6.271255682636125,-7.622405791285102,-4.898548231771564,-6.92905708377679,-8.85877178613085,-3.786841962000665,-4.241097409128743,-8.45492291574257,-2.5522474982917003,448.71480854398015
12,18,-5.513311891983888,-8.018059213182914,-7.512542096858846,-2.1210052201276137,-7.512631710904992,-5.019938956592784,0.8290692451316779,-6.0856091232735405,-3.7472150197786513,428.1083534408522
12,19,-10.88588834825666,-6.872304105250242,-5.8139732209563615,-4.071485508929601,-9.036674342218724,-4.130451859120541,-1.5178863137384009,-12.285824801495059,-2.509985277103513,454.29950720445004
12,20,-7.946033670727839,-13.472294202222496,-6.312125627104962,-6.9377284096612435,-9.522028597562425,-1.6873547122878554,2.169824573277592,-13.580104957880998,-3.355656313832788,609.299472615317
12,21,-7.625479814979896,-7.990924956272861,-5.3085607776299195,-6.514040606223678,-8.564871289140019,-6.476378127701303,-3.9616231796069323,-11.777510519968196,-2.3564001415211533,475.02890648111645
12,22,-6.064528855264322,-6.570910046182873,-4.698842391296476,-4.259575837142792,-7.326485124915834,-4.855817795617657,-5.608499557027935,-8.153755286711991,-4.191965293294579,448.0408389224509
12,23,-7.691045441524493,-10.90075883259282,-4.851194660214267,-6.2624163162559565,-9.440268338542495,-2.6293580528753027,-4.877223213404001,-10.18852309733883,-4.540516011058626,453.4499514743129
12,24,-4.850202401107881,-5.616610054355535,-6.425378043057704,-4.802699047043974,-10.522068345733619,-4.471640908840429,-2.3388986596115253,-11.780396960884502,-3.394242593652147,433.1179254824402
12,25,-7.588534886749228,-9.595529821083172,-5.587208320982426,-7.006062496700643,-9.274834407143764,-5.54636996009211,0.909948848749605,-10.08084676647858,-2.166929326636091,647.4448872386154
12,26,-4.3714065280692695,-5.471152864920372,-7.074708826610653,-4.710842486464655,-2.554281700982189,-5.489956035768299,-5.160513213231984,-8.503981686402636,-2.244277700807169,491.6764070902419
13,0,-7.218855717678772,-5.291637694125912,-5.147599624996889,-5.250325547691702,-6.093414406586119,-2.300766209913272,0.5982242135521638,-9.187992372698947,-3.820991872457232,431.87438064411367
13,1,-5.442152316241966,-8.479867395360902,-7.656480722160218,-2.6666070979664145,-10.78208420877807,-5.714030823124386,-0.20518746512240732,-6.938853398338313,-4.29886498994112,447.4085088568884
13,2,-8.886332079038649,-7.26568263991724,-8.49137706329318,-7.9107022112010466,-7.733085760148943,-5.092938038059463,-1.9619881956026484,-12.801566975379679,-4.798647207300409,456.3704467942397
13,3,-6.83002372048718,-7.875687577299514,-10.749738032627201,-5.569385786222361,-5.801937101727141,-5.802177431070832,-1.6978471242845792,-8.547034019560321,-3.906394845585365,442.195724654572
13,4,-8.915921481905066,-9.76101244842048,-4.464599401819891,-5.564952472585208,-8.664447728913874,-5.430516456043603,0.10496602842166047,-12.39786125608238,-3.318121696957609,427.626273237236
13,5,-7.37157767572554,-8.066444189029056,-7.287980262484443,-5.605524900910666,-6.914704214346928,-3.721794821982621,-1.7967381216132396,-11.553639364609415,-4.202763712267487,447.70348133834
13,6,-10.756753516495026,-7.874759494414533,-5.110594628079383,-5.269650827372165,-8.63618925939973,-6.307280206562528,-1.4185998557063157,-7.892921413637069,-3.5221491750558664,434.71677309671225
13,7,-4.807498457297097,-7.97034499844697,-8.366076193114935,-6.430350868139534,-8.033645972744775,-3.252857211233203,-2.918346504460395,-12.022028819877441,-4.289763566841145,449.4714965032129
13,8,-7.894202099273758,-9.00381208919682,-8.685416867236201,-4.859468522533372,-8.665421063474401,-7.272103624515649,-1.7134258586891724,-12.259776342474789,-2.4055321959489806,469.02305477413813
13,9,-5.4443284724589756,-8.783468575166692,-7.894037816133001,-5.6229250634045735,-7.299326537998867,-4.5651207056927525,0.920953756095837,-11.955529215900503,-3.6530569180958707,424.4742882805329
13,10,-8.631741492049287,-9.189534163566686,-9.97626039524153,-5.13154773921175,-7.803655759224313,-4.58237532158929,-0.8124178587180647,-7.487972445480615,-2.955495790673183,430.60369107080083
13,11,-3.1622077278044847,-5.230007278059471,-4.280833930415269,-5.017345394212203,-10.207881264772931,-4.8331592344707595,-3.2962425247090685,-6.133235064272348,-4.049650045344672,445.21831047994056
13,12,-5.930181406514842,-5.8371136637144465,-6.374988074980012,-3.3736330806597032,-10.724593744817307,-2.6812820373401225,-0.007455528531866817,-9.90053998286218,-4.911937876239556,455.99764451546747
13,13,-7.962639043134812,-12.327186588365123,-7.5757298156050386,-5.253407496728088,-7.152820569410865,-3.5666181444042064,-2.65298899768115,-9.680731415269499,-2.63857162166315,441.91438266835576
13,14,-9.802455806761646,-9.383993338475262,-8.380783901279782,-3.4063640643791713,-11.22553682399585,-4.058332721095635,4.575907526118449,-11.715069019302607,-3.6623050723039845,895.6028859461645
13,15,-8.772371624898433,-9.161529861979673,-9.752696172452504,-4.608356476096735,-9.454617632953045,-2.3385406272449756,-2.2087952868936562,-10.340941208591541,-3.265008080867281,430.49449001038175
13,16,-4.355100443881315,-9.185972673690433,-6.874151136134581,-4.505086763293693,-7.974931035464456,-6.086326944388597,-1.257076100870016,-9.679507241638674,-2.8604611122381103,433.1444165988186
13,17,-6.681903484759641,-8.23141796215965,-7.491175586357826,-4.734509314304697,-7.951192883378117,-5.511507728663557,-1.465020158035643,-6.394916538542194,-4.860425320956633,456.9209063995803
13,18,-9.63989970241007,-7.910765372473923,-5.685122534353296,-2.735752473460349,-10.154718566328372,-3.6197984880793648,-2.601651731196263,-9.79965157338179,-3.8343100385216475,441.46921066637805
13,19,-9.023414168674048,-8.107505469944437,-5.143338056974323,-4.551991083426567,-7.948547838993325,-5.248188898430495,0.8111406074161784,-11.458147239317773,-4.657973448144693,448.05252049337577
13,20,-6.30656178898697,-7.963151580379443,-6.247160910569592,-5.800652121764102,-6.359987049426275,-3.1223803500043688,-3.42836115926708,-8.930185117008843,-3.4301661203533165,433.7126711899978
13,21,-7.17810511283228,-5.872560466111989,-6.094829889532865,-5.317126824445726,-9.191001909951565,-1.8846103014080304,2.780709491912756,-14.424514730092483,-3.0882026112271777,2371.2260865788385
13,22,-5.874948171818366,-7.690696162969672,-9.075152288951676,-7.357622246092166,-6.990179632979261,-5.402774942873014,1.7572566679130825,-10.070792999961904,-4.757440466062727,433.5810163487647
13,23,-8.215293551115892,-8.04282516998307,-9.763213779400619,-4.626399137717929,-8.367784893080728,-4.25828493844072,-0.23600150107464513,-7.064681069555979,-3.785038863234982,437.20494911019966
14,0,-8.962073714102564,-8.200874758010613,-9.855623794644695,-6.447730517757157,-7.664002583581724,-4.197442607784297,-0.3354588948548228,-11.036158881343994,-3.6803574433762534,435.41551144228384
14,1,-5.106623780640918,-9.45537334460016,-9.47899193111244,-4.878169241666141,-6.453513831514933,-2.7828395246936655,-2.7951696821567733,-9.290140439406924,-3.4532326924949883,433.8573877877174
14,2,-7.975870558423515,-9.65543488186181,-8.32450109082908,-6.714833768456081,-9.93760786773904,-3.12896881024985,-1.2878221749895702,-8.904812734560043,-3.821137245145626,440.0998993601239
14,3,-7.564390943091268,-8.590573011110223,-5.9272608790378385,-4.768898101318693,-11.036043796878772,-6.438596476225742,-0.10324645662496434,-8.14912415110248,-3.3530222234925837,429.07377326699094
14,4,-9.588343251617076,-8.93810761000249,-10.517787813783947,-5.357322650995882,-6.15105852903663,-1.9897536918852414,0.6741204164242148,-11.751280924539452,-3.8858597729745306,432.43983345636696
14,5,-5.225999656120289,-4.695169838639542,-7.410820793966207,-5.713665646719595,-5.473331224159704,-5.037249565134147,-0.787162757811214,-10.476279867149717,-2.8649851893071228,432.7629420728708
14,6,-9.191422302757196,-7.991536970407523,-8.753905321107721,-4.684500316996655,-7.835127293951795,-3.47206606169628,1.8432842539348755,-7.482296539222687,-3.084642210825561,560.4076435526758
14,7,-7.5621550990298285,-8.439481421986619,-6.2963505944375395,-4.046159070331979,-7.934229821053632,-3.858869101470088,-2.136169623397174,-11.968270768828152,-2.683287348487295,439.62431807637995
14,8,-5.436297340135241,-7.616421412338787,-5.646833172491971,-6.399658225425117,-6.94868502331105,-5.712372677894465,-0.8853325712249616,-12.946414723381455,-3.0870646372933837,429.6598951358327
14,9,-6.506713164914196,-12.121363885555857,-9.780103036363931,-7.1638491312837225,-4.3381889962096,-5.176957330601421,1.6811616899719972,-10.470926735742472,-3.4759304234087725,430.776582253231
14,10,-6.585874033711383,-10.475430381575512,-7.5309257195793755,-5.013436631173981,-8.580839900535794,-4.9628164348374595,2.974942688552792,-12.150302285820732,-3.17893933502092,2198.847251081319
14,11,-7.26916887284876,-9.026753856471762,-6.1885867002775035,-4.323779945053496,-7.7497299162801605,-7.677637560364767,2.006047931135934,-13.017230662335436,-3.2563393306213304,581.3510247916028
14,12,-4.908987055104417,-8.842327096855374,-8.919072714214252,-5.841468647481705,-8.231193667128752,-4.050570509290406,0.363899366755419,-11.724781803759171,-3.9713711382985037,437.8107159388934
14,13,-6.8551332091793205,-9.35910924531973,-8.593752293946306,-5.939500000763273,-5.457656783593572,-3.1433534726865604,-1.4468032908354806,-13.354426918598145,-3.296397105360231,430.8967963726198
14,14,-10.050211213661287,-8.621392612616301,-9.77394382457838,-6.5675511001552405,-7.201265674267736,-2.5858382456646716,2.548975128583578,-6.337371978403244,-3.0889548819105115,1666.7499830194392
14,15,-9.223415529268976,-7.543301318450913,-5.78905016484874,-4.927961576353438,-8.573839384104609,-1.6988676661873137,-2.2078937940125174,-8.884685654903263,-3.742092437949169,439.003315684634
14,16,-5.270368891181731,-10.308341934242065,-7.957707038832104,-3.161883743426816,-8.428255181734624,-4.196205777361085,-4.188942221042544,-8.689457867121003,-4.06119292523028,445.81132987641985
14,17,-6.833410605463595,-6.4181504513105665,-7.145057713813585,-6.888195802977508,-7.004301204381916,-5.503499020317197,-2.453637508301174,-9.069482420708473,-4.000509084011547,444.2995874521858
14,18,-4.068012909049162,-10.13511838531732,-7.260784509069612,-5.687030052736245,-9.214656460168452,-5.249975737760742,1.00994539118454,-9.296446935748781,-2.399334691498461,549.3138522075726
14,19,-6.081798047093295,-8.674606009121172,-9.792036528796658,-4.8595847349100305,-7.718008806624785,-3.9413870753432962,-0.8542105294155082,-12.343764495126528,-3.38909056070564,431.5954080251087
14,20,-7.262056736934473,-4.70343994260052,-6.048764243239889,-5.9274142615260965,-7.554269859598163,-4.797478665030072,-0.7605804697215657,-9.995804459229012,-3.542224122747573,433.9505041673985
14,21,-9.369949202174022,-10.491573285449476,-7.023027715795595,-5.587150579083008,-10.256469983902235,-5.749194264765773,3.0060255502825695,-8.397446023618187,-3.2129980997155783,2094.414785063565
14,22,-9.474823591906475,-9.115657758194175,-10.206046419274188,-3.6702936955148253,-9.356605951360303,-3.463718039414065,1.0635726696098882,-12.142415785759031,-3.207255350868067,420.99042018078376
14,23,-10.02006232470049,-10.262493567615357,-7.129250191312724,-3.9985071952513254,-10.593673910268052,-5.7854835012354515,1.0172117265733345,-9.619428469307739,-3.6329047551794185,422.8217722024762
14,24,-7.123303042478433,-6.405816358100778,-7.908503390052049,-6.979100455821271,-6.293741608339781,-4.157276739977501,-1.1381129703785198,-9.518538010756025,-2.9654403740531805,430.5747058245239
14,25,-6.346731345240202,-7.68248334006435,-7.669799551963152,-5.691989951322046,-6.585113387529653,-3.7498826594080805,1.1220858804828469,-12.36627991089229,-3.307591624905099,419.6124439150642
14,26,-6.40717122589612,-7.138268460350754,-5.4143430946668,-6.337771529989357,-4.514145445279268,-6.6314550480594505,-1.4888821374791645,-6.290274058865597,-4.379262978445634,450.4360853654251
14,27,-8.000885500981422,-5.343299075891373,-9.241657581270676,-5.871602395479764,-7.272547558646642,-3.552221904362047,-0.09320206691467486,-9.493314828476327,-3.3406232173948536,428.4548591672245
14,28,-6.011438134623573,-8.907583780077553,-6.230435802478709,-4.44948450069373,-10.545012442466993,-4.8372662660285615,2.064660976117961,-7.769876575006337,-4.453764722291414,422.4705927900951
15,0,-8.978496017431837,-8.980747516048604,-7.988370571631939,-4.017050131427821,-8.824963385033374,-5.537634618777526,0.37612513348315113,-13.248295774641182,-3.9140587076796174,436.58951863921953
15,1,-6.109305502912248,-9.946599064046351,-8.506440853948646,-4.5576009741506205,-10.764414538631309,-3.5994945194486183,4.023475117497467,-9.172922750313194,-4.725867939795219,550.7251992277701
15,2,-9.35429218631927,-7.1976106331668355,-8.461214913936619,-5.15754178254514,-7.2706246985292875,-8.426715047048592,0.21241231300132424,-9.600140705100555,-2.8929084943011327,431.47071035174554
15,3,-7.679580614644618,-8.689782994056962,-6.048687637772705,-6.076528416673501,-8.325846790626773,-4.9278105884805665,0.9668344042219915,-9.705911446256728,-3.513694927079201,421.6794158512388
15,4,-8.518925051125155,-9.445378026104375,-5.677984030955699,-4.759128763489568,-10.574609235211199,-4.022731396977972,1.926306792289841,-7.350151014746751,-3.136921024969642,588.0795917121087
15,5,-8.234814850612077,-8.401773790589921,-7.214270651255129,-4.907859768034499,-8.551020390662329,-4.02036887633478,-3.7134873290125654,-9.713015239259132,-4.250582977884048,448.9452930105168
15,6,-6.9487601550161,-9.661468157818737,-9.662443055210867,-7.524509739142653,-5.976827321982704,-6.777139642309708,-0.392657821460757,-12.704092911262487,-3.804226502234141,438.1420539669536
15,7,-9.145607025147068,-7.216113797665957,-8.939659343861534,-5.4038117746393945,-7.579919806245563,-4.364559894336637,1.0911418208982313,-13.635464546654257,-3.7369815151869017,423.40223864405846
15,8,-6.385937340489742,-7.5610273214163275,-7.2316105538429385,-5.690778305249678,-8.53690562974665,-6.7865560602113515,1.769167516955819,-8.311826455021604,-4.2876550483958304,422.2029047070955
15,9,-6.274652470388216,-7.19847180011336,-3.9693931963690967,-4.803341868026635,-8.961223286635743,-4.798021269054567,1.8829019064948234,-8.893220698058933,-3.923867025942097,422.67387758139057
15,10,-7.407314058827525,-7.737310735677456,-6.025212896106558,-5.467628111582907,-7.723374645014405,-5.062846278213121,0.1445663539716205,-10.398206481133293,-3.198008979071333,426.63941859212775
15,11,-6.326255594847376,-6.304115733642177,-7.6634706662856225,-5.695049131487942,-5.771807209959871,-3.3779432638201645,1.3478437101049732,-11.260809745934244,-4.0054089798183545,424.2494441177632
15,12,-8.13970618623876,-8.401673606241772,-5.902805164331125,-5.99625159174862,-8.07833442063911,-6.491405707550507,0.45014516955102524,-8.222960852829743,-4.0691023052513255,439.34219749840275
15,13,-9.712667735530331,-7.030028931255616,-6.198740862498076,-4.157005903690414,-10.408452766799972,-4.91919693326517,2.602157328547823,-13.151506553776436,-3.373433449235892,1187.0040315345345
15,14,-5.433230108858549,-7.7888687232327465,-7.357484305464881,-5.997542204909696,-8.058403988117398,-7.26671771071687,-1.0319386860439226,-7.685945623546663,-3.420219921223842,432.5134503989358
15,15,-7.074386340487377,-9.086343035003225,-6.93685465493172,-4.837825562668833,-9.04296649072472,-5.933408487570642,-2.1418844770007697,-12.522306195463829,-3.613874385856955,436.8777944485066
15,16,-7.866652729017506,-8.304337002386715,-8.166266791074575,-3.8682348651191223,-8.324798567923319,-1.7299012539043521,-1.7956542371874913,-9.087238109008386,-3.049024262574349,427.15957543169634
15,17,-8.12086272124028,-9.729253999670668,-8.761143114761166,-2.9535686342948324,-8.68558457028905,-3.8334429069890423,0.2195962726228179,-8.9941063046745,-4.104322979927677,441.8129038414071
15,18,-8.210490589309135,-9.246694748932667,-8.198142636881459,-5.636261884771988,-7.382573018504469,-3.4713832475694733,2.455094174004949,-10.230073870417627,-3.8914871951163263,541.6018022654291
15,19,-9.114663060944435,-7.544387457967753,-7.89258749506645,-6.574494878011557,-8.1362781784619,-4.030913106524321,0.31785537396056357,-13.62437517522485,-3.1703152381478965,425.4166152853018
15,20,-8.60892721894775,-9.608449830340346,-10.856237006576501,-7.054812984550791,-7.652660939230056,-4.735667211622334,2.428334391344585,-12.727854257530572,-2.1951375409739597,7501.579167528884
15,21,-6.63836296243246,-7.63455155876159,-9.200622214720461,-4.617445217583097,-8.079728529533403,-3.2401245601662314,2.7527639914534854,-11.477722531222593,-3.4085070675753757,1396.65656953442
15,22,-6.876411677400483,-9.87138513960725,-10.28341847508673,-4.710147695510525,-8.02361391666279,-3.8666763181650374,3.6963134959157093,-11.52459479170197,-3.618160248827914,2586.6139478508812
15,23,-7.703168692049411,-8.205996003620392,-6.122383123229407,-4.821768536571453,-8.716062971361348,-4.926817291580905,-0.83783574396466,-7.672752389841403,-3.2125064134944887,429.8120374443557
15,24,-6.248543105960593,-6.061575643448283,-9.727313119334607,-3.3143010548805734,-8.446246381941448,-1.8780610459805218,0.9181573866267981,-11.110674046243172,-4.1672784396404,436.1328051600922
15,25,-6.367616615403842,-7.466760303249605,-9.172946300775255,-6.960491100655245,-4.507976262627346,-4.701230904847222,-2.207046411618387,-12.090804192294055,-2.716820200417898,438.3183554230854
15,26,-8.012369251066838,-9.281021322703584,-8.816542896732548,-3.2994647982401526,-8.754488770351486,-4.6004308360266615,-0.3377188058091223,-12.10527897506617,-2.3878161377562988,477.1910380024585
15,27,-7.523135109544904,-9.47929023518219,-5.936498043693822,-4.9352848008428,-8.496958657688129,-5.162634385845637,0.010221812877850955,-8.027780021619094,-4.158846651727432,443.83813759388175
15,28,-8.352669486497394,-10.87269710745065,-9.607701754241203,-3.5847504613568457,-9.714292008966458,-7.187023306059409,0.2808920857500833,-13.164737758670691,-2.7906853159224987,436.57244204012864
16,0,-8.352658130083235,-7.108064340237667,-6.330514799669635,-6.446956544282582,-7.010466335773835,-4.02969571261433,0.8691204914446998,-8.375657471983963,-3.9642407001858757,432.1748734145033
16,1,-5.5031827022397,-7.0660682258325815,-4.391471157626322,-5.178316528051123,-7.722683101183336,-7.535885252199434,0.4001658024394978,-12.232640861251557,-3.090174649723442,426.0604319584461
16,2,-8.70991296735377,-7.549368721699558,-6.5332210505389865,-5.521454745447914,-8.61813480550039,-2.3748378383666875,0.05589164040166972,-14.97787076288223,-3.5866582540468386,431.28396808908155
16,3,-9.599349910368469,-8.295208150647415,-9.000436420751255,-3.8447061381339793,-7.581906175621694,-4.940024128801287,3.2816411420090437,-9.479545397457745,-3.2766061305657597,2672.963147719857
16,4,-7.360485368032215,-8.418827952114858,-5.0622529017704965,-5.40405939732497,-9.031579203084236,-5.599050799887304,1.3744080197270243,-8.930473694934808,-3.6900931174259277,418.5670318376805
16,5,-5.578942792941979,-7.606524702670703,-8.259879632743795,-4.966255662231284,-7.980935719460619,-7.033694799173889,3.3417159686973195,-11.061671331294132,-3.426972523834344,2286.396300787934
16,6,-8.348789476763178,-8.525939309889122,-7.773819252216867,-4.350495984577959,-8.947824641374986,-5.080400621155582,0.5024714262439437,-11.636636027550425,-4.091715050550002,439.41455847032955
16,7,-6.8068471763150455,-8.908579448695264,-5.480967188989593,-6.644825235724327,-6.349373618231446,-6.441071490744493,-0.17946605287743767,-6.538336321268693,-2.8139301479137786,434.7025574312446
16,8,-6.633458467033936,-5.131210609904151,-7.335001352712185,-4.131103435244471,-8.703065115507895,-3.506410834776418,-0.576892673314571,-7.735704376017601,-3.310264599130022,429.8023207807667
16,9,-6.633344313102849,-7.974523126485054,-8.550595389012134,-5.677829627673337,-9.08026468261358,-3.5997473910108155,0.21328015146354495,-9.601679304104064,-3.0396875635930045,426.62151865933174
16,10,-7.270990654947682,-8.67935039741289,-6.908503155769199,-8.0681208995449,-8.613877457635622,-4.965598450007056,1.1172784375606337,-12.438620051626971,-4.089550271193368,431.16135741895476
16,11,-7.564298156489591,-7.559852147073093,-8.650145253952186,-3.859514367047352,-8.70035185466444,-2.8495904861941037,-0.6153634619083688,-11.62424612101668,-2.4796747022094223,456.50969428431495
16,12,-8.652132899035633,-11.56733225746994,-7.86690516051375,-4.471381904615238,-8.748242549679537,-6.272678762115426,1.0724979248105133,-11.07687767910627,-2.8149694213759444,450.97760854307404
16,13,-7.086134943384092,-8.09146606161512,-7.405035586180674,-4.619351305561668,-7.63415536686268,-3.5010556837473166,-0.9503507438821184,-11.300821432728414,-3.6135903688927753,435.6028971464174
16,14,-5.576762501538614,-7.110043414855701,-6.918021401655299,-4.880688987962038,-9.32351448058727,-4.904328988131485,0.29903789292518557,-11.719521132280413,-3.3363378145654017,426.47393147909736
16,15,-3.6568111615471133,-8.377265914073487,-7.932921302008957,-5.590074292758376,-6.955272982626289,-4.216355446607939,-0.9022851257717683,-7.137191840294262,-2.944841352299897,430.5187258168681
16,16,-7.942448005220428,-7.1326437546219035,-5.005898579278688,-5.887231743669164,-6.323307005826379,-4.601091671038981,-0.9121057498700051,-9.80321391182952,-4.485455534489898,451.6059665153223
16,17,-5.003319629725972,-7.1416427622185825,-7.695696210331266,-6.187468571578337,-6.9811260250276685,-5.2378279508658165,-1.7999661209757778,-9.554034373400135,-2.603894522990151,446.14362289159027
16,18,-8.089848706870137,-6.841109074888221,-8.131214270870334,-5.526542194070005,-7.831582373958958,-3.452612935415283,-0.9216975861080776,-10.73142203215832,-2.926257844058254,430.53042552598157
16,19,-6.923018392406011,-8.05558330270767,-6.516258868007622,-6.783058918927652,-11.01415955366313,-5.978950646995483,4.183406823528385,-12.289499541789244,-4.6175855959975065,532.1119439092121
16,20,-9.182846474102883,-11.580226525332503,-8.365905453830608,-5.333377947028514,-10.730137559741735,-4.888049865599632,2.114900102130193,-10.519964640628547,-3.2779601651164594,645.5650366684375
16,21,-8.556269587540658,-7.586018335137477,-10.22225201128279,-4.526491285182264,-8.73147393920518,-3.6997216306702185,0.17964076282715202,-7.899984077963448,-4.343357048554692,446.59476078222974
16,22,-8.327936530846166,-5.353587891010678,-6.7191327797444655,-6.102084199283939,-8.708376571684312,-3.922198219468778,1.912518819823822,-9.788734785808286,-2.8129324786551937,823.9042438009925
16,23,-6.996045359197728,-8.441286473798092,-4.605286690605765,-4.3488323391911665,-7.097553536925172,-6.491751807677917,-1.5373274568871622,-8.736543944854402,-3.7164311920995563,438.4679702937743
16,24,-4.020656110047188,-5.316276996436612,-5.544317088666809,-6.85139345917188,-3.3810512691024046,-6.351162211740858,-0.6825922597032741,-9.591020733621457,-4.897851955006933,456.762894883379
16,25,-8.392341463726765,-8.936050176048928,-9.372973456302326,-5.588602741611332,-8.402750826269516,-4.062148826721687,1.4398626644440928,-11.38964891079118,-3.1724322371840294,435.43660724983096
16,26,-7.663398403002019,-7.545929877120618,-7.306766093891471,-5.97622056678477,-7.43236406754951,-5.993723698468223,1.954659451588002,-10.930349044619144,-3.6572576141073028,449.87057905648487
16,27,-7.328724780449885,-7.44185682739881,-7.330789361705247,-7.888179441729942,-6.857626301002735,-5.776652819377223,0.102316018864263,-11.243943562548548,-3.148592272416953,426.92732918861395
16,28,-6.036473277560988,-6.689675611905828,-4.28101247867792,-6.990584701775417,-7.874117413905917,-6.204458180628627,2.64052678582343,-12.08290100893649,-3.685927451222911,817.400159386264
16,29,-6.461259491477391,-7.508402313370821,-6.355092101600021,-4.562492568409226,-7.840792964532351,-5.5464365935889335,-0.6357258207771952,-8.403182325373148,-4.702271350861988,454.3568040801339
17,0,-4.514328922221631,-6.876965736714404,-6.164756766252158,-4.476572065182653,-6.875947537979442,-4.782453141003297,0.07088957549373648,-9.972597071774246,-3.2564407595198928,427.1340250296562
17,1,-7.880867557465999,-7.994525358563211,-6.669623771087537,-6.690993244112557,-6.572643228688789,-4.693155557110869,1.4196197828800483,-12.12438363974123,-3.778863843739541,418.88278832026106
17,2,-7.975201494124921,-7.322301073715276,-7.348380176724323,-3.6484851737832193,-10.711111357161444,-5.830760713594466,1.6931769001122245,-10.78646948188367,-4.569260739646766,430.5406216833226
17,3,-5.295107698565673,-6.014054217250719,-8.39385052729011,-6.360688312514651,-8.944449311799529,-6.296906608301743,0.2505339139381242,-8.293204283223952,-4.058036469749037,440.48258913473006
17,4,-6.340209839321446,-7.373004861862682,-6.0523724519988376,-5.788762887344963,-9.734525678977047,-4.713521577712364,0.20403313248951568,-10.47335604594078,-3.4429182343757954,428.46560563225324
17,5,-7.5804092151681495,-8.799880252085194,-8.842920692049212,-5.356502499996869,-7.1068032289445515,-4.633909412528419,0.9710796037335531,-9.120341922815559,-3.325379061389191,420.55921585242277
17,6,-5.941741854130089,-11.011848522374416,-6.201927511954395,-4.822277665041287,-7.647984632027756,-4.053733105903826,0.9260786971248186,-9.389132702849432,-3.2479422539194176,421.0479976919406
17,7,-4.993764430527026,-7.078789160584223,-6.5917603444171915,-5.089692367337511,-8.899740783702974,-7.625273188555791,0.3879727514733202,-8.959108060492156,-3.542388827685593,428.75824093335063
17,8,-3.5245480292932077,-5.988283611385449,-3.2287097647235528,-5.129125438746921,-6.306626210077221,-7.806696497236445,-1.1194169795643658,-6.795111855388925,-3.455043701202091,433.12116620234315
17,9,-7.391352713648537,-9.216787961201993,-7.25825824679747,-7.114283702596172,-8.799623374147286,-5.113867033040322,2.0895019685316605,-11.407753287735945,-4.154395120922667,426.4277249095255
17,10,-6.29862682641462,-8.856236976586995,-3.398854488937117,-5.196071617696432,-10.199772399882907,-7.44237914352764,0.5443288140991174,-11.482936812045416,-2.544521477129124,468.2142683243376
17,11,-7.0442161725762915,-6.311990291170453,-8.004381275633161,-6.415135737853955,-7.815054075556558,-4.7273955943824495,-1.4678218801946366,-9.412435515911998,-3.1333985467089405,430.18514498538
17,12,-9.07982382544008,-9.875398923505063,-7.6261606872839565,-3.7660812968750323,-10.000542094022196,-2.3946477888166227,0.32387068561390847,-11.919210805972801,-2.0485908458899473,594.7998200586835
17,13,-5.746652918773828,-10.178272529359207,-7.037998835073573,-4.549488829575154,-6.755099270156499,-4.813915683532557,3.034310991373276,-10.82988642812239,-4.3712475687654715,523.9760414188473
17,14,-7.070354888807851,-5.744061124173076,-6.538276478927667,-6.765452658676389,-6.9700137994751135,-3.9828687202723185,0.27266988451633684,-11.47850167711868,-2.932502516565121,429.21794039613866
17,15,-7.311191221855755,-8.038644074115753,-7.197193149194021,-5.436456919489299,-8.041959952179734,-6.636593911969237,-0.022703521634100443,-10.764341837479842,-3.71353136743085,434.8474818961866
17,16,-7.007979503723175,-7.207318902263385,-7.435649967096326,-5.103705371797776,-8.741383000791066,-4.663600426962437,0.11876337151478736,-10.205927381887685,-3.179555511240283,426.67520606553853
17,17,-7.381729006045521,-5.528119776403546,-7.605239916430714,-5.952229748254581,-8.163727238619478,-3.4697775320670172,0.23371703612453945,-12.656930901193382,-2.236207573433892,527.1989554322629
17,18,-5.82724700737014,-6.6858480691982205,-6.3354988410372,-7.3601304602143145,-8.608854814884513,-3.0978163014220947,1.800671198690463,-10.344892952562246,-2.667585973361494,819.9306147716679
17,19,-10.212801206513879,-9.651572704511047,-5.149481656780376,-6.477753325103702,-8.866079520832134,-4.41101323970319,0.7009625473257521,-11.701537456955041,-4.019892540960929,435.7515212318089
17,20,-5.292604923952243,-7.080985790361119,-5.666209482662788,-5.679353200502809,-9.506916469976549,-5.672300602442923,1.571928625650727,-9.244749285452274,-3.7851200564085907,417.90497812081395
17,21,-7.277619246264092,-6.459321704475667,-6.678299307242117,-4.890670800947424,-6.635564508143001,-7.740035858981013,1.3684048667258244,-7.679077514204707,-2.703899460276249,519.2645858137374
17,22,-5.669248413517188,-5.72308583708862,-8.125982478139933,-5.4236078961445555,-9.478233517682458,-3.864414987593255,0.7080578003679389,-7.147444352037741,-3.7851440516323036,430.1381268932736
17,23,-5.298599489954276,-7.622463882521803,-5.354060900753539,-4.8584179450852965,-9.72960113982855,-6.204496861664728,2.318588202215467,-7.777561861044168,-4.217748491746738,443.8120166020664
17,24,-5.670298156488893,-7.413269184608997,-7.394167838625761,-6.571898512729346,-8.786233178099518,-7.495776886484773,0.8794444351080083,-10.481647741630692,-2.94122540774263,431.8566466345595
17,25,-5.782872641583033,-5.531751109024672,-2.712640147675856,-4.027048492520596,-10.610343077683366,-5.654774522687887,-0.5947370818084875,-7.6902964849477495,-3.1688561908129156,429.36157979399957
17,26,-5.8615766254156805,-8.536639630370104,-6.735654766350641,-5.83186428860328,-8.327115263122476,-4.310586352004079,-0.21799267613548978,-9.60789359940699,-3.3483879563419987,429.3027425178875
18,0,-5.788301968755267,-6.66359820532075,-5.223983109616146,-5.958117714128129,-7.690132083983264,-7.274187430477818,2.324647964980311,-9.341829496127916,-3.5385087403746422,647.0371529282698
18,1,-5.201742116370162,-5.311987384664768,-7.005320444519233,-7.066982548052567,-6.350828428761008,-6.900923361001116,0.14098835369574236,-9.347351854864453,-3.8268691907326837,436.2212760349558
18,2,-3.913180151231691,-9.555445382131861,-6.836994075140942,-5.957699467482309,-7.025024464945444,-3.9175436836819344,-0.5797320512241362,-9.590571353968715,-3.2237873386895393,428.9777230472198
18,3,-6.922785479357131,-6.9420503247680205,-6.004761134235506,-5.163475389029495,-10.024411163397758,-5.429012406729925,1.213044254051232,-11.933436816821834,-4.236664104826236,433.0273776759449
18,4,-5.594543745890679,-8.384393252410149,-5.88498982144956,-5.640857521898102,-8.782364217636122,-4.603786974540618,1.6312876364803504,-10.235152034111477,-3.8800154679381267,418.066881154006
18,5,-7.21018266795455,-8.70281582698922,-5.599422303968667,-7.840845408152777,-6.904898960869223,-5.0268076361183365,1.6691948694103225,-10.015269040280518,-3.970957875565151,418.63170117099884
18,6,-7.287366848902066,-8.438734598914408,-9.063395465402255,-5.227294094917219,-6.331880796127458,-4.442287373551632,0.7090787242098808,-10.373496894171481,-3.630508188357903,426.9673901872472
18,7,-6.297493526900853,-7.332677446674029,-8.737744755563856,-4.829326574376885,-8.233976392411584,-1.543281919738162,1.140949537576071,-11.587102978163392,-3.506674100310955,415.6405266250232
18,8,-8.498882700599538,-8.808421984751785,-6.765267801305528,-7.139952262836846,-8.320739433791974,-4.154795124811617,1.1470725657123355,-10.254203974370107,-3.524507265933626,419.3818194382553
18,9,-4.951097246270096,-6.576940748147983,-5.249562433151755,-6.055552113607066,-8.31807995638253,-4.5463024362215245,2.1827987433076586,-10.730974998120708,-3.719945955305904,494.9670542907742
18,10,-5.37748167230145,-7.838827499419136,-9.920184919610543,-5.5414626530452695,-8.631340994749376,-5.353214518463334,-0.7475707533188656,-9.893983142117126,-3.8835892327309303,440.5959822209925
18,11,-7.905115917421355,-7.526979142629781,-7.315486863003941,-6.25904898087864,-8.763498218839935,-6.521992541059113,0.010228295676893762,-9.646472270315762,-3.7919746134891414,436.283581685165
18,12,-5.620700997822684,-8.010869630597051,-7.208517694810613,-5.480742910899819,-7.375220371543725,-5.367044726703189,-0.7543623588138268,-8.79885093206919,-2.9244320589523873,431.29059229161925
18,13,-7.363870350465136,-10.344704725550079,-5.744240976181834,-6.681087706469901,-7.706356792277071,-4.686090071346562,0.8029994206651653,-10.740924220371408,-3.428235389903475,422.6968015417723
18,14,-7.699988749548745,-8.896217460110364,-7.248597159220233,-5.627523680314426,-7.612454626193772,-6.193455839039342,-0.05574397114031138,-10.51122478033453,-3.4769947609105416,430.5908195038195
18,15,-7.538961556837385,-6.407599310007382,-6.405775359045818,-4.006250561708631,-10.666183515822079,-5.15179613606805,1.243739818342596,-9.175558190947369,-3.5751751244241614,418.96210886733644
18,16,-6.086285546707037,-7.980408433121613,-6.812541502942908,-5.831491904606889,-7.973530037827452,-6.870925665233034,0.6643068130348189,-9.385165361253138,-3.1856495914347014,423.6315895557549
18,17,-7.498221682637659,-8.342730963197617,-6.69790114316123,-5.309330294207023,-9.833652379613337,-4.65026148053009,0.05174367082372777,-10.00512422545037,-3.0999167932859333,427.1930438486796
18,18,-8.316879621713765,-6.766968592038564,-5.30792273288917,-5.201147031261076,-9.170967101456496,-5.8341264436211215,-0.023947342821761364,-9.85429819095787,-3.7220555231528,435.02957737150706
18,19,-5.953612429997585,-6.9518516243137976,-6.020860410396725,-6.48101738347875,-7.348793421922628,-5.521595319657922,2.30649043575362,-11.38973049352428,-4.010288933439892,468.2939623747292
18,20,-4.692240176047532,-6.623797782768239,-5.8252420261066264,-7.581978818247196,-6.62070037396332,-5.3646608728180665,1.1184767132896898,-9.6658107936487,-3.209349256111607,422.3008504739287
18,21,-4.157291965019448,-9.739403523430118,-7.910991715059928,-5.544423495610412,-7.141545055166571,-5.410543666884118,1.2428421728396049,-10.43086231582537,-2.902436001350365,451.53365828640165
18,22,-7.655801335955674,-6.971895904011097,-6.672852180061357,-6.379332830736935,-6.254097160056299,-3.6808498623946577,3.1569160790825608,-10.608782508356171,-3.179394129905187,2563.8498065703807
18,23,-5.445285734294194,-6.9408305081169575,-5.81208981704527,-6.6495898223304,-9.739577410373258,-5.041972016154632,-0.7514962678446522,-9.25292903942362,-2.849177549916714,433.2434913528133
18,24,-7.665688988692939,-7.4088216704307985,-8.139478114379974,-5.935395339948623,-8.68741314382966,-5.259874412696555,1.3008131343069333,-10.689621493304143,-3.795357572712834,420.9954731365999
18,25,-8.014185212996729,-8.087687200778474,-8.004225620767146,-3.3183525568528442,-9.237519023188819,-5.033550897437312,-1.03999967369729,-11.234931506044878,-2.720559382316825,438.5631816582714
18,26,-6.221474517759455,-7.982850117311915,-5.280190202073238,-5.580150422570574,-7.446611175486059,-5.1668034673238825,1.7706137052208593,-9.357423587658094,-3.2849847965206935,471.6027099817407
18,27,-7.795759297405901,-10.185194762698485,-8.151181222172818,-4.439367768054588,-9.109258240208666,-5.332865652474226,1.706980529997542,-11.325704357946355,-4.105974103686432,419.97825404243747
18,28,-7.259168658824442,-8.859479269241389,-6.308149135013062,-5.351632745543858,-8.252063189277736,-4.811528471176395,2.458794503292844,-11.329316018577893,-4.038798143781663,499.9330396153239
18,29,-3.7779061472897877,-6.826016177158304,-6.83465314199754,-5.297788521072773,-6.805546543895723,-5.235159626356108,-0.935861223818242,-10.279276563848516,-3.995266279104846,443.0240876455805
19,0,-7.554540051036918,-6.7974888617622415,-6.879533173649585,-5.762522658207911,-8.761556579424749,-5.843229486473905,0.29595017670374457,-8.622727508766136,-3.070269142830041,426.697131150597
19,1,-6.935067184355333,-8.802014540145588,-6.554977678890754,-5.331915181082928,-8.75450669753752,-3.8167503772390265,-0.3453402612616163,-12.473889101365682,-2.9661649494422804,429.41580151837275
19,2,-6.901316425878286,-5.265973647779417,-7.49521619441889,-6.498841449873844,-8.726048819649497,-4.2606665741041,1.9128224013343595,-9.693163138134006,-3.825310252564278,428.7140883019898
19,3,-6.06325924099194,-8.461238596778282,-7.063903214708868,-6.656454254400219,-8.742736349125735,-4.444392296640268,1.5970354361572434,-11.912465005433072,-4.097805884612587,421.40861757240486
19,4,-5.4707134031806195,-7.28994302121812,-6.975178054064279,-5.948890066616495,-9.710478565381258,-2.8559300079219874,1.4198641320826444,-10.214648757860223,-3.966080770446773,421.6661322545236
19,5,-6.464769386882377,-8.23117072805832,-5.736981995307603,-5.306362290888294,-6.823110316777316,-5.817135125944031,0.2975908947522369,-9.860602426113106,-3.6966445700237256,432.4951156311032
19,6,-8.195581472535412,-8.498677383028458,-8.836103714318131,-5.442066715234058,-8.85521083875332,-2.902270006251391,2.926161647623803,-12.133790425357075,-4.272006359867907,541.2728987823803
19,7,-5.795846980137688,-8.996844317220244,-6.315210203711084,-5.299935109495504,-6.69302272316835,-3.110987819184709,0.7020346250538901,-10.760119935605045,-3.254291272633117,421.8832138115956
19,8,-6.579145839268345,-6.370226896215983,-5.755345530401806,-5.2111070928935455,-8.963408519058628,-5.307043822569343,0.5135746468771558,-10.283815164729814,-3.4160951441511163,425.67385172994875
19,9,-4.857226318674783,-8.831348245290807,-8.635237318637564,-6.038272727896457,-7.05029173775717,-3.496910475508139,2.510738170029881,-12.306900804234742,-3.9177500687012943,555.9863405769798
19,10,-6.186669824179177,-6.965994895583119,-6.270533668957105,-6.806165510728574,-8.034942618759505,-3.866171153305195,3.0187138647957608,-11.230694353643846,-3.6099595290739606,1092.5963236443454
19,11,-7.164258891616308,-8.437260203120088,-7.48389030670231,-3.78895388218217,-10.46093367367532,-3.3268977387962555,1.4020946410073427,-9.332274175765919,-4.353154804786617,431.9636778321925
19,12,-5.898419404798796,-7.280470242030969,-6.94617166598256,-6.188534810913834,-9.417098005711917,-4.959058065816919,1.1962337527455869,-10.818712796652845,-4.186721468747648,432.0727854004528
19,13,-9.546677726496377,-6.979211791043984,-8.73675365645726,-4.828422717449248,-8.759960995664915,-4.434586451139564,0.8623762084190418,-10.875058712028773,-3.371085345451471,421.55378519442877
19,14,-6.418974883564923,-8.09115980022317,-6.3977921345963225,-6.028749208859642,-9.016774772136232,-5.235623239460645,2.053120625351485,-8.036514864967275,-3.700273384675184,463.12019417718915
19,15,-7.667839534467815,-6.656330753245923,-8.220067505653198,-5.851996123365977,-7.0966091368026785,-4.940471717524288,0.6329251999817401,-11.566926409378095,-4.081209318408213,437.8972605626336
19,16,-5.417516985970753,-9.6999576074725,-5.829964000463621,-5.631752915372581,-8.172565981216241,-3.39967389025285,1.4767380506146546,-10.666164186310066,-3.6877214184539207,417.237744128547
19,17,-6.659350743459313,-8.336094508324061,-5.705700447586274,-6.817415395462135,-7.692076588283629,-6.172766101538993,1.478188157969288,-7.634612640625865,-3.370640485539314,424.51760435958016
19,18,-9.104703261916217,-9.248233830478059,-7.192382458190416,-6.723795528705914,-9.131389929258148,-2.365628538142974,3.498106839976418,-10.249842888681414,-3.8641487829811267,1379.6098011126212
19,19,-7.743835664636567,-8.170421131310196,-6.6235943343068415,-5.964206855013503,-8.657415550015308,-3.9955115891200275,0.2734456737607176,-9.669001281817584,-3.433449517831237,427.7226277917037
19,20,-6.104902703283916,-7.9972952286702155,-7.617624601267504,-5.139976485760318,-9.406333545593927,-3.90035783957829,3.036852850569599,-9.085527257716215,-3.107964163867474,2558.4659990672326
19,21,-7.298294704982603,-6.2959550955129355,-6.477149393357766,-6.569207647426716,-7.314749564231686,-5.450999261136066,0.8564960330693057,-9.725887533889322,-3.203161969902427,422.3144281796792
19,22,-6.584931025791707,-8.370013512614523,-7.467056901032561,-3.616375055317623,-9.391733560441443,-3.5050028781029674,0.04095910570664785,-11.118654932233566,-3.720979412163113,434.59721552660966
19,23,-6.340064772895709,-9.092969422579584,-8.014006285646154,-5.69289502575456,-6.699511116568303,-2.12241542648475,1.1193591257043922,-10.194961308544462,-3.614690770412785,419.21294768283224
19,24,-5.924765254252264,-6.268130462045618,-6.865612137955662,-5.367758584013949,-8.690926978224278,-4.870061811786765,-0.3980350499084815,-8.161033102734091,-2.813439739048997,434.43399520177013
19,25,-4.863030861167877,-6.004779458039394,-6.2932218597405,-6.301065205025241,-9.164103059667863,-4.827623410829466,1.7525078899045803,-9.366745572306662,-3.666492444248471,424.9745286634522
19,26,-8.118328428939751,-8.237537631546658,-6.990671992892944,-6.416851364013508,-7.882167414383383,-3.924387591455428,1.5172040218817662,-9.781167167023991,-2.994318986576764,472.1113819382604
19,27,-7.0983556608069,-8.371206378040286,-5.703916281829068,-4.860877588657228,-8.655699252498003,-5.653717640745792,2.109329353472339,-11.643218593748255,-4.37342408690318,423.06891408111903
19,28,-9.12444752239384,-8.52743759238374,-8.168750056006111,-5.137225200459736,-9.0777945577284,-3.775710642047542,1.7775415992851156,-12.343105053201006,-3.6211177468455342,428.8701476915795
19,29,-7.9638860591273675,-9.468430347111296,-8.906080374689251,-5.620333685400351,-9.351862721182886,-3.6620870351678927,1.5985986172723992,-11.26650674002047,-4.178040343549552,423.0146209045772
20,0,-7.722977828520788,-8.73872308982013,-6.269191698775682,-6.444068160162362,-7.268720662419176,-6.472763019388985,1.5629061536064686,-11.419942670850308,-3.518263747194721,421.6853350733204
20,1,-7.979238584086589,-7.062867800864163,-8.242601355352413,-4.955228089902838,-10.309524167885769,-3.9027773840236675,0.3577878333426566,-11.712766375447174,-3.590588524441042,429.7598866893838
20,2,-5.858392927530925,-7.581926090109809,-7.067110057184382,-5.348142925356738,-7.8871706966791075,-3.1808311507582383,1.9187352211219197,-9.544437389351671,-3.6227226769149996,445.79995717791087
20,3,-6.871445117006525,-9.200475635556405,-5.865053860408987,-6.735692054100988,-6.636494159088233,-5.442774079083615,0.7359252605774381,-9.12280543827664,-3.299786797654595,422.673869387932
20,4,-7.006141562054261,-8.947277210947478,-6.192675796233512,-5.6373979348448495,-7.799266964036923,-5.284122984218705,1.8719590476787127,-10.162436407177294,-3.999091139293456,420.69964829828723
20,5,-6.60937798003834,-6.144023792863163,-5.810908728935657,-6.9302339081879225,-5.304826435765831,-4.416659376290765,0.10653729905274578,-10.045068868766478,-3.304273779486703,427.27857506335704
20,6,-6.542802653166276,-8.736022746061558,-6.086354335156173,-6.343855370937426,-9.504225842914437,-4.4507924908196355,2.726265998536754,-9.724715561676623,-4.025124637294669,627.96290128753
20,7,-6.732902729176902,-8.906524829058316,-6.745975518141004,-5.389021046718498,-8.669596586496269,-4.280028186457573,2.678212597280629,-11.658141117968992,-3.739368712671363,802.1569445302383
20,8,-8.038110064017918,-7.95916664866739,-6.428430785589742,-6.750328512693913,-7.607262844426636,-4.388875580607009,1.5381094906734105,-13.302295190329271,-3.7091643637088407,417.6981646952414
20,9,-8.911702908456741,-9.88034232523924,-7.286725250168178,-5.490853610287357,-6.539069815971842,-3.709706746073148,0.7445195778083312,-10.322887041900135,-3.4349453978014015,423.16261978017076
20,10,-6.675391217448595,-10.302167793237004,-6.529517765656282,-5.440342587503831,-7.420663715010164,-4.66417482804025,0.6866653091545076,-10.271209467344372,-3.399888882277198,423.68078488329115
20,11,-5.191131322149053,-7.958274701893039,-6.999937757535205,-5.057378014901087,-7.564991234913291,-4.159463463746403,1.8951661112811902,-10.615664326225604,-4.326311542914688,421.2381006582951
20,12,-7.275733911561731,-8.063375419186286,-7.249304266488038,-5.439872794889977,-7.708269748766998,-3.6343030694575056,0.410877193397612,-9.919201115551628,-4.070859869650555,439.643498128713
20,13,-7.043269775204381,-8.750979581168405,-7.7319609429115905,-6.194727666216894,-7.548129440802926,-3.6341068065942537,2.946893764995483,-12.90053146041887,-3.6963075457082284,949.8894780473038
20,14,-8.602748230012732,-7.05896581616159,-6.658479300662218,-4.963173683277299,-8.804755750423187,-4.846796606209208,0.6225217017318782,-9.894605338633134,-2.924755484588006,430.15668567137993
20,15,-5.200108445233531,-5.914739927946103,-6.044193790751112,-5.962705094976652,-8.333896747485532,-4.441238210739808,1.7851114593393445,-8.228000761862164,-4.151006991716558,419.75868946338176
20,16,-5.323561401040821,-9.588242039821909,-6.106773139648711,-5.7180312573388035,-8.582104566449077,-4.588073350699332,1.8305004862155072,-9.943312894510305,-3.4223555435986004,459.837592626679
20,17,-5.123486038789187,-8.593654892208914,-7.390040350539874,-5.208337136355355,-7.53864282964884,-3.6754117601633096,1.2245070785090255,-10.943180640962021,-3.506547804146177,418.28209227017214
20,18,-8.194260629874876,-8.045973007047024,-7.667328597742341,-4.000064598455469,-10.284053515210624,-3.6523786266923675,1.4534188628030582,-10.130031779116464,-3.7339650037195247,417.832331696454
20,19,-4.976888004131663,-7.229773917701506,-7.524417875656354,-6.621334722969176,-6.785584006239504,-2.371867920912379,0.4865269472483408,-11.376588299064332,-3.3987971656040767,424.30680791863887
20,20,-8.15943272409983,-7.741677817860499,-6.653566374627915,-5.443842494061921,-8.715949464673464,-3.849807916187698,-0.2702873565244239,-9.407719027505204,-3.393808495256374,430.0389720595262
20,21,-5.4077025335640165,-9.10570846007837,-6.2157809212436295,-5.7112949334252265,-6.918912349531117,-4.842252498272783,0.7729084356221128,-9.406571407413841,-3.0799493486081873,424.68191377335603
20,22,-5.9081021105725435,-9.558117611166155,-6.889943657652748,-5.550921621467087,-8.505472266374987,-3.6998118888499048,0.9256713363266276,-10.941108399444206,-3.5777859297498273,422.8822364587081
20,23,-6.337128889707304,-6.650152451625621,-8.568575591645663,-6.5843542596743845,-7.059683010628296,-3.049999070326069,0.23780478626098578,-10.191783453501866,-3.3081315308595767,425.93234843233574
20,24,-5.602474377335184,-6.8311879369298465,-4.760540297067342,-5.314786546128115,-8.975417578527813,-4.276797825344835,2.2019109865265456,-11.34116574899602,-3.9935491534922116,449.9695532854858
20,25,-7.861647815724143,-9.197602653399608,-5.8635964083726195,-4.305046033076654,-8.379898344762246,-4.4122798395608855,1.5327234874862163,-9.693040202861583,-3.960884669554984,420.008637163159
20,26,-6.3106115320217375,-8.851132084834711,-8.612754489095844,-5.398622743361609,-8.551802738598836,-4.027079531814826,0.9062899116186369,-11.076546948836443,-3.341375700217813,420.86330323059883
20,27,-6.314915907463691,-8.953549817120017,-5.181389119396058,-5.392937778421504,-10.005685728343458,-4.1890178479261735,0.5421904825792501,-11.693642936795948,-3.529071774542893,426.9621528991057
20,28,-6.330901487360489,-9.186486075497069,-8.355945450693417,-6.1354810423828345,-8.435662127609454,-2.3342780046784988,2.6608316326386428,-10.204087366318804,-4.393564233404833,474.17763891430747
20,29,-6.849976026489479,-8.999716079216842,-8.289947627539066,-4.557133238017495,-8.825535314880847,-3.8699376890674606,2.3370022364475296,-12.704037044234603,-3.830366219392179,517.7230294530791
21,0,-3.9015574460503752,-6.835553925357067,-7.091106545155364,-4.815239089365991,-7.543031579740651,-3.5181470523096223,1.4800983279113855,-9.873173474894523,-4.139670725720801,424.56624889927355
21,1,-4.747945985373199,-6.6160648991315245,-6.060826357657477,-5.3522342035737624,-7.167056696731186,-3.214702003781998,0.5251534112059795,-11.76425546011948,-3.586337844406259,427.85672503946876
21,2,-6.357694637137818,-7.427652599990883,-5.752490519525887,-5.424674653534279,-7.783324587923284,-4.446991691529006,0.27147779414048756,-11.21153600832543,-3.584492203672995,430.3935957276316
21,3,-7.812834937498574,-7.5157138241024075,-6.062187373392393,-5.509812002136554,-8.344423192742669,-5.874727365108006,1.6316084851864225,-10.364619846908237,-3.7744744503143792,418.25340467208747
21,4,-7.790671398000865,-8.161430850465443,-7.344247397079005,-5.290562317058112,-7.888550509044835,-4.293641814672624,1.092458095839739,-11.257961647169875,-3.4639229988410833,419.61252553673216
21,5,-7.532505324287116,-9.097031248636357,-7.455637724110416,-4.9707151350591685,-8.360259443274929,-2.5423695737456025,1.0010629840597227,-11.89498643834278,-3.714732548131094,423.77132738421534
21,6,-8.318690715011867,-8.52448176991623,-8.334572206399375,-5.564170346780616,-9.737963071660188,-4.008159524018128,2.515324686095426,-12.208993617397725,-3.8788308864072616,576.4919343047231
21,7,-7.467728574845782,-7.245250340546785,-6.425814464177075,-5.162105147443374,-8.215342623808224,-3.712897866923757,1.546953608521368,-12.925169785971125,-3.7451247521349473,417.4598118501711
21,8,-7.336536620229836,-8.6877751373016,-8.102790432299994,-5.48738949801632,-7.637981656389797,-2.1215535465935846,0.5468129440062421,-10.490336519113203,-3.209778361815477,421.35904363337073
21,9,-8.710938884206742,-7.587429396452084,-7.138758861173354,-4.330064167470626,-11.314682946221204,-4.242275152049469,2.020304871173541,-10.60435023895224,-4.063401474015824,425.36499771404
21,10,-7.48944182131012,-8.04808173131522,-6.546409795860542,-4.629413446278531,-7.6220240875030045,-2.8933705006067205,1.2361724475237423,-12.213687284115974,-3.667524027014219,419.2196617357949
21,11,-5.982582045953424,-7.9804494991936386,-6.4174273250799425,-5.692410241059829,-8.417657813065457,-4.207333902270583,1.206017320082564,-10.7362518631004,-3.6388899457380126,419.8602159897937
21,12,-6.707821576372904,-6.978994469198756,-6.429356920165752,-6.247374912960746,-7.825132589048979,-4.650344480618823,1.1222502078978676,-11.389802108595603,-3.4583217863534186,419.39347064688
21,13,-6.234681921141259,-8.944777046467522,-6.252295451076039,-4.460143418112368,-8.717629539743204,-3.5985265291226307,1.355083090085887,-10.939182617220665,-3.650660264904721,417.9829061136554
21,14,-7.896609599677703,-7.753139280428581,-6.014016594593585,-4.877131288182346,-8.634045413645632,-2.9210984541001093,1.7382696177019734,-12.010728037456637,-3.964381858937599,417.86438451662417
21,15,-6.328969736388983,-8.135579391963985,-7.042551792194799,-5.322959365465204,-9.647941359669272,-4.916440332481879,2.465639239148194,-11.280251105449736,-3.9492276047025014,528.3944189084347
21,16,-6.75234905049286,-7.361570047340015,-6.491724701647578,-6.039564187081943,-7.268435132638952,-3.344751232680622,1.6190594608941322,-10.494497220742508,-4.593880104990443,432.9315494906192
21,17,-6.023074127235454,-8.976982432043108,-7.573834820006905,-6.001384455422022,-8.332985077915453,-3.3271955763715932,1.4515696720930182,-10.725703579549556,-3.670734275223691,417.2310606179709
21,18,-7.479759160626235,-8.765616119082566,-7.174905961874201,-4.55211245614824,-6.982677667463733,-5.131853514965466,1.1783619663396458,-9.351229078005733,-3.9187402271632084,425.87402429570227
21,19,-5.89979135065205,-7.456043675447504,-6.4895864287217035,-4.1540194633839596,-9.468091839036669,-4.587404843029214,1.9515271563372192,-9.219228191562246,-4.06718696338271,422.1189422527013
21,20,-6.003205249141676,-9.562880043600062,-7.56704394566352,-6.373398542735831,-7.946734057549945,-3.436740182439156,1.553641617922506,-11.82791992070412,-3.6850427627859625,417.4008621684849
21,21,-7.130268733533788,-7.100066838496916,-6.263935996851327,-5.456551046744418,-7.009102481554551,-4.938589273098982,-0.18552048307959046,-10.4852638149061,-3.371732261636253,429.564578284291
21,22,-6.791264693307268,-8.764500734636496,-7.068091616129226,-4.989271500276433,-8.972437585210637,-3.314277408606218,1.787628050361172,-11.099774319592317,-3.8561559308763522,419.7352532484337
21,23,-6.740727186744049,-9.407286485302162,-6.344707477958454,-5.995122713117328,-7.113744300877468,-3.078620784562524,0.976126500236088,-11.122041208593934,-3.3774873045023694,419.6129227279981
21,24,-7.988387949792027,-9.4604039358476,-6.861653366504544,-4.299457140415654,-10.280612158337082,-3.742258387415834,1.9235720156246372,-10.373278248930982,-3.9377439394901406,423.9450546574608
21,25,-7.928237018824844,-9.323250556129857,-5.611382082797265,-4.449842148429772,-9.862217735010969,-4.028177771001748,2.025834091982108,-11.043742537649397,-3.6985949738622326,456.6365415096399
21,26,-6.11626826899245,-7.763837833788178,-6.209076089000137,-4.136508528630773,-9.478336333150935,-4.1586937683403935,2.094103545045459,-11.460360903713514,-3.957539440206474,437.8144552842647
21,27,-7.322998612293923,-8.330186132813509,-7.043615621228545,-6.635848370499128,-6.9266791639744,-4.81012906150023,2.026865386196694,-12.235935712070289,-3.613805971324468,472.395945260741
21,28,-5.975680636574187,-8.238202222441677,-5.109007842121278,-5.619733020557199,-7.424308397504983,-4.981379433728516,1.0110744571330907,-10.164296121978362,-3.7654846393829327,425.4015414936555
21,29,-5.912515014215543,-7.250460593683274,-7.060104907613316,-4.453836564634163,-8.971447597170702,-4.4207677220164845,2.097518197193611,-9.229697143320289,-3.67960942310302,477.7094837751182
22,0,-6.366718576543617,-9.337049809066944,-6.77558509760414,-6.939680341854833,-9.401862446276283,-2.2091018764878037,1.4635009375370052,-10.610973122026708,-3.8931639626149965,418.80793708557894
22,1,-6.718304764035944,-7.618606948012982,-6.110530130380877,-6.250356833519281,-7.423252756072353,-5.212785508096673,2.0747244118864074,-11.823353882114436,-3.9993054468368197,432.9443753013783
22,2,-5.180120700254411,-7.8689603822829834,-5.42061921735784,-5.997075701895773,-7.905731980345531,-4.57565993390365,2.860567259267617,-11.23024745049839,-4.234926891417122,559.5014775413945
22,3,-7.127483840935806,-6.349519856495892,-6.940018044990824,-5.017901725305303,-8.640118211444006,-3.1010231145402796,0.993780693338507,-12.375395531914572,-3.674275598135628,423.3798481964285
22,4,-6.552139044234878,-7.50590248884498,-6.7603235431973365,-6.285214431973199,-7.5759936505867005,-2.7387512010387542,1.5501266070267334,-12.678091714056324,-3.9904751937689196,419.66075186562455
22,5,-6.661931477861478,-9.447807975842734,-6.5722346212033065,-4.735323514724255,-8.782786292666053,-3.4587622502679647,2.07841636383339,-12.151501634381319,-3.812839240808868,449.9323512029229
22,6,-7.72686626160454,-7.475395823397961,-6.964690043166152,-6.061197210520454,-7.213950820078016,-3.17581636706914,2.0532585051224856,-11.28348376308552,-3.9060122284904764,436.172360153383
22,7,-5.090305931477807,-9.017402092962586,-6.353613558134176,-5.726121895876117,-9.171691942554975,-2.794109315883961,1.0660929928659069,-11.347746549088123,-3.436015920078164,418.6166202204002
22,8,-5.8698991790323465,-7.50277596293272,-8.923200322366416,-5.773350175212149,-7.3045751918496595,-2.112620724278307,1.341858946573546,-13.179083558188745,-3.3746718991483973,416.36742386427767
22,9,-6.057130222658744,-8.241089821821749,-6.334111947720288,-6.237673825831466,-8.341924999341792,-4.137686250845763,2.5327018903231258,-10.676395828650103,-3.96897056788248,548.0851585278515
22,10,-6.703420378748838,-7.966161796149555,-7.88520812963041,-5.522487460137744,-8.99057245224434,-4.230002589067981,2.3477295043764537,-11.722349179335305,-3.832202700839851,521.8746423849664
22,11,-4.9905753585440875,-9.628939880185571,-6.774388747535584,-6.3705156309254,-7.3354202244227436,-4.019548562316709,1.027589779623198,-10.607414390552506,-3.423179587416884,419.9069329561743
22,12,-7.1737478030640105,-10.428925924682686,-7.590635653318276,-5.572604435969004,-8.323149901188605,-4.059324245283005,1.6584776641373389,-13.669087750872151,-3.4602372374011194,429.6666448571426
22,13,-7.437889456928129,-8.543921481833362,-6.64393446445736,-5.025990400982888,-8.010737712730602,-3.552510425877984,1.2650929792565,-11.291084710570765,-3.717015466474068,419.94287937567293
22,14,-7.91870849426032,-9.405546959611438,-5.189126155160213,-6.257474345564638,-8.348378783092782,-5.781479388088516,1.2045806430356925,-10.459759271386288,-3.5695607682570545,419.3688910436366
22,15,-7.044820884629981,-8.54547948654539,-7.486249188500225,-6.035564781680244,-9.19926458367883,-3.8325537670597165,1.8965659961216972,-11.341141339612383,-4.087851473052445,420.06601792238126
22,16,-6.996511427728502,-8.388095307055664,-7.456412698732634,-7.071095627013921,-7.901621114474673,-4.72568810051947,1.6422264428596383,-12.512495414331077,-3.5533005548986085,423.54366139496597
22,17,-5.518889957598278,-8.602035141085782,-5.9516814436101555,-6.5577009828830874,-7.786987286217704,-4.000476526152543,1.452681712667078,-10.929821892736186,-4.0187384706297395,422.5058934658101
22,18,-7.773684218299099,-8.54425474515347,-7.047314282537398,-3.6452462242826087,-9.783269100609587,-3.3445900606169556,2.0253225689850574,-12.805188581506863,-3.9216888419421028,432.2013314055679
22,19,-6.7607763434524575,-9.123928065360982,-7.020501759209068,-5.159562721122343,-8.945001113510248,-4.19565906005739,1.3238574344582694,-9.39687620163934,-3.6799600594688657,418.81545209847275
22,20,-5.327697724976318,-8.402296109754642,-6.349531692477785,-5.637979724364872,-7.856831624934664,-3.9512188306270586,1.2067494962096659,-9.28719374888693,-3.884066913009142,424.3740014884174
22,21,-7.135780995559222,-8.305074706979012,-7.532525729403565,-4.02735940377929,-8.938260904947846,-1.7249281707906852,1.856010619829645,-13.83032191977102,-3.588175288151235,433.0279928861105
22,22,-5.553250022648649,-9.614883055194854,-7.442519633329434,-4.761467254872323,-8.274647987784912,-2.779392332287946,1.9307766802796391,-10.142810966632467,-3.764749360881697,432.51489427683066
22,23,-6.632096667307347,-7.880346682957287,-5.551771464444006,-5.745824882253956,-8.594632467884567,-3.82427411982065,1.786247521446657,-10.710951973177021,-3.5825054153925904,432.59357316167234
22,24,-5.840137189693289,-7.72403904305365,-5.521327181854165,-7.2282643707323775,-8.40706740306451,-2.8251302252339006,1.4402949754563636,-12.783058620932117,-3.640447188241125,416.6960490317474
22,25,-7.846629245840565,-7.981673908009305,-7.863648953140628,-6.0467034748700295,-7.3803472537609105,-3.33541600684593,1.8341873032870075,-13.39950057156936,-3.5318579200598066,443.19613166717966
22,26,-6.12408556050957,-7.698089647868025,-6.695769892809671,-6.45023147171772,-7.605011948799481,-3.2851549069412114,1.6883774353631351,-9.95368665842101,-3.9265255128899215,417.8168981800437
22,27,-6.5197423239336105,-8.879753446934451,-7.835026851708792,-5.112843481662002,-8.65885371215289,-3.4944350347663113,1.1484533601725235,-11.064418914331942,-3.6811535966002107,421.1719839171802
22,28,-4.78859283750561,-7.742143506437301,-7.939117004468561,-6.073330449384516,-7.123525377908735,-2.637113586142411,0.009686098445092162,-9.218640249310273,-3.2338098431616022,426.1371022096182
22,29,-5.974432272952578,-9.704363241193963,-5.940943679649082,-4.708145517902853,-8.123064795833686,-2.4739487316400375,0.5551945072571082,-11.628225226158538,-3.3969742681903528,423.78108016097275
23,0,-8.194520570847747,-7.376054943335164,-9.190242803152632,-6.060384862480081,-8.625477297665535,-3.7206532429687798,1.2874511988205155,-11.279013001917471,-3.267892587107342,422.00414173813016
23,1,-5.475387331624122,-7.221237250373124,-7.239008608525754,-7.442493759138657,-7.0686468376231275,-1.665690725222023,0.36579180342338935,-11.82642242542605,-3.1791149464587374,421.2512633498673
23,2,-7.098510909106638,-9.92670884060018,-7.447105531737042,-7.035798131870972,-7.657059339647459,-2.66940443579298,1.8700635290775212,-13.078255280424601,-3.966272884632357,419.7930297491621
23,3,-6.545910517529029,-10.52867693210945,-7.207000347458942,-6.4231721026992235,-7.15647003722953,-4.263958499812359,2.258383755985469,-11.049103111170933,-4.2003286823589665,437.9439659569294
23,4,-4.042864065445174,-6.027941304597924,-5.219711810990758,-6.539652365926285,-8.278549669003102,-4.137701873524451,1.2917026894754842,-11.500609017298247,-3.7122374736135146,419.5157499549795
23,5,-6.678486866195375,-7.659036392296627,-7.506924761872198,-5.889714904107382,-7.2081721879500815,-2.5601847781173532,1.3386098114432883,-11.57615933202889,-3.342307743043534,418.50846314214465
23,6,-7.336381142884914,-7.678363740549936,-6.275758832134195,-4.981604468382355,-9.90748903995644,-4.0373705013596775,1.2603311975764988,-10.11202635596337,-3.3187801245461426,420.30569975679595
23,7,-6.092959642175169,-9.652919527942052,-7.515161685206028,-6.804298040150125,-8.188662457187192,-2.683859363803573,1.514084948990585,-12.501314257165193,-3.9010965741134727,418.5794585059238
23,8,-5.7542234338149285,-7.381961602114186,-6.055793945516012,-7.490685666640726,-7.190142129799322,-2.336031036706458,0.8116678686446155,-12.94021746955823,-3.224796595398695,419.5914337562288
23,9,-6.529981455811762,-6.989446087457441,-7.7334090111992815,-5.94839468124788,-7.775646687673522,-2.8771868486909673,2.006070134895258,-12.387247914866178,-3.815665018726166,437.5460723696864
23,10,-5.627069553866721,-7.8271769177601636,-7.670233445214254,-5.102358595509743,-8.322377244309605,-3.0897537343592982,1.8345868894565374,-12.391109121208679,-3.492971153571302,447.52618112162975
23,11,-6.100110405829368,-8.535290025649678,-6.676185108755851,-6.239884233558802,-8.066946141297986,-3.8259571248238378,0.6462446339074754,-10.036086876126157,-3.3394550609598137,423.30323719302874
23,12,-6.53862789149172,-6.522837923498612,-6.972339075761575,-6.495554433899102,-9.17409397851108,-5.157390303154836,3.1264070292810695,-12.49351076758048,-3.985684142718012,742.0841174877133
23,13,-5.960174375062193,-10.527718975514318,-6.383796058882235,-6.542908232867909,-8.04399008775117,-2.3873934447488665,2.4016616091605045,-12.09367179105413,-4.230044728365101,449.4639669261418
23,14,-5.778305462731161,-7.848086404506211,-8.419970174507391,-6.177145814966984,-8.851291288193815,-3.0241476048359646,0.9877248638921681,-10.851146164950693,-3.1724199862568847,420.9089108354523
23,15,-5.641445741474149,-8.99182494437761,-7.211328056460502,-5.109988520781073,-10.150630640466083,-3.745989419644844,1.9492370166425408,-10.46850367250018,-3.711734428764053,441.3752347004265
23,16,-5.076143941754014,-7.162379886440291,-5.803495567737645,-6.716460734393181,-8.570574231075327,-1.6939861684762636,1.4784398501434606,-12.935457815660508,-3.617975104250429,413.94009289254615
23,17,-6.153043732317419,-8.207181039334186,-6.332660782288758,-6.06738670112981,-8.225211539160158,-2.6505856151507206,1.0614797842023596,-13.574692213653226,-3.31794424902272,418.27109094065804
23,18,-3.8421934780058864,-9.130304850873152,-7.816449060623853,-6.780197539443657,-6.4429318581882615,-2.7490454651207323,1.2085521902764045,-9.914866420940099,-3.8745879308020066,423.60698629567014
23,19,-5.48129247000755,-6.869155120260481,-6.484487175219414,-4.905477752027713,-9.785465289875717,-1.586833556973588,1.1989892173924928,-10.854060990633602,-3.7405450180887865,419.5138703998226
23,20,-5.092058307510355,-8.770964813056548,-5.731060717806733,-5.735950124308797,-8.172214155297217,-3.777713567987296,2.1825271234050954,-11.804458329263653,-4.132032129714444,434.4515096996254
23,21,-4.198196218434019,-7.763226799127711,-6.46933037304594,-6.965989834647209,-8.203494698971028,-2.9293905951331225,1.4009057120579043,-12.181722615120027,-3.486736144133893,417.3193871655697
23,22,-6.7767376743661245,-7.3813455054520904,-5.911165163080765,-6.39623723364069,-7.722967077861148,-3.426564617394184,1.6382213815689544,-10.708742692494626,-3.94478365437698,418.2127724870403
23,23,-6.276577323947832,-7.977093812905869,-6.854852565110091,-5.641799353566349,-9.216598664781426,-4.714922921384684,0.5666845803821016,-8.731190336427531,-3.375866977747105,424.6414901705069
23,24,-5.787693166854124,-9.305618253693885,-8.60563251702068,-6.221253158377011,-8.92938785492787,-3.1096392769352,0.9589650576117166,-11.935964709793163,-4.153763594848565,435.31143774694533
23,25,-6.09765685869847,-9.805193742748163,-3.951212870107029,-6.052494787451944,-9.934975051020928,-3.98786272230572,1.5582452617289133,-11.659248600526345,-4.011727727563658,420.41897432980795
23,26,-4.507471274016941,-10.307407806418812,-6.521634589560368,-7.0906123871462405,-7.106599161020802,-1.9567117708705093,1.903769224713572,-12.116714824599702,-3.865788249798487,422.06291640403543
24,0,-3.653009978406966,-6.553636977884935,-5.612881216556768,-6.186108932845125,-9.266900032363786,-3.0271902770282586,0.7669675769261562,-11.311488703349454,-3.7238215212176784,427.64901515606823
24,1,-6.04505329704944,-7.724492757582794,-5.842914979040372,-8.37485473765463,-6.836249682699814,-3.0580788770465346,1.6411767299523508,-11.56196534045247,-3.5630344715526894,421.63703109566103
24,2,-4.770990711944827,-7.90333957477307,-7.041616523410021,-7.956139023096817,-6.452839408533713,-4.555084934508632,0.9135227932453626,-10.717415172870316,-3.2174967726703034,421.5981354392619
24,3,-5.599324598233627,-10.143121227290449,-8.536720938931953,-7.601869052471693,-8.046376137661223,-3.2216126444296025,1.75386488341067,-12.037484008172939,-3.8587646742974933,418.6603893789347
24,4,-5.668987211002838,-5.758858360234269,-5.756237911715293,-6.958214422106087,-8.255414159300997,-1.4643786504565939,0.4800211061065065,-13.722176125091003,-3.3190349329717344,421.2529856616295
24,5,-5.926299387623316,-5.638846147673343,-4.878413916503181,-6.9474839110234425,-6.9095474400828225,-4.042346345840973,0.4802107056985141,-10.443158326046099,-3.6398070652291206,429.6102979097932
24,6,-6.099452972710174,-5.994194277229972,-5.767044611279003,-8.482400015438692,-7.041084480728898,-3.1007506408776533,1.0907397320022627,-12.45364234374391,-3.5927784818208273,420.3719472516953
24,7,-3.715853708498197,-9.370816241478403,-7.453677363650828,-7.793690190792342,-6.386043012261821,-1.7684893736141762,0.6903846420091772,-13.892040304574909,-3.218822914997942,418.6836387234134
24,8,-6.458552229805936,-8.292395939759508,-7.063068340941385,-7.449638996008287,-7.257618770231494,-3.874825672751399,1.7827311268202957,-13.70704042330797,-3.6446052168610747,427.9086334332027
24,9,-6.721116976061493,-9.969808694424263,-5.278668808163707,-6.314588684202932,-9.670003365725316,-2.3741063071380655,1.2513668083098255,-12.560521344899264,-3.7170710934892006,419.28966787046727
24,10,-5.52982913570837,-4.754607853342014,-3.9308920604658364,-4.8398431223370615,-8.90859667152776,-4.153444348214542,1.2049658600492146,-11.972607205581326,-3.766123204696309,421.9662876259246
24,11,-6.514250739689838,-8.754448584097206,-5.766168718453739,-6.094919855680684,-7.101224220883735,-4.6041051014499175,0.6869546849941313,-10.722730125945294,-3.707732131682073,428.8387529469974
24,12,-5.889815406222448,-7.140799354667776,-5.7512931793406,-6.237751733745207,-8.828992109648013,-2.795014465021798,0.7539484214974309,-11.633604040584997,-3.6958878361117367,427.27283927242047
24,13,-7.7178272456161,-7.471786906814168,-7.5223139954399825,-6.398532765855623,-9.504286633227975,-3.48456983501378,1.4936104827005972,-10.663591593779579,-3.394238764669197,422.79768486447404
24,14,-5.349950197797826,-7.14414314146927,-7.00376112298696,-6.159753514995613,-8.485553739292532,-2.035285489251824,1.3569949786858628,-10.470186113751566,-3.6422664381635412,415.9753865477654
24,15,-3.6630687567575353,-7.96089982873554,-4.987404811919559,-8.62722127238557,-7.038352506559098,-1.6934616584907487,0.563998860257578,-12.798542315070666,-3.028902815812028,419.76997891960957
24,16,-5.244715058379032,-9.86776472362363,-6.844492291486021,-6.311748396500641,-8.09148646830058,-1.6381644741345072,0.6534744104857606,-11.1094461992682,-3.7865311492311373,429.9643307141368
24,17,-5.698368731688946,-9.37636396726304,-6.213612019398393,-5.554417705774172,-8.124712319626099,-1.9535925290507716,1.6623937198466865,-12.472663703798503,-3.646512537485652,417.02019261843117
24,18,-7.8124521978416155,-7.752058610208579,-4.575095710863821,-7.098031153943395,-8.579180336329594,-4.234584336759711,1.0399879876575624,-11.335999180993914,-3.7865949423731657,425.31768124875003
24,19,-4.962402019096414,-7.2010848335522,-3.4674536452517937,-8.00297226607697,-8.350964885967029,-2.833527809338726,1.5319737959926136,-14.00560402937257,-3.978692809957868,419.83029609317396
24,20,-4.67088051610735,-8.509569526386894,-5.922667717595149,-7.535129351540917,-7.299645994115297,-3.435474447438307,1.531894687026127,-11.849787704686287,-3.7586292635867316,417.2979810924387
24,21,-5.023542020808502,-7.715900512335382,-5.250950674884946,-7.0161368939475794,-8.145726886961116,-3.176710289940954,1.0615361842399296,-12.471595664835398,-3.7663180334226434,424.1800753113949
25,0,-2.854502488506932,-8.872387646288127,-6.660151995431447,-8.500315698950502,-8.002502157538625,-2.609589161945453,2.053585018798353,-12.692028122017675,-3.7479573676389,451.86202635269444
25,1,-2.7457455152429677,-7.29228438423595,-5.06350994701211,-7.752569961647996,-8.194017509813207,-2.0907521583967044,1.5911078076610072,-11.756154682557403,-3.7561053235851474,415.1589140653767
25,2,-6.140527256625197,-8.463240407485017,-6.073163070982442,-5.546188733331292,-8.458676520452821,-2.334088163849637,0.8941507168611498,-13.919242755449634,-3.360578808740938,419.25297377510515
25,3,-5.485437950305331,-8.125616975864713,-6.469100922579064,-7.34745909983915,-9.110102104363188,-4.057474551713527,1.1452203600849509,-11.500984325301422,-3.7899191192574566,423.46615014427806
25,4,-2.8929612088519727,-8.785348376440682,-5.251705977474137,-7.789278242995906,-7.167329404740887,-1.8173708855248445,1.0671569672554533,-13.104928201561584,-3.649802459626353,419.8776792050347
25,5,-7.0520943201830635,-8.717404784539033,-5.939519949247953,-6.4244377632833904,-8.182962088966379,-2.8341466653372818,1.1790423537252082,-11.375396390707206,-3.788098861266047,422.4148345054706
25,6,-3.3192947962055266,-7.4447012758120685,-6.677192953294286,-7.587307583162235,-6.504786150524833,-2.289643663206772,1.55227235566664,-10.801226926546773,-3.811857711180146,416.2111449136271
25,7,-6.353680829998028,-7.910301114217656,-5.288779391960562,-7.347766004083756,-8.02221430544754,-4.65426237335463,1.3769735669963727,-12.775701071968319,-3.6657263749182696,418.2230099952442
25,8,-5.437972548778261,-8.696377324615295,-7.540120727873649,-7.559322068647758,-7.55585085054063,-3.2315224291209734,1.5198097441319434,-9.637832805651058,-3.8999783924507385,418.80910603670236
25,9,-6.833561422699196,-7.783464834523051,-3.8143527073302876,-5.218041818728745,-9.683398966572339,-3.3303576113664657,0.6131498120346431,-9.461818208585909,-3.6020351565275144,427.3715725107764
25,10,-6.360158389262657,-6.996278210948644,-7.050133338166875,-5.26686839041798,-8.762145138559893,-2.1560031178280026,1.5743756391889048,-12.12403042416077,-3.8113708341514907,416.09869831495485
25,11,-6.2422565598360045,-7.453241790241684,-5.848230567641715,-6.720468889418105,-7.655088831418279,-2.1681179247745765,0.008547624240790475,-12.952893035753133,-3.202279283081508,425.1990810226591
25,12,-4.600142194497097,-8.322020311528618,-6.203218341935435,-7.798995989232719,-8.27887743937144,-2.7052424695786375,1.6729664860010933,-9.947688876507796,-3.7480925822990576,417.5615794440371
25,13,-5.321975900279602,-10.570888768945512,-7.534279728915715,-6.940407625891236,-7.261322381019159,-3.368604207745895,0.9200588039830531,-10.125638591008595,-3.6034124007876103,423.25056959397597
25,14,-4.844325476981437,-8.422419511946416,-3.700258258766781,-6.855776107537132,-8.813093425599597,-3.3700297181409975,1.919694297812652,-12.219718660475731,-3.689206374328553,438.9037715593514
25,15,-6.80079778530737,-10.195843379450437,-8.920508625487532,-7.910672219889091,-7.14118670506369,-2.5248741308776306,1.986256223572025,-12.82543481149273,-3.5630304279884344,466.49803133189175
25,16,-5.684802585116403,-7.210607939109601,-7.569751904102299,-6.353519217157402,-8.715284668947023,-2.0807943142532004,0.9539431350892436,-9.829107539483791,-3.323629795084211,417.72433813713957
25,17,-6.305017221269763,-8.516313621515017,-8.651195457487514,-6.260773451737975,-7.59465497446633,-2.617819401081885,1.0408806819607983,-11.330809935957854,-3.5926973181279216,420.7215469167822
25,18,-5.334418736535618,-9.914951922269973,-7.260650890457962,-6.031705422480631,-7.01469548928286,-2.018729126810551,0.5210233013704783,-10.992383553109617,-3.3784288129364697,423.115801696597
25,19,-5.268671395471305,-9.27978582079948,-7.426170025600909,-7.044545294606938,-8.192799524815232,-3.59108314523583,1.1152358182733222,-9.398168040715321,-3.9893876921384797,428.5796593075032
25,20,-7.0058112051165615,-7.901252838448553,-7.115859486572987,-6.523372655149875,-7.469328066989914,-3.3602588575511643,1.2983187728343102,-11.56664858737778,-3.7919512137969305,420.6028297073353
25,21,-8.588932087003403,-10.068733394101114,-5.3449238236418966,-5.957151009688272,-8.044229254806554,-2.359563621808549,1.8622223936399303,-14.239301773044353,-4.214046307449921,419.30731818584496
25,22,-3.532694299412162,-8.80533565484224,-7.679290689595706,-8.154754282393306,-8.560315423277615,-2.045230422276241,1.7158998919197592,-10.892153544619443,-3.808997835983524,416.2937070499206
26,0,-3.7850010311974787,-5.960786934918128,-8.163658926014485,-6.5804982441219755,-7.253471198320122,-1.54208377598445,1.9950716736045782,-11.119037735673889,-3.936709452884713,423.37150863054353
26,1,-3.6833332970960333,-8.468557276688403,-7.505227368660918,-5.790299066337707,-9.297259152381645,-2.422418331666031,0.4492845150966953,-9.6144579545252,-3.0684865419299427,423.01744021512184
26,2,-5.286379353390471,-8.398949812373203,-7.899708777352507,-6.410716918951875,-7.515130422163273,-2.1711981751472638,2.2989541094052868,-10.968038067334701,-4.518669386005163,425.4540037617489
26,3,-4.066886194551614,-10.012115409180891,-6.042138077571828,-8.260492476558422,-6.255334785951097,-3.80567719270198,1.3368314161423382,-11.977111399254047,-4.090096863549706,426.5478939601718
26,4,-2.2569274015704672,-6.4742704959134985,-5.628038613540895,-7.464845283596359,-10.423451933190286,-1.597135026578878,1.5276023193532513,-13.180306731675882,-3.8666621811099007,415.4992311871837
26,5,-6.165097379112224,-8.305656834999928,-7.6155004856290205,-6.106423278818542,-6.451411378263142,-3.6414031177527026,2.2098735006496537,-11.623884754295382,-3.9001521316581735,463.9836453093344
26,6,-4.592826170846332,-7.637816164359597,-6.142566435519973,-7.315549506109544,-8.933570038522754,-3.4443170666836367,2.2192664801764526,-11.977767273733805,-3.844588201122921,476.0953822935344
26,7,-6.267549831980403,-7.51300067320733,-5.350013894027782,-5.768241697449105,-9.790093747134625,-3.9206681761894746,1.6903071947425239,-9.80591534892966,-3.9436479726338525,418.19542319760507
26,8,-8.902762606052498,-9.508384190285629,-6.744073750043321,-3.8821990593143783,-9.863211414878254,-5.6471470386009255,1.407377717055206,-9.023930791770992,-3.8274348747211735,419.88586577052274
26,9,-3.714272341461859,-6.254804224702118,-5.572772092423832,-7.917631668572209,-6.776141639779252,-1.9296094769979466,2.018056091869653,-15.2616152171294,-3.609098125247569,461.5925753401873
26,10,-5.932827566297107,-7.618773655035313,-6.88038151744118,-6.487354608162545,-8.114600585662396,-1.993526454665397,2.671247532170738,-14.072821559103275,-4.350230110680189,481.42678757486874
26,11,-3.793064541565917,-7.115067028310884,-4.479635543532586,-7.868619389021056,-7.394446093847991,-3.58472588133405,1.82258423633887,-13.360340215830423,-4.125588060264969,419.15057366485337
26,12,-4.8780635125672225,-9.130935094430379,-5.787722969688056,-8.289330359859203,-6.984606685543776,-1.5423466745398036,0.8932936661448249,-12.509134176615156,-3.3944635180371234,417.4549274897796
26,13,-3.8264086091633205,-7.351728858605323,-7.222309515646392,-7.523340922917189,-8.559299856744197,-1.9675139039917955,2.0239787582639144,-13.388281443686806,-4.0103141631716035,424.2907061152182
26,14,-3.3409798305998404,-7.984916784178546,-5.745466624650984,-7.656128994750212,-6.805268389303942,-2.43088475209426,1.4667042354866382,-12.288288286325997,-3.6089477934468235,415.77002345895653
26,15,-6.476783864776175,-7.786478073167907,-5.0829840251665335,-6.6559461065398455,-9.523794535179364,-3.0773309969085045,1.6858823045039224,-14.670114568394261,-3.986827924570774,418.1611198991609
26,16,-7.065432911642573,-7.524829275008387,-6.479122679445068,-4.489452337958568,-8.424123833274681,-3.8150676648851514,1.599117071953919,-9.144776176740386,-4.098132340733594,421.3305896613484
26,17,-3.335508205406439,-8.078792656097555,-5.670975952126891,-8.544893982456442,-6.389634306135465,-1.8397847875141082,1.13208177797255,-12.657316228969131,-3.4886445272786446,416.1249785254561
26,18,-6.661012547609015,-10.260536909616935,-6.7222240851753305,-5.308527058610444,-9.38795337343522,-2.257094968131858,1.9176852256359105,-12.752599024307777,-3.6283951852716667,441.5123548696233
26,19,-4.446437588688974,-8.332283651281276,-5.556504844039158,-7.953633339562432,-7.520552816239219,-1.6465048051681337,1.9862025594075319,-10.228098340035233,-3.8781702883860807,426.0164631731093
26,20,-3.54774218360543,-6.0714945439863985,-5.1428580441537255,-6.2432916012515625,-9.844005910249404,-3.6110043523788535,0.8558438773376714,-8.993758071769179,-3.942550842348435,431.6235341063915
26,21,-4.633003292852516,-6.061907095408598,-7.554260014262517,-7.807126297631261,-7.185340045724178,-2.812663073231589,2.4297755424177603,-11.174468195120413,-4.443441232147009,435.8786170446195
26,22,-4.874443512530527,-9.12862245110783,-8.102082948022295,-6.8194060918170045,-6.223733847869769,-2.5714774767855864,1.6394998780038708,-11.153000583457066,-4.0631829617631805,419.394577783421
26,23,-3.8525173826037507,-7.635714897522854,-7.21339454246155,-6.688346149651892,-8.0070804563187,-2.4015535687062783,1.7585326428027153,-11.289441117663975,-3.4782291227048234,434.94948668565
26,24,-5.7918412265105115,-9.530236814201494,-7.537887958786777,-7.651176407071626,-7.632041725862681,-2.238846060886579,1.8917892697965586,-10.66927675369902,-3.9527390371150775,419.9871076587169
27,0,-4.518015219518592,-6.9152560628668,-4.598413513305152,-6.949084700380352,-8.746557192292137,-3.60997401423102,1.3407009368861433,-9.479999870003708,-3.9992577554684186,424.27293786320536
27,1,-3.0839660480708817,-6.424079101966345,-7.030952409024639,-6.22284230759383,-7.897712598712651,-3.014866985336882,0.6999568279639022,-11.619341212319993,-3.132435373939037,422.0288774654232
27,2,-3.188947755770811,-8.318504091698586,-7.517812003143037,-7.709074234693174,-7.78048916262693,-3.0901990245608104,1.4248304856681206,-11.749598478771082,-3.6665302144063423,416.8639487726821
27,3,-3.5372087384904596,-8.590182647671408,-8.263295384656475,-7.353531506673624,-8.462969884497724,-2.227101030464801,1.0807281829228619,-12.301015043089425,-3.569064031160733,418.96698052603637
27,4,-5.499759295132318,-7.908678632868708,-7.657256040969321,-5.503260739586979,-9.370895523634248,-2.958519991050241,1.244539248567822,-10.11938196934015,-3.638988655646669,418.69817832903084
27,5,-4.501910283705123,-8.026587211108202,-4.250790513793573,-7.030799735330676,-8.477838994078356,-3.2856401870147067,1.9639371751467378,-12.329670746916525,-4.489709312033366,422.9700219175693
27,6,-6.474143767883663,-8.269959512440686,-6.209450985650351,-5.405968153199462,-8.908750957615057,-4.665234364476078,0.24932243482079097,-12.505344745382214,-3.222826614757798,426.0409523240438
27,7,-6.611644861863544,-9.929793215724102,-6.915764471062983,-5.2723941821679094,-8.050006246330664,-2.1258331468617144,1.4177651911519271,-12.465768355466306,-3.159215685847527,428.4969493013585
27,8,-6.868143873952605,-7.238772443586199,-5.6840128081020245,-6.964730836823023,-8.134885414462035,-2.4019135251558863,1.6398796860147935,-11.5972954825326,-4.2028202782422905,422.2998549546451
27,9,-3.2919384884452496,-6.983546758609548,-4.195559733203086,-8.291471946461431,-7.636679703742081,-2.6632913188586023,0.4454262291242199,-12.284275014393055,-3.020669841120045,424.26639988773593
27,10,-5.859710843912257,-8.373780753071063,-5.269613373601761,-7.5755971417217145,-7.794255688916361,-3.199187375762645,1.3626954667043751,-12.165856280956769,-3.5513813343662957,417.2603012071194
27,11,-2.979978597412043,-9.108180433868094,-5.370616480243023,-8.26415042180046,-7.958988225859779,-2.106904786453136,0.6266393487164437,-11.616119935508795,-3.905429613916845,433.22593820918576
27,12,-5.802926801361582,-8.012818924831395,-6.763911828542898,-7.10201636246938,-9.586648686829996,-2.4007767388450314,0.8621890844494351,-12.6998436617781,-3.4655246992300652,420.9797027892597
27,13,-4.677847079830547,-6.132630579633275,-5.44144944483843,-7.852331948674358,-8.750244027381711,-2.276197424052993,1.337448288995351,-13.733199770435121,-3.941030038633474,422.363787584527
27,14,-1.2674104030441309,-5.539467572200374,-5.207625089375867,-9.203409231942105,-7.449130755288453,-1.5905193423399804,0.687056748992606,-9.6680906332098,-3.526770960443976,420.92006376386166
27,15,-4.831956706310466,-7.368244677263457,-6.323085694428618,-7.355984827722638,-8.33318224531479,-1.9018300647725357,1.5878609345739882,-10.871399402706079,-3.688370530918297,414.987543829652
27,16,-5.008504013519581,-11.195959419232091,-7.787378486799112,-7.894914411116785,-6.334375904280931,-1.841167626575469,1.5249874043334248,-12.086291590855277,-3.4737434084495398,416.3113525001495
27,17,-4.257397285837187,-9.312891643919194,-5.76509444411533,-6.92839838652051,-7.515639203277303,-1.5728568922680668,1.446070563762386,-10.483754961672167,-3.7076899251821005,414.5271746630448
27,18,-3.1055725011357733,-6.8340762048585155,-4.679301970506634,-7.673498232910496,-7.823249623936872,-2.056730421107682,1.0361774154690824,-10.133093115129277,-3.718021417241494,422.42551259381565
27,19,-6.734618197064357,-9.293591468936937,-7.057954311433271,-7.754529396202629,-8.404011504259628,-3.3702005622455253,0.693667577141162,-11.510856978146863,-3.2879205147350663,422.30242875116784
27,20,-3.7514532465982424,-8.70739005014287,-4.997093330800858,-8.059409929352869,-9.141033592724874,-2.615906704110683,2.0987268317646044,-13.37924192000155,-4.16131450043624,425.1140610069292
28,0,-4.770419775390036,-8.937460122224978,-6.31815621725281,-6.7351914287845025,-8.660815784588591,-2.0276122187997396,0.7099423886917032,-11.17625867884704,-3.402932191295884,421.3248755060814
28,1,-4.9695321284680976,-7.405019155516414,-7.339944080092951,-7.262752544469084,-8.718572900399698,-2.367978378658993,0.4941551393250989,-10.525605088916558,-3.2245860181539703,422.40239789692896
28,2,-3.9256010060896385,-9.342350175512648,-6.184734352437688,-7.698972744045973,-6.183211191564418,-2.947876566842127,0.8416468077822903,-11.745243261513005,-3.3400041409199215,420.4881459201272
28,3,-4.614786727882671,-10.18302909448608,-6.134414267144462,-7.938124324596561,-8.44428843800877,-2.301256745005346,0.6981882928474543,-10.237187308802909,-3.338203929681346,421.14789307123624
28,4,-5.116020707996499,-8.66159625529863,-6.439823948261747,-8.639303567764351,-6.95984158285561,-3.559165349955488,1.3606078116987539,-11.620099391261835,-3.830562732602276,420.27904572560567
28,5,-3.799791211132964,-7.367415831156143,-7.2017483080276845,-7.673231994810919,-6.669992758692927,-2.4271515399591452,1.0642708898067599,-10.393310315026445,-3.5877022378438514,419.87454346941183
28,6,-3.835596396900665,-6.419661901808746,-4.541211299134216,-7.163885242214105,-8.858136658276099,-1.3718203700037348,0.86572163442649,-11.57854398516759,-2.8728315836703056,420.886001083743
28,7,-5.395122322380941,-7.883710944736905,-6.86599323491533,-6.562923485839705,-6.664954757142901,-3.1753511114298307,1.4074077787829662,-10.58295089444919,-3.5145659968069576,417.4619013329224
28,8,-5.586304464991092,-7.382858059136331,-5.458360872128711,-6.264016694092204,-8.005367064491729,-3.8649120524089238,1.3727118152601179,-9.417350681173943,-3.7867011149100516,419.4641907737155
28,9,-6.201233348459554,-9.967019493155597,-6.842459475257909,-7.474005663475224,-7.186512342801601,-2.570309219010564,0.7606342480321793,-11.863104025267862,-3.2911368302753337,420.6807944854836
28,10,-4.709892380653297,-8.455899747180366,-7.801056477344821,-7.593684323575626,-7.752773141471581,-2.440044319940247,0.33778612254555496,-10.126675119650658,-2.6269393461111608,444.40862248213466
28,11,-5.24896320227726,-6.992994137058531,-5.801974727159457,-6.202670782026676,-7.769503286204645,-3.0974112900875252,1.7524297619249976,-11.15834432526476,-3.640064632081142,424.8520101763413
28,12,-6.952484837924948,-10.301888475051308,-6.973291166447698,-6.584483123560818,-7.493033429662408,-2.5250440447364113,1.387932254474333,-10.206354089869468,-3.7212135446177887,417.44463495065185
28,13,-4.501223427561497,-8.918295353558866,-5.746234556821007,-7.1796534483856265,-8.291525733287783,-1.8634169757141172,2.1901806048123302,-10.484146892842,-3.9850903461616234,442.7137877160599
28,14,-5.241229794154189,-9.075693046875008,-7.552499001679847,-7.042680639473021,-7.139948675317812,-1.7642018417027416,2.0126231864394417,-14.11329859325647,-3.908121424556336,427.34120791164594
28,15,-5.04074102136859,-9.463329182250389,-8.239369679345623,-4.709791467664235,-10.006306059696932,-1.3526807884311416,1.8394167145487668,-9.487858842511724,-3.8124559163221883,417.28458826254064
28,16,-5.218981917262707,-8.794287973650851,-7.321635588696425,-6.535380583446506,-8.51070060853744,-2.3910351547778927,0.8609811702572464,-12.95105526152224,-3.587271398203023,423.11104537578046
28,17,-2.243659910738279,-7.039776327415054,-5.42194455218857,-6.74912482838444,-8.093939438689732,-1.9971866972042225,1.4394504004495283,-11.83916492217281,-3.9628656823081894,419.8354262830345
28,18,-4.119736034879284,-9.263797318674314,-7.192098786109631,-6.826165766624362,-8.321571343429378,-1.465819775870844,0.6899507845851052,-10.38315722842234,-3.1382499303989695,417.0816373759024
28,19,-4.116712429015682,-7.407270367972819,-7.2468494765486975,-7.280954161435302,-7.9176446617702,-2.9164257901168993,0.14348846425850725,-10.697111653590722,-3.049761057303514,425.8131398432757
28,20,-4.661356616456543,-11.450123822092955,-7.690951843432256,-7.496958806268604,-7.514833151052483,-2.0904562355627667,1.5493847246469825,-10.722730582669517,-3.4853984104228264,417.87794429070357
28,21,-4.029533841558263,-9.186657763338024,-6.255352557456508,-7.255364295666146,-8.689896580431782,-2.7928433259177563,1.906256275772459,-11.865226456635144,-4.072585342359024,419.61676585382804
28,22,-5.576884788716083,-10.084069308751882,-8.644835443628216,-6.0232735467971645,-8.091050947211043,-2.2504983801824134,1.5274864693851422,-11.081284038471114,-3.1552490191360074,439.7376952064257
28,23,-5.686046790822652,-8.461252527334494,-8.307251666579411,-6.062954454451145,-8.938976490946736,-2.8536951248529765,1.1791011851663078,-10.254100774753892,-3.5895047214471734,418.85031525381726
28,24,-5.922692697631154,-10.330740023066825,-7.5649750545127254,-7.135555363714963,-7.130306170112309,-1.890207577856785,0.6624570395452427,-11.376675888223527,-3.5028159648955626,423.5080420465227
28,25,-6.267434850179866,-8.689590394785638,-5.182164465826418,-6.436746846859997,-7.4850624010793325,-2.978115873281048,2.1618106928770864,-9.125207271435507,-4.3354772321496,424.4043775296574
29,0,-7.32544772489466,-7.3347387826520825,-5.456470975175878,-5.5747821938877475,-7.6975030887720814,-4.187774632954721,0.36446433144098955,-9.13889119569885,-3.1252248906115643,425.4341791567413
29,1,-4.6877594809086744,-8.308024954497323,-6.127959871279471,-6.520314987173809,-9.666391870819146,-2.9590298440224143,0.9420589248555135,-8.57737930555034,-3.4005410251282693,419.9117208849969
29,2,-3.7407195049529083,-8.364618949193112,-7.0604607274565145,-6.714847321584782,-8.410174641799399,-2.565486115947482,0.33353978492926595,-10.127292997812248,-3.1740786993350567,423.67450530378494
29,3,-5.8705672523713295,-9.491836388103463,-6.038948369155985,-7.844504490365664,-6.991650267577452,-3.290117910216795,1.2191774358711724,-8.956420637122582,-3.8024070860049672,422.18511783402505
29,4,-6.4214799771862126,-7.519252812738971,-7.723065530507357,-7.524556013079984,-9.092123564759104,-1.363302949152891,2.1775088699908274,-12.61587391668296,-3.848297151383516,452.27343165147147
29,5,-5.606147544584507,-8.915718030490707,-7.791699864072186,-6.440306286911246,-7.832711404044388,-4.660243978258511,1.1725428847144488,-9.027722424032355,-3.4869810583704726,419.0251692107063
29,6,-7.234721642413355,-9.248702822318586,-6.195340991785113,-5.704256788234058,-7.48225747120483,-3.9863717695945464,0.5915088427722642,-8.187166752651667,-3.377437873788521,424.2518350966633
29,7,-4.791958302157064,-8.866731455169548,-7.6488742821443365,-6.217237323359099,-8.595044269197581,-1.995051975747361,1.5095619509938916,-11.62625984380521,-3.9146043813851668,418.11605782618096
29,8,-4.576016536701107,-9.77203062323832,-9.394457880128774,-5.919997381093893,-6.924817650570747,-1.693607333201943,1.4287180952379823,-9.019470494617915,-3.7223669466163485,415.32407919234436
29,9,-5.746458019785297,-9.745708000861447,-8.060566748515424,-5.158951729806197,-8.278038490384109,-2.2780454724672894,0.44584856438500353,-9.24243341619262,-3.0883108641798245,422.64468384885373
29,10,-2.87924052860113,-9.376031464935608,-4.199598987297274,-6.366170069931803,-9.517320338772041,-2.704550877965659,1.865400370214108,-10.419120715692063,-4.003120806197808,418.98742365728975
29,11,-5.430729885523181,-7.2521001109042365,-6.82913424149945,-6.274528007804044,-8.12906741437344,-4.179239337780661,0.7471880416576188,-9.297416699488778,-3.443183962014535,423.3584315765025
29,12,-2.846162349078383,-10.557379686173316,-8.73268959736227,-6.214958256409962,-7.836349833226298,-2.2164638001361467,0.9722347507456572,-9.021900414949581,-2.9092116746948995,428.41905845070704
29,13,-4.304792197496424,-9.735051252829512,-6.035692124224881,-6.0849099921357475,-9.97177710943559,-1.9223303353445482,0.816901507913597,-11.733787367644748,-3.0666264180436182,419.36865693490836
29,14,-6.677213549085996,-7.977264489120017,-7.8573883778207705,-6.9056958046876025,-8.312358833607602,-1.6980792447840019,1.9116751640895366,-10.543736144560405,-3.942677922671149,419.34522258535026
29,15,-3.7692948422162242,-9.751090861728791,-6.5712307321114825,-6.866354494436395,-7.38190879575416,-2.086962512501119,0.9121935455599717,-9.244334696394025,-3.287754243842787,417.8433135640588
29,16,-5.515361362545488,-9.068130050274414,-7.666522818751806,-6.4679278097689705,-8.000723491277633,-1.8475890163118585,1.026559778363646,-11.50027002305793,-3.5841107836941446,419.6460697269506
29,17,-6.112943897086361,-10.475772306166546,-8.390737424706279,-6.671623133033531,-6.358807370129737,-2.574695839827652,2.1268055996707758,-10.545690788956815,-3.6664210352726396,484.2152539320265
29,18,-5.782104527349016,-7.455280909156905,-6.809549863875814,-5.80167251697042,-8.745109758389392,-3.6960468660135586,0.6210216257345441,-11.394139015027513,-3.1779912335335414,423.2396908977956
29,19,-4.064002569363425,-9.796476086722867,-5.371556143754788,-7.985086966322537,-6.186317130533924,-1.9874465637147531,1.4412437182212963,-11.04389124955222,-3.6526663344824883,415.08931071148527
29,20,-6.544551028086535,-12.14018146929542,-6.369488637993088,-4.814578231303148,-10.863520517988858,-1.3930998651600688,1.8925290189210298,-10.62874882103365,-4.011201776744071,416.7006089852993
29,21,-6.882520328256067,-7.412877801188679,-8.278283165805727,-4.535950606690395,-8.235775481255223,-3.4593374074249352,1.351385418882791,-8.839756759501457,-3.406846129379781,418.8984811930618
29,22,-3.8695582914176527,-8.412390952951931,-7.131258203783069,-6.988351454106749,-7.0766394471586525,-2.123537297263848,1.260119071729232,-10.923308777318471,-3.704787014076858,418.39715230136665
29,23,-6.222673867263944,-9.526157739362242,-7.0587757503605175,-6.458457783101914,-8.144008889901757,-1.741393637192585,1.152417377879836,-11.805650756829404,-3.297333123490922,414.969026844758
29,24,-7.192163054162055,-9.108308514469421,-7.107508429462738,-6.966185746052887,-7.9387353290631335,-2.24381106727527,2.0937178458570425,-12.382916256368654,-3.776369667707442,453.7381162294572
30,0,-6.535162803214408,-9.475832339920867,-7.703032343641499,-5.750970897883229,-6.648530513166281,-3.2777324134483923,1.201358462181085,-10.038669414474139,-3.377573597842082,418.3821553553266
30,1,-3.8408689392749045,-9.156611987935987,-3.5052503478583033,-7.043745548717767,-7.082713165466515,-2.2142853081921015,1.7254230829403823,-12.679140994849172,-4.004020235350782,417.2429800727135
30,2,-6.890761831943118,-11.243680459818451,-7.088035665835444,-6.265510778522024,-8.032436091099596,-3.0950703980767553,1.2205328604885777,-10.922926289027291,-3.5399294033419704,418.0920626660945
30,3,-6.549817964753672,-11.016061842607877,-7.487796901132608,-8.215474344207351,-7.63630247084047,-3.0301484577658653,1.6200201360636972,-11.210752376646944,-3.8298264748042565,417.2001349426053
30,4,-2.939067614450403,-10.41524079860443,-6.91136559319933,-6.980012689800371,-7.854676841897019,-3.342016444556041,1.6748550857858562,-9.53479486293998,-4.357004940541762,425.19129000679294
30,5,-6.306704839052202,-7.680053956638412,-6.266471119388524,-6.574977970072224,-8.039365228235182,-3.6404045122905684,1.7592118550562559,-8.931728222790236,-3.8773686138012726,418.8896371258
30,6,-5.449651260537907,-11.925284673469754,-6.840275288428714,-6.95671514250714,-7.065656652160396,-2.723631239350552,1.3496622440426442,-12.354238896609294,-3.595301948631508,416.846229143769
30,7,-7.528190457286424,-10.519332926779674,-8.42740804480783,-5.33129657938009,-7.570024557203946,-2.8100999888267593,1.1403037010463408,-8.497217369450045,-3.4385426315845873,417.97101281361546
30,8,-5.176297669191672,-9.259986673997973,-7.248917383392005,-4.807606963415721,-9.232582617429145,-2.758749581585871,1.1285472252364364,-12.614309023520278,-3.3540794180360574,417.9627145397126
30,9,-3.9958401326823214,-8.671553500331973,-5.332927623573808,-6.859222557887486,-8.48638819444818,-3.0465489419210794,2.1303256212512203,-11.541312378713572,-4.021296390032244,435.7796351072944
30,10,-5.524560546387406,-8.449338140498055,-5.617982035241404,-6.306367572047153,-8.412788380663775,-2.8333962460791744,1.6043827051837716,-10.718764803684047,-4.001924399173405,419.052529708032
30,11,-7.085241768958442,-10.052209581349816,-8.901527168260357,-6.417330042081549,-7.411855628176577,-1.4631136716427315,1.1338386697305318,-8.27437942544134,-3.3617412585349284,413.72199959965906
30,12,-5.985330979503289,-11.488282532011056,-6.287138835156936,-6.411170929542759,-6.291166113415917,-4.003959663281636,1.5159558812858542,-9.638522525442777,-3.8160164891773,418.09003373798856
30,13,-5.097036682328512,-10.480664555716693,-6.812628829351381,-6.029634487279066,-6.963380566685725,-1.6153879509722744,1.6257242430619598,-11.65105153096092,-3.398439186328697,422.5695566064272
30,14,-4.633446816193967,-10.1371455536622,-6.671288002244991,-7.372582294611424,-6.959207628449095,-2.8476794542063586,1.7258543844840974,-11.654173101467514,-3.8622516187221745,417.6871477509482
30,15,-3.642011133956255,-10.618119947474637,-6.984463762503634,-8.161438663426377,-5.906248521869655,-2.5865679494759846,0.6301203300744977,-11.044973812903942,-3.5035965513148093,424.592761854778
30,16,-4.09540306722671,-9.210651788524213,-6.400503392913858,-7.6319269372435965,-8.163803989246848,-3.7879717459053097,1.609675314482832,-10.203369927139235,-3.6260225251455185,419.28722844295964
30,17,-5.462493800627748,-7.541205210850678,-5.70850192915661,-6.625343541145208,-8.331506102133801,-3.1493782279114573,2.6330449036147945,-10.903469598507428,-4.340370099585548,480.3575480860523
30,18,-6.051897588717967,-8.9662038750627,-6.581406391290664,-5.5087358820769,-9.311965714517203,-2.411141806348745,1.30131497544022,-11.41825593834644,-3.284316882365154,418.9757681262614
30,19,-5.2444753027696365,-9.3877383296065,-6.670711866378423,-7.43836360689067,-8.415925281552518,-1.6504959544855307,2.411246903928882,-9.95713378136701,-4.006902411258606,480.38898505680663
30,20,-6.384605887825259,-9.341535184158534,-7.500359815356524,-6.432991584397648,-7.326473150171055,-2.37364126958945,0.8459075964387536,-10.59964361156998,-3.200868587381346,419.5306991328479
30,21,-2.970349791233528,-9.781238130624045,-6.230467722265125,-8.181075509594873,-7.58050277754485,-2.2391810784253643,1.0553476402392905,-10.286112456264414,-3.8012820704523933,424.1958986158463
31,0,-5.513412942719072,-8.721730084801193,-6.86582473101108,-8.78306216912889,-5.385297071874721,-3.517865795517329,1.832492329135119,-11.870544483011997,-3.7320405617272945,426.5313987805971
31,1,-5.871824310110682,-10.093080778284861,-8.045177133521454,-6.044373111845089,-8.369744530307795,-3.5291597677057753,1.1991002549587606,-9.568968284923505,-3.4750682803153965,418.32183611433544
31,2,-6.785388760668002,-10.98387843454882,-8.506566457986002,-6.128349642342034,-7.346885962516312,-2.857319025314629,1.7042244445796955,-9.63112403054103,-3.7092175619116303,419.397415164329
31,3,-6.894736242283373,-10.541146125720228,-5.967558006043353,-6.640529125168037,-8.944736736813855,-2.9008773018686638,1.47571143509921,-11.313652601548409,-3.9229632053621684,419.7633869430483
31,4,-5.24646327850059,-8.72510813038493,-6.391344361383893,-6.616685307618853,-6.81883919719624,-3.306997152515615,1.19077076336356,-10.017332590036471,-3.6391301707822565,419.69772211566954
31,5,-9.024367095595636,-12.186058442173085,-7.812264509698332,-5.627145780095812,-6.751292393579641,-3.2558852602894524,1.6543319526795348,-8.46816551034458,-3.8238028776555923,417.5048990667938
31,6,-5.615647819539202,-11.516854784195598,-9.181410506374059,-6.183907065916472,-7.356017892147213,-2.609765375880045,1.2084452349212833,-8.783564868181275,-3.3464098403430094,417.5646383408918
31,7,-5.275829274714074,-9.528304813910315,-7.846848811479472,-8.053292138385363,-7.517802109265757,-3.1063216668449263,1.247818796041421,-10.007333249894796,-3.6405262835354772,418.77173085457457
31,8,-6.778216385537633,-9.437735833979598,-10.905710105272478,-5.497153334152128,-7.617378194906385,-2.8868745398082454,0.8065943447664018,-7.585409821384461,-3.4147406474582933,421.62326421853265
31,9,-6.50866569316116,-11.6401139647976,-8.626166068452788,-4.272187436145032,-9.033603508463536,-2.2404506654546195,2.231874765632349,-10.077862524043821,-3.745059944549922,496.77684010599353
31,10,-4.676954401906482,-11.400347999632343,-5.1484985895244915,-7.196153647090737,-6.689772272588049,-3.3610052874410945,1.7974625567469935,-12.347195044907014,-3.987322667472009,418.61434828334137
31,11,-5.491486266302221,-11.572305639721042,-6.524058688017868,-7.352592620660457,-6.796295631985373,-3.0662994215992216,1.0873347853338924,-10.659437764890399,-3.7428751295570084,423.18107794550303
31,12,-7.75554413811277,-10.775540465834936,-8.424115397901199,-5.513105896561759,-6.320080093986711,-2.1635223005552637,0.9096404331092199,-8.93178778654806,-3.2062100749698703,418.42083370004434
31,13,-4.568329029506654,-9.984280586653501,-6.073452438297094,-8.401939039557757,-6.699834637507618,-3.051553983113004,1.2046816813051198,-10.014554828973688,-3.4168712862597563,417.79724353835775
31,14,-7.9020223468458575,-11.975692174800741,-8.09385844087709,-5.733960354182265,-8.529694162220775,-2.2619324171879827,1.6331378090819075,-9.3699123690399,-3.8421089671839552,416.3163352460132
31,15,-6.802125723699883,-11.055981835003282,-7.022905215157531,-5.175778673793847,-8.12115316278343,-3.3701824823153403,1.6110000514806764,-10.644247874353344,-3.699739139055456,417.87351732096096
31,16,-4.701369874704703,-8.970113489151998,-6.3343640975636575,-6.800348984841511,-8.855935215049202,-2.7506392490846894,1.1297766816727641,-12.01841657788285,-3.82459055321823,424.04010535188206
31,17,-4.484136259410466,-9.884305207662072,-5.734190467553201,-6.649673430776922,-7.76499394361936,-3.3030264869978456,1.1469161504792285,-11.931794129397138,-3.489603336736291,418.60349935773615
31,18,-6.320820170880464,-10.13322684780447,-6.821131829714162,-6.878281613137174,-6.467560309309432,-4.550537652454159,1.1251931063741862,-11.75807590388015,-3.5716552512962862,420.1882424842284
31,19,-4.246361431235556,-10.580725779720467,-4.454700870892323,-8.696635267952962,-6.2435132564806635,-2.647687754664885,1.2330779909507283,-13.244001439609676,-3.5856393691706585,417.78319604977906
31,20,-7.7345788950943195,-9.243360316477641,-5.95485456046445,-6.476209491971318,-8.55174459550263,-4.384871243801565,1.133237524648568,-11.111034497767886,-3.7395564033945825,422.741346996738
31,21,-5.545191783795459,-10.679180123754273,-7.460983229836555,-6.087373596247529,-8.224791248204538,-2.778003139907911,1.502133506935907,-11.141401103985032,-3.4449569159701214,419.85215139344757
31,22,-4.298167322117502,-10.70079277868094,-6.968948914945415,-5.848051809448393,-7.339373437271423,-2.8238810985137626,1.3409531588494528,-9.109262106386753,-3.8363080203205877,420.33265433740894
31,23,-6.432851233581227,-12.25037624059659,-8.495098557088895,-6.560337952337307,-5.802717223162099,-3.2530162217800633,1.4602795543795715,-9.178992517680271,-3.475198227963646,418.7884328741725
31,24,-5.617963261586373,-9.626835995014595,-8.783404843718344,-5.6584765271044155,-8.134997279843038,-1.6865000233762766,1.544370360500043,-9.502955212893884,-3.621635138289964,414.1001628033285
31,25,-6.065016047916051,-11.057483809433885,-8.363671075752887,-6.67674339942807,-7.915809877869297,-3.304679334130377,0.5808318238924117,-9.03632354462249,-3.3413783980361154,423.6490163618223
31,26,-4.775433654149499,-7.69231618853845,-6.414296960222698,-8.183970685288525,-7.816715502726868,-2.449620699372793,0.9602377284312776,-11.981730751507857,-3.4814261927625556,419.89310099490683
31,27,-5.163460761167829,-11.103703233742275,-6.98328086828017,-7.227426308022287,-7.5073337528626585,-2.9490432784613945,1.60754470083603,-11.29406479697715,-3.787207240964894,416.9860706415366
32,0,-5.920787338915039,-9.460742640416692,-7.219776451829247,-7.703855221793356,-6.76314552601337,-3.754704553396671,1.2773724678679252,-10.198089567979435,-3.5647647240052494,418.15149959654036
32,1,-5.085918504180828,-9.549400381468718,-8.046071836759118,-8.983666378732268,-4.945660918886867,-2.5057546969112856,1.4830954107911505,-9.483354251488151,-3.8993626673150428,418.82040915162406
32,2,-4.97174058117968,-10.492026777369079,-6.704695217925519,-7.067718822743943,-6.362101363377747,-1.5171116139356315,1.2468692186838763,-11.587980333115244,-3.726890521422282,418.0768159712865
32,3,-8.918031073848681,-11.987849826002819,-8.147520807144414,-5.3653728924543636,-7.91848473213966,-2.5766729830258717,1.979646218283396,-10.460463931953806,-3.9836726191390266,424.20476724397446
32,4,-4.776366564933299,-8.89673316352319,-7.71875580662261,-4.7836246498388535,-8.487986438577833,-3.0536110193685784,0.6863818978510049,-11.752413298255089,-3.5417341845591763,425.1222045551093
32,5,-5.782585025203101,-10.766393558444701,-9.391491497057194,-4.682930966746989,-9.553016303992745,-1.3451938825617937,1.4910230245799954,-8.722955078904565,-3.639650866011117,412.62870495694847
32,6,-4.21660713518013,-7.811262832629757,-4.898070811234621,-7.327558888563403,-9.302376633502378,-1.3303004561350336,1.8573360981933553,-12.57671223663096,-3.9554358046196723,415.8498885022996
32,7,-9.78961134473808,-13.839773244262062,-6.232849046594739,-5.308189233170274,-8.415679940395211,-3.0249862326374597,1.1088664635139587,-9.55358855717623,-3.386552263724627,418.44365400725576
32,8,-8.543148875369575,-10.123522474961764,-7.663252507241715,-5.547576280808614,-8.7269434006963,-2.466374760769814,1.3008102132905166,-10.694563876564986,-3.6263221701906687,417.27589426357997
32,9,-6.470050622454704,-11.581690896993958,-7.451040190819266,-6.5231004362598295,-8.027418034774815,-2.438627672633884,0.8821860356944048,-8.39045059080378,-3.0746830684441937,421.53673928345677
32,10,-4.7555414465159505,-11.038384574291234,-7.092175855601767,-7.493105739513872,-6.54724516683923,-2.536256114986106,1.5331994028883122,-10.961080260454672,-3.6542635596342836,416.26749798076406
32,11,-7.105627528401936,-11.48968191910846,-6.489691500580373,-7.897973986922608,-6.9113391104813,-3.2725388160432773,1.3984100109288327,-11.67560666220599,-3.3597036069743043,420.7150086220289
32,12,-5.042900638478381,-10.975721734632613,-7.068354232671853,-8.521426676647547,-7.25976992380734,-3.0928184467354534,1.1308242905297394,-10.750670736601021,-3.346781107182645,418.4985465379142
32,13,-7.238960171101846,-11.044542826186298,-6.82353463057091,-5.973810383550518,-7.649095591455352,-3.3114348763446184,1.9362924888369664,-9.731131266915906,-3.971779155437704,423.17170774076203
32,14,-7.41501150266345,-12.501681646450146,-7.103547415758667,-5.636794435220235,-7.965322061937648,-2.312206985827304,1.4109806336760096,-10.420614222116232,-3.3466022498700854,419.058625253268
32,15,-5.612282714743517,-7.688410666233181,-10.442218371412281,-5.482473502799352,-6.633917625741693,-2.802811355395199,1.6890427088234226,-7.286415971138992,-3.766662167746838,417.8588600472454
32,16,-6.698439789370098,-11.180145542299055,-7.860073649657316,-5.9298177123418245,-9.082569077567316,-2.479705092682824,1.4183705380466776,-9.815605377351748,-3.5205147660524343,416.3586800854481
32,17,-6.437226345359715,-11.452949473079679,-7.224091755259148,-5.6316636460988025,-8.57547727322706,-1.914588423636004,1.4958523022410977,-12.535220270598321,-4.0099031875790185,420.4261098777953
32,18,-6.44191491006375,-10.193330177614424,-6.827051093396246,-6.028389006941681,-9.760904976667966,-2.560520035358388,1.6140361052035388,-9.488170504027574,-3.899473676752601,417.2838678674445
32,19,-6.282887847430404,-9.822770317108231,-6.182328873208031,-5.420227729005968,-7.649817238664034,-3.2641278915699505,1.6162066083787858,-12.03019771686725,-4.047040755799731,419.8882850807807
32,20,-5.536430953756884,-10.242417337249341,-7.837065862871157,-7.4755400009664985,-8.467013796303739,-1.9388088630757248,0.43908126601586783,-8.527279737732346,-2.9050964662002463,424.3398796998956
32,21,-6.001800083281415,-8.803483616323602,-5.043152998304452,-7.192081650421118,-5.379199824552256,-3.351050253657483,1.0624311920633764,-11.997664554194689,-3.4029193896886047,419.1038108317362
32,22,-5.062224790159618,-10.610092285157847,-5.036001032191656,-8.038813697630115,-8.086609434540028,-4.311771759310952,2.0860171947497044,-10.478636273110823,-3.8657797992975307,445.7539710231819
32,23,-6.3418929325029065,-10.089774943857096,-8.95940011898709,-5.596168550465166,-7.4560250253375555,-2.1058212140723067,1.6676222140123516,-8.314476905582524,-3.735628792545345,416.3608726083418
32,24,-6.310484570837677,-10.741526513057668,-5.638721098913997,-6.3516108137227985,-7.268504097657312,-1.9534359023659191,1.4315306381723805,-11.210815699065238,-3.5368373780063362,414.8405832154933
32,25,-6.4566919012171535,-10.456200715606958,-6.206316723415184,-6.890493425481334,-7.802107414783778,-3.4202667082204528,1.3039893663574185,-10.256622404740869,-3.4264573242844305,418.1962508456036
32,26,-5.16205554221602,-11.453622186135748,-9.506546276079321,-7.515159420343874,-7.80514971222963,-2.5853892470220625,1.3054827922243069,-8.398984651839694,-3.7129428971084555,418.52201652351727
32,27,-5.859806951750941,-7.986267393746834,-5.247979692741419,-6.940071407002766,-8.688687760253684,-2.2240999397512047,1.522502099149026,-13.349739971959561,-3.6972952948838755,415.68445727830454
32,28,-9.190148301045838,-11.706908637604565,-7.995303644549002,-5.233333103160991,-8.639599369117132,-4.753654961833216,1.339278383042657,-9.663079939025392,-3.9061201520553945,422.4367666061913
33,0,-7.481274213841042,-11.620822559297771,-8.029634087446794,-6.06816723283788,-6.886472645189712,-2.450507230945034,1.879309070915867,-10.343765609164265,-3.954190480359607,419.9464527382024
33,1,-5.7066781799728865,-8.503945617287602,-5.738271511150676,-7.373744439725279,-7.730342418604896,-2.126882164795185,1.5047758087161165,-11.303110117286469,-3.67452591567113,415.404725893108
33,2,-4.717744125965424,-10.197203455297494,-6.551785068601148,-7.278711160239079,-7.972502134492249,-2.30587833132211,0.8324684995790816,-9.647924258784588,-3.3755519490091883,419.9963250969766
33,3,-7.246722804038068,-9.94343274964065,-8.687519741963488,-4.361387595180929,-9.924614660157406,-1.7143434075287978,1.8771676928127614,-6.888562197982959,-4.070546907770419,417.4032148629293
33,4,-3.817712219873819,-6.513980098462092,-3.572377170686323,-7.676013875880455,-9.044751244474178,-2.373125983414144,1.622245133986725,-13.729289868388353,-4.001553157813561,418.35383953817507
33,5,-6.362949219248284,-11.225142014758251,-7.9778017794662475,-4.526818223381742,-9.271808900755254,-1.741454626788422,1.273608568993519,-10.067429656888988,-3.735612062138301,418.3076837274126
33,6,-4.93442070731021,-8.699435775331752,-5.699026256181992,-8.537386074509996,-8.431018720280614,-3.0866874196845577,0.8706352783586008,-11.09165043606232,-3.4189034818573845,421.05184716884986
33,7,-7.387292246455554,-8.332937349237884,-7.877596410531136,-4.902503848379517,-10.17360579632331,-1.3461508966161084,1.6154324116847156,-9.48707902173251,-3.7894295584776927,413.51713774600466
33,8,-6.028264773990451,-10.39495583013588,-7.755530556353693,-5.914450579142004,-8.285738679629096,-1.7429008917403541,1.5336439251831084,-8.739046212045652,-3.6680845896539567,414.278036115546
33,9,-8.24967771920011,-11.200798487310417,-6.373216973200822,-5.085956518454674,-8.317448476625062,-1.6526704741860792,1.5884638316019013,-11.002000624684936,-3.6646985021742715,414.215664062854
33,10,-5.372897925899677,-10.548898024603591,-7.549523026684695,-5.429817128833421,-6.387705403361152,-1.7155271832807553,1.2259735192080436,-11.032227142430191,-3.3712457523990786,414.3357125748885
33,11,-7.14187220189853,-10.413369353741414,-7.112208638448569,-5.327005582919988,-8.426895354851471,-2.8739594425270796,1.323144187217752,-9.878601856938666,-3.4326633011909844,417.4926931244479
33,12,-5.910093420508044,-9.30045352720287,-7.630645217883758,-6.2146589004340695,-8.474643835556005,-1.476881431250486,1.5611950804167478,-11.000267666299548,-3.566766109984317,413.61236936232876
33,13,-6.429080221282503,-9.94506950460464,-7.526750620384035,-5.0738074708977186,-9.647923575401958,-1.7039342501523957,1.8239373542812127,-9.131103291472618,-3.810530746835853,418.51307846422685
33,14,-6.716630454363684,-9.249652975049395,-5.33215660244291,-6.512827849599302,-9.16684024498127,-2.027578982149624,1.792941216053282,-11.278091670074382,-3.8922281041016,417.3227954974723
33,15,-6.106417448630236,-9.325203583442553,-7.97281543945688,-5.764001192879752,-8.41193632942943,-2.1871594705581288,1.9705676245649624,-8.070566066901431,-3.914770786293258,425.4199251478599
33,16,-7.442164996446339,-10.14344063296277,-9.689484022941917,-4.134151026759444,-10.414674195422485,-1.5028295412261237,1.4237868590412912,-10.867586937101972,-3.567711940997534,413.1589506398584
33,17,-4.523806104458349,-11.529193793556264,-8.779538678094408,-7.099519083904099,-6.058259877270654,-2.0423618398376555,1.1109083465496363,-9.682848083076049,-2.9745526784429415,426.68469844502414
33,18,-4.629098504658531,-7.493472034806313,-9.44402096281163,-6.938267932937771,-7.435019754012204,-2.613683563301712,1.4911593342159186,-9.016467643232712,-3.580030863728798,416.5802353999102
33,19,-6.434486978986243,-10.610927767760545,-7.179220986855439,-6.062908230220834,-8.670669023863667,-1.6054088233720676,1.7234915268588893,-12.207780836023225,-3.8682300261349534,415.1131257296408
33,20,-8.09639355255088,-11.49452412236163,-7.214042355980504,-6.570609854812885,-8.290605590597329,-2.9297433648013484,1.622507467565373,-11.048891906574926,-3.6830168087640045,417.7917485518199
33,21,-4.03201075995891,-9.490916471576824,-7.435838343192263,-6.0271165588450755,-9.577971309803546,-1.4813265122926749,1.5962630676829663,-11.181582927624929,-3.890900616661225,415.3372395889925
33,22,-7.68807136820104,-11.409810289238596,-8.055104737570051,-5.397381438464902,-7.874574912038358,-1.7371531859978218,1.4992126044574192,-11.16501294081834,-3.613128522421189,414.1366029313407
34,0,-9.145399674596021,-11.835317006426312,-7.633625487213777,-4.337445633992904,-9.779388817768591,-2.031950584181308,1.312241845625758,-7.62857372450158,-3.5571949414639175,415.63660453057395
34,1,-9.433062171652654,-10.350337744948703,-8.292594136363508,-5.143135844055141,-10.608883178332755,-1.650182395798261,1.4981330604027292,-11.161714771220272,-3.6437878524301524,413.904332188224
34,2,-8.091989719862509,-9.48642021442614,-7.610018568618813,-4.162209020271401,-9.760969980623313,-1.8948208403836753,1.6938682919931005,-10.936150407446577,-3.855599157965049,415.77731319928387
34,3,-7.414581537896849,-12.30674274940674,-11.725217222148064,-3.392899681887061,-8.864220398620297,-1.907041467637397,1.274539947536144,-7.010562044506987,-3.370111986126749,415.24463478363543
34,4,-4.826450709179475,-9.237915258887039,-7.048444687122622,-6.828641583850498,-7.22538226735235,-1.6234033816554665,1.293161418473795,-12.733893937457738,-3.3661527654419863,413.81650102642743
34,5,-7.738108018755586,-12.048681285836954,-10.016136465188621,-4.353632325138568,-9.117488139362276,-1.4754591623361724,1.4583008456335227,-9.641474448966012,-3.834858013743006,416.52367144795846
34,6,-7.863595377963912,-12.078216594538901,-9.111094730045327,-4.424550665438253,-7.6392533399819715,-2.333294185301702,1.5185515921214263,-8.764717612941759,-3.668361156754608,415.8898012665127
34,7,-4.463091450116328,-11.206720271772056,-2.533047864310701,-7.274158968748388,-8.279481075706963,-1.4138461938410192,2.12097192825612,-12.58696058398494,-4.2031969303937124,421.82255430058757
34,8,-9.957137334562113,-13.254769453428352,-10.244307691892923,-3.4987885565308643,-7.224067094322954,-2.5416883395504466,1.3212961784215762,-10.08114998821402,-3.583436614794314,416.82811367079466
34,9,-7.22925392794342,-9.974055900008425,-8.296165114141793,-5.141428622611325,-9.691121327683192,-1.834964250581626,1.2400798069687298,-12.02719667181887,-3.4320091743450227,414.8631916586363
34,10,-5.032339584665239,-9.379682217580047,-6.339306590199502,-6.170107325764706,-7.769262201663821,-2.137603374579601,1.1249771596178322,-12.388267953312283,-3.698963162222532,420.796424999082
34,11,-7.56558807543635,-7.475455271163749,-9.302418230440516,-3.7264193210349585,-10.153718489444449,-1.668433836769052,1.0696375085222547,-9.167044281832684,-3.2026263954876484,415.4953943034136
34,12,-7.795336021235924,-13.360565747394764,-9.904144711828287,-4.490260389282189,-9.05248633331453,-1.415565096242686,1.498820065111202,-8.904831709003904,-3.6088725964916146,412.778391030809
34,13,-8.821885251322925,-10.446359022662595,-6.767066914053203,-4.357303807750302,-9.133785642339147,-1.45411729911207,1.4274247475954362,-11.442727547901987,-3.8379017290314312,417.11451944876063
34,14,-6.08138099497326,-9.404254560234408,-8.060539826995276,-5.222064347794544,-8.719548784699262,-2.8012929495020504,1.866983527138444,-10.808383401753767,-3.7086994025926603,429.92993183040824
34,15,-7.820475827303774,-10.385619519925662,-6.906983167618434,-5.870327225980946,-6.745959225011321,-3.9744473995064453,1.4875880123613066,-8.635993011166686,-3.3989344426948715,422.8245670730036
34,16,-7.211589880401703,-8.673859980605497,-7.291052220990726,-5.414444502107685,-9.183121786577049,-1.5833362288904618,1.1513645801616679,-9.5576172330825,-3.497072176123397,415.4841408435499
34,17,-6.255373422423381,-10.508698494962495,-6.602448951640388,-6.5555754793546255,-8.644931332316572,-1.7195334733146557,2.0668685109243214,-12.678175863153328,-4.082804143797466,423.4967179259903
35,0,-7.277801631772162,-11.208428753562814,-7.165932995391591,-7.834595914448958,-6.132229109568659,-3.174790379851526,1.4982067866324773,-14.32781684422958,-3.8391245487703523,418.19665209559
35,1,-5.21662053463259,-10.440388759426718,-7.0659100933189,-5.6220175088955875,-8.623738142763054,-2.8480618721295556,1.526463760413444,-10.492531138032653,-3.5606134972267003,417.74007707491825
35,2,-6.012896982363238,-10.498435670280674,-3.938128365744297,-5.389285968636988,-8.1215927912423,-1.7837933948709448,1.4782662142991003,-10.635006648251174,-3.591301084833844,414.2891363220584
35,3,-9.352438991300417,-10.508274321358599,-8.19295973238284,-5.676736482710078,-10.480977719537284,-1.5775458440474996,1.4486973114975228,-9.28181819889447,-3.7373494034505077,415.07190815102126
35,4,-5.774450422640414,-9.292911499308076,-8.54910243836887,-6.021244526045268,-7.371254429368769,-2.028071116099631,1.0436309269491229,-10.821886410949507,-3.566708069008605,419.38201709372976
35,5,-9.638944390111844,-11.619502851873595,-6.956509603811873,-5.532276349619219,-8.089768949321593,-1.7044630721347076,1.3077508209466728,-9.369351717839866,-3.5388369997240963,414.5140337626573
35,6,-6.793683958588989,-11.393970712035896,-11.27503107187641,-4.703699436280098,-8.180756609991084,-3.1184986365394183,1.0846554077411144,-7.94904524903291,-3.2979176644229873,419.115766932989
35,7,-9.477950000222325,-11.680230460962337,-9.275078160099609,-4.512867525443194,-9.48368319748409,-2.05039676565021,1.1291551608486654,-8.595316583767849,-3.613014531415738,418.938919567037
35,8,-8.153605800220287,-13.193763976126327,-9.349702871558414,-3.892093605273393,-8.346591380196807,-3.136797113075998,1.3070906402979117,-8.84018767779105,-3.625590386573822,417.97865401566764
35,9,-7.911841978246067,-8.980577849762106,-10.540078476844306,-3.6167151211983417,-9.930022215140067,-2.007056439554489,1.381655388007421,-10.857726286295133,-3.538790125112324,415.08594103157
35,10,-6.871389212343727,-10.55541994213939,-9.712188292737352,-4.69955089865869,-10.480367235974974,-1.3186849919688268,1.8135872393470962,-10.80516730541912,-3.8561566137518617,415.51691248892865
35,11,-5.559052236064554,-7.753738436926547,-8.918965860725512,-4.999056660234555,-9.327354224182013,-2.5855529634132206,1.49299511293499,-10.596329759142941,-3.520568916664546,417.3512380332123
35,12,-5.165675810206906,-11.649365035809108,-7.779929740294444,-7.147213155177068,-8.846087765154609,-1.5374383052638525,1.7158014699367508,-11.676343087929233,-3.851430835496823,414.74990344704827
35,13,-6.040837838474075,-11.318072548505429,-8.162666890486719,-5.330392003009757,-8.476332155261861,-3.0099288873795302,1.7365016130999704,-10.122920988224653,-4.024031330366274,418.2578750420318
35,14,-8.053349508869653,-11.787386678160518,-9.964441018924155,-4.491146257938323,-7.393725527688019,-2.467587710788713,0.8024687729221052,-8.142836500270134,-2.96441974164807,425.0717622042701
35,15,-7.5162448644794635,-9.980153262678549,-10.122110963079502,-3.5827976542848057,-8.678810096448105,-2.271999010749391,0.8102797860533777,-9.516909798128165,-3.041309874047815,421.6623343335842
35,16,-6.091343753819321,-10.597198467296638,-8.562669052908126,-5.206809735890502,-7.597477860373966,-1.7878789281402954,1.1531825726404512,-11.268167488895912,-3.4148010873726844,415.28596240239256
35,17,-4.154329137035393,-8.786176868017673,-5.950622184600755,-6.731943273981991,-8.965041726151604,-2.673432404914992,0.9110308082277313,-13.635994340817474,-3.404167272484395,419.890446758449
35,18,-6.907942136004006,-12.514131118855264,-8.088748115924105,-4.520527708067787,-8.178227632779635,-1.6236015623156814,1.5994729417054612,-8.576249841539958,-3.512812533807799,416.45190318971163
35,19,-7.787728657452829,-10.46039654527079,-9.855130212062207,-5.359326483100668,-8.733631967926572,-1.769542379213426,1.5913196850429132,-10.526723047855585,-3.626450495908042,414.9646990573305
35,20,-8.251111648204834,-11.511089486922245,-8.734045008307474,-5.06864344150337,-9.631552827008898,-2.7817635477098266,1.1176374546381618,-11.050953336716042,-3.3474552284075147,418.1253714107239
35,21,-3.370672626619271,-10.996710577161766,-5.665644899296481,-7.273046424145039,-8.815546556929036,-1.8163425221607918,1.5349402418061089,-12.073785314654913,-3.9567038559883176,418.0982847008822
35,22,-8.69383122028837,-15.154364830824722,-10.024387079298737,-4.384793890806464,-7.191848189357687,-1.976478914106656,1.4949829472542855,-9.292323952609761,-3.2116138289287406,428.74618458972054
35,23,-7.327747332379528,-11.51770586151028,-10.662125872045777,-4.581487432134911,-8.906723721153497,-2.1076931336859825,1.5879580450328017,-8.641968667732058,-3.836245908037058,416.1882772550495
35,24,-8.208807500046907,-10.241539664599077,-8.78360027719877,-5.08815328603429,-8.991705857561444,-1.9705039564817421,0.8689864251290912,-8.480060648442171,-3.193155993841474,418.0616756788253
35,25,-6.629377991998747,-8.76973110108257,-7.405168907831241,-5.152828484170126,-8.785351210404322,-1.7370276758097885,1.2586023451336539,-9.106592571071925,-3.2524427159188143,415.90351299205213
36,0,-5.88541803198754,-9.787851873612166,-3.551412687781389,-5.7680694900863925,-9.161650527859015,-1.9903633397118314,1.6949856543707358,-13.45658912028955,-3.9314359327722634,416.4110551733096
36,1,-6.057538508874359,-10.388163332987954,-5.6000449890651804,-6.670827652202275,-9.460620163041465,-1.3832703874476033,1.3549599073002083,-9.253290591334634,-3.555323690750613,412.94901113905314
36,2,-7.636065124959299,-11.20915866745846,-7.7694470537537255,-6.228678864940508,-7.368648617498433,-2.080768174823544,1.1941637979514264,-9.565669995325601,-3.277439688402434,416.76408781935885
36,3,-4.900543878046401,-8.60504683444204,-7.203191675463656,-5.671479905808724,-7.897218642304453,-2.10907916623439,1.663416628774161,-11.764338355248535,-3.746276675860965,416.17744703751134
36,4,-7.388936350117559,-9.672714963835086,-5.55003272171151,-5.375057805733079,-9.012125440703603,-2.2091267953876406,1.3566231716465325,-11.705627137668444,-3.520940742059755,415.6625987158841
36,5,-7.018459639616388,-11.408441337164192,-5.09824197458787,-5.437594730802251,-8.811435907050667,-1.5997911105314722,1.470675485855942,-10.758708059867896,-3.783297192209479,415.6072312408591
36,6,-6.677223837383062,-8.91991495127413,-7.128534154298388,-5.794566020148166,-10.024327358092126,-2.5160730558195565,1.7812772524872573,-12.462650650974444,-3.7268394961235876,421.6953941851936
36,7,-5.967198421750821,-8.862116385764768,-6.431134739545163,-5.841231399135705,-9.94221930913155,-1.4315094951312404,1.9073712007819938,-11.46639692899717,-3.8213387140565627,421.3091214730792
36,8,-6.752951325757866,-9.925876634443414,-7.134080750950227,-7.102554929818092,-7.61549263736738,-1.6606897703217576,1.312328452516554,-11.928444517146666,-3.5293539739491675,414.21280277638203
36,9,-7.682830430151311,-10.7685537814343,-7.645081290040347,-4.825140662272869,-9.913327314300775,-1.438664723251084,1.4852930501876946,-9.285883992583074,-3.49362942248478,413.0710790588431
36,10,-6.753052343388254,-7.769180053564975,-6.007614681814279,-5.397582467247501,-8.933866095423179,-1.6737119998767638,1.4781854263387064,-12.756907023588925,-3.578492850907222,413.840853521637
36,11,-5.752860749865169,-10.502822161440548,-7.819385254489851,-6.383226025702015,-8.391071523725717,-2.948745895970333,1.1732017602250346,-8.686505841984028,-3.319064405118155,418.5344973263742
36,12,-7.926043062612437,-10.660842669270368,-8.48380068013336,-4.6875285762408945,-9.65686460724025,-1.755608701727946,1.5343756906383932,-10.72073982462593,-3.650764706560725,414.32583574029707
36,13,-6.790820410555444,-7.2601708897990225,-8.572993003046296,-4.419532425328616,-11.736809600393569,-1.581311319860571,1.3673545401494425,-10.373460638628433,-3.735247397028579,416.2941464590454
36,14,-6.975294686915355,-9.972723257521956,-8.74534361325429,-4.124341146105143,-8.820186604264878,-3.0550771909676215,1.562734194348506,-9.256407464914776,-3.650369917498947,417.4288743585744
36,15,-7.466181033490056,-12.572723724541955,-8.243347665736973,-6.023266522796056,-7.057081726415636,-2.884503659199646,1.3905854254347474,-10.20425986247959,-3.450488419776397,417.7414145031447
36,16,-7.034093042597374,-8.812136448294885,-6.3970288236932955,-5.737879510081339,-9.890135632885713,-2.1159707215735875,1.532270394272338,-11.002026317558892,-3.591945526559117,415.73474917263013
36,17,-6.84685901900751,-10.519722097794325,-7.389366265804654,-6.626686378616415,-10.229648595833282,-2.5233666514787423,1.5047319238569863,-10.020411749970684,-3.554732749328529,416.87924021538805
36,18,-3.7630160842288314,-5.922055847720871,-7.058914177780287,-8.895209750897287,-7.6289383031071,-2.810866672616692,1.3489286824854811,-13.973586288390832,-3.5716375950654453,416.72708870911043
36,19,-8.60346520005842,-9.330378647588244,-10.415421048653752,-2.764442449494766,-9.920885848978862,-1.9957285982473052,1.5088503065148955,-8.333452867100558,-3.5490276236415443,415.5894494111453
36,20,-7.579714416251977,-10.983538108571176,-7.986264027178674,-4.569208696171789,-9.637707667133705,-2.319136316443569,1.6083529645800714,-10.666725801805187,-3.4172733345347472,424.77254366842607
36,21,-7.223113473865508,-10.133889304773641,-6.703666285741916,-4.806323001016947,-9.063195020963313,-1.3656194232639458,1.753078782287556,-12.06972488302255,-3.6759053693707537,416.731108228391
36,22,-7.213037014269304,-10.514182901386501,-7.15130128038088,-5.602647352165869,-8.321599309466833,-2.107028338461306,1.6456918487026566,-10.421031238661431,-3.461757225932636,423.7521926668617
37,0,-6.010433974995967,-9.849671078306656,-6.637745929571374,-6.347720317506449,-7.621303331373383,-1.7536283570976599,1.2548564512977807,-9.183365774456208,-3.36557059379387,414.5100073458703
37,1,-7.785232496298886,-8.527440882794902,-7.179717751349515,-4.867467695904083,-10.815525085967451,-1.311429699713592,1.4053006781176762,-11.24004077804238,-3.5296046167648405,412.06297665389303
37,2,-6.370856303966153,-8.307648222775196,-7.7293391783410215,-4.838569199271545,-10.507433951618934,-1.2442402038670028,1.5523693526242106,-11.808078858123372,-3.8104812048176457,413.93597324825373
37,3,-7.210158948651702,-8.443641671396794,-5.513650781831444,-5.952984561684806,-9.653821698996445,-1.9313249574171374,1.4830446773920323,-10.836013748331363,-3.696108790635911,415.1693620597294
37,4,-7.281478039372758,-10.99387353463522,-7.107156037695673,-6.2888859755908895,-7.9961879465740555,-2.232409387760144,1.3299072040222448,-10.137660389900102,-3.428208996774799,416.0683797630036
37,5,-6.100511759186526,-11.891719131141727,-6.469426113751107,-5.862494431117852,-10.395224815748541,-1.4715054785205326,1.4037072999830413,-9.348513240235802,-3.657369321772518,414.0716871073259
37,6,-8.49341438971798,-10.848701433187166,-7.939324739549841,-4.584841765319559,-9.846937194449247,-1.3442683292668975,1.443960324678967,-9.754458575899564,-3.7961084897779784,415.61755088434785
37,7,-3.6629934419978634,-8.792557558161988,-5.318538868572347,-6.632834931115879,-9.211133368813712,-1.3825800807826862,1.5028729231874778,-13.109105781093715,-3.620233239973383,412.4606719680994
37,8,-8.6718906777864,-11.780202363420646,-8.97681792896456,-4.77873487224465,-9.426952307903955,-2.2761691269358435,1.4097963372186133,-9.127929133882551,-3.7475729844858794,417.21670630979634
37,9,-4.345742445309447,-6.977335638457227,-5.98848774625661,-6.574389251690917,-8.358076118013173,-1.8779080461727913,1.247002422010714,-11.77882448681127,-3.49385489163523,415.17226802882266
37,10,-7.4305335628047215,-8.129139814263494,-4.565406537626997,-6.044181575340503,-7.806384027734515,-1.652943313500158,1.711116923724637,-13.244131450254168,-3.716678747266885,415.97131070433176
37,11,-5.311793782307106,-9.062785212450192,-6.419936744296881,-7.5705360234198285,-8.581041390767677,-1.6218242944005448,1.5134506904961142,-11.164907629567875,-3.4138908591469224,416.2836552668117
37,12,-7.360147894792847,-11.744142323537567,-7.958580834508113,-5.3318123401253015,-9.510415285762203,-1.9268638018689372,1.5688288793040008,-10.135189572533655,-3.5719786935944597,415.88681662525636
37,13,-7.939345573285905,-13.083968841189876,-8.84678069410275,-4.717489681314786,-9.011721815429649,-1.9703353450096288,1.159343496997438,-9.732761765561518,-3.594631196215143,417.9668392651738
37,14,-5.0466225750090805,-9.85576520771855,-8.07111847573671,-6.3441990759861495,-7.576167693247403,-2.1748763037811827,2.0674574779824204,-9.776881412763485,-4.081373413018287,425.0921075909481
37,15,-7.630160801318608,-12.055832366165234,-8.462177519859779,-3.430476442644168,-10.32178142926369,-1.2879011808346983,0.9904171342811433,-10.074375518102977,-3.4207619918413017,415.62065861163967
37,16,-6.2798979738697245,-9.071245970906787,-7.269106342002149,-5.8078583385191,-8.318122301619036,-1.855626699832765,1.074407027361625,-9.711730491459882,-3.537412081583061,418.0369527082824
38,0,-6.074634489548547,-8.505575688050156,-7.55513129597597,-5.079608064241553,-10.00277846922703,-1.6769815053689492,1.4151078086715527,-11.230360834937885,-3.5293580738749153,413.779410509185
38,1,-9.516085372497377,-12.647973900414257,-5.4520418455092505,-6.913106952997482,-7.771639910480478,-3.0108590324547357,1.5394301650556574,-10.672393395116917,-3.494588375777374,419.9414784410386
38,2,-7.195861189616557,-10.586726245708382,-7.945780362453697,-4.991429399860393,-7.413488833849334,-2.149034095063049,1.386798549378984,-8.159007176929588,-3.6044963544933157,415.65024601146604
38,3,-7.870226283192369,-9.49202279529362,-5.595949056577914,-6.242605344733576,-11.306345154740175,-1.660967600271826,1.4052016133309913,-11.644705111080448,-3.5799981505642595,413.9374845686988
38,4,-5.74305335457049,-7.147356277340614,-6.8328981634260835,-6.770929654143094,-9.567861165039497,-1.3351414858914181,1.4611227617834286,-11.01172532775868,-3.4018642061266955,413.1362777283964
38,5,-7.134962329702424,-10.670791159710458,-8.702195437754234,-4.334063499799233,-9.380518994724412,-1.4181584424247413,1.4562055107923029,-9.54671567258651,-3.630476867235584,413.08815153925946
38,6,-7.075096767202522,-9.378226987603085,-8.083300144345932,-4.833869454449854,-9.31374509033442,-1.9822534047838691,1.3215258314893203,-13.048148295870803,-3.431539474722311,415.18964331431766
38,7,-4.890537307870579,-10.744677252908133,-7.503397633985829,-5.716564183083023,-8.717030248176362,-1.7065807938356428,1.150297569145563,-11.502646458549567,-3.3841586784155955,414.77635229803445
38,8,-4.190369532718611,-6.914267018135206,-5.014358348487567,-6.783694678877849,-10.070948918733865,-1.4226093280925087,1.1966952698248934,-12.481734436239574,-3.378240724778464,412.96039795593373
38,9,-4.489412284319212,-8.226025633741365,-4.792957182342743,-6.6948444438789725,-8.806121444995394,-1.5902491907299827,1.3634663990912785,-11.214121626410657,-3.669586170879444,415.1026597666622
38,10,-7.3607527258344945,-8.709888280215798,-5.965475574162236,-5.013937730505025,-10.73002123738714,-1.5570395366869554,1.4362514078468527,-10.18822868863741,-3.58780219213983,413.4349439860671
38,11,-5.6964097692842515,-9.851402141353976,-7.249208114006277,-5.722434831893954,-8.941819179252649,-1.4318784272893106,1.0959913493897468,-10.690992557304709,-3.3973164457016676,414.29672591256576
38,12,-6.069269717576469,-10.560173916657153,-6.455335671309056,-6.151557896583005,-9.957214227426537,-1.3521803457118866,1.4634815125962164,-10.912659355467826,-3.8018335120945683,415.38436963210347
38,13,-5.1497025613507095,-9.198446409846905,-8.544155319202842,-5.281625008788214,-8.543856846087362,-2.401140533691387,1.7132337176955985,-10.712241743871193,-3.854639482440365,416.95450725104627
38,14,-6.573259370046548,-7.923211181806565,-5.2820791151651605,-5.716611758396832,-11.603684856399514,-2.0856713277252728,1.5917832406836556,-13.05872509877888,-3.954160812364153,417.7417616553424
38,15,-8.052126592623955,-11.366612472111008,-6.165268171352018,-6.250501531116017,-8.03708467080085,-3.05955560456479,1.2277585759422873,-11.530626140303001,-3.6486678830682857,419.17999397573266
38,16,-5.600376770676418,-9.040341878761843,-6.529544864137312,-6.073961420567622,-9.462000624748102,-1.7454498416603073,2.0279227322360986,-11.515060665939677,-4.072593795059541,421.80854439502605
38,17,-6.025939758844157,-9.031687025996998,-6.092022299482594,-5.164507074386219,-10.652895538290062,-1.8903719374772654,1.7393868574017322,-13.572627323774043,-3.7701308161153078,416.9464945291536
38,18,-6.92721877344316,-8.424595917559355,-8.26257718032391,-4.91188936677056,-11.42840256230384,-2.147531620975097,1.3453650996597915,-8.185044014895656,-3.6364485729589084,416.31919615049765
38,19,-4.426800057455544,-8.692824346090442,-5.924185401826679,-5.8287688672337294,-7.760248858364795,-1.7019334515663391,1.8194133191340474,-11.530898130955867,-3.9802124273972805,416.4804790498244
38,20,-7.322344771102738,-8.362750422159024,-8.11516665090892,-5.174719293534799,-9.583479573723276,-2.328945490784998,1.1115207065204682,-11.871887506340444,-3.522619514718241,418.24495439821
38,21,-3.902016728531193,-8.678038690950176,-2.766214185106649,-8.096785197544769,-8.470537955571906,-2.260418329543996,1.4791821608130775,-12.087041285705224,-3.4793083573505927,416.92297772440565
39,0,-6.2617553601246,-6.934869809680045,-6.978277826081358,-5.296264853808762,-10.941060473361148,-1.4711021379444567,1.3731107447423914,-10.468587651100847,-3.406964654863615,413.0131395905437
39,1,-5.273049025906484,-10.906255478219794,-7.879970276378414,-5.1251257252219435,-8.503212713950614,-2.03031779889235,1.3344110546115477,-8.258218475071185,-3.4351099192942587,415.3281083348371
39,2,-5.417287015699342,-8.905773898430063,-5.864339551601482,-5.624265118474051,-10.589432141712127,-1.8863428402727602,1.5749787882348323,-10.928199545085873,-3.889165737824424,416.5533016519434
39,3,-5.0640701736656,-9.604663268375983,-6.222292842386404,-6.332030497716193,-9.122585460917334,-1.8237925370151533,1.1476152703474327,-11.41385545079311,-3.341818786941307,415.21067872807737
39,4,-4.4361496528581235,-5.776776535477838,-6.288379028663755,-6.650552769092969,-10.390941454399254,-1.4243262066138884,1.5847912629652712,-12.071722589558497,-3.631145591582051,413.15884022705035
39,5,-5.5399320864535095,-8.302057923338658,-5.871597262768689,-5.982783470953894,-11.06520096022315,-1.2176363635524268,1.2926807531677884,-12.789483062272827,-3.5027727582946664,412.1707180795521
39,6,-6.033425397175244,-8.624392812006883,-5.5024773231036495,-6.702815506399968,-10.37969979812284,-1.7678432190145916,0.8926493075830308,-12.480684077256438,-3.2294770472796266,416.944583254012
39,7,-4.848416230808252,-7.522440361807876,-6.488894290616277,-7.292165359093412,-8.47149494920671,-2.395886747812476,1.1870582541451054,-12.789971752124638,-3.1628616367530884,420.92692686083865
39,8,-6.811843923141844,-8.370932851331526,-7.540049399444454,-5.3405638653853265,-10.300975942073459,-1.9634466188836313,1.3099559791404949,-9.65068683356517,-3.584472457512262,415.71312810478656
39,9,-6.1557475058767475,-7.505915787162887,-4.8756476934123745,-6.223111826116886,-8.319488313014757,-2.0453188377065565,1.3582254074395175,-11.69233179491693,-3.504434351484587,415.187105745857
39,10,-5.5002734595690495,-10.978811235668266,-8.012052472892915,-6.296156628745039,-8.724783198550035,-1.832360162876766,1.5430296886735202,-12.02991532852156,-3.914621544466066,417.344310763864
39,11,-7.432255253355217,-9.354730267819313,-9.766181461885271,-3.564028436334301,-11.64578146961652,-1.4514006489028413,0.9820406031679307,-9.395485507211031,-3.223728856139207,414.53853679111
39,12,-8.105932874383528,-9.585226830098792,-7.81214115230264,-4.161511137539186,-11.318725912071704,-1.6311351054070817,1.4508376661633493,-12.399117179819811,-3.617202756514069,413.8648378302313
39,13,-4.988437668592026,-7.460721634729112,-4.6368420319518036,-6.795575259925238,-10.130231106449603,-1.9366902550955525,0.9703271401754808,-13.034384293105246,-3.3342154135170956,417.15984028399026
39,14,-4.607125980752674,-7.468363815087113,-3.6692620905037514,-6.405280290222148,-9.498400553000415,-1.6183705119953624,1.5152096043451275,-11.788916437797788,-3.629918848102019,413.6958452904092
39,15,-7.5605028038398014,-9.816736093887569,-7.629793294830929,-5.359933788888388,-9.651074321474184,-1.4256232616439979,1.7623879364051134,-8.623190885079346,-3.8430087118924847,414.9520336081178
39,16,-6.3835746164680724,-13.548263240588504,-7.542564437885472,-4.974993664055869,-7.71805288062534,-2.3201985656630595,1.9775906595610944,-9.125217454051663,-3.9609673188140375,424.34111845308604
39,17,-3.9964615607350025,-5.894684392368623,-4.811144583521505,-6.7662100140685855,-9.82006206049161,-1.6447722492516417,1.656807670598618,-12.499597075293899,-3.7639726859197657,414.51148892033257
39,18,-5.003106913146081,-8.735182583061754,-6.271349673100138,-5.404969331531394,-9.46041589765745,-2.3299271427207,1.5412986811811735,-11.474571711053688,-3.7272098935976548,415.95170500574807
39,19,-5.8276126624503055,-8.296135844039796,-7.497012631718018,-6.072014353890429,-11.355018071265079,-1.3044356007585958,0.8999375371447762,-10.99028496171152,-3.1007424626475126,414.4695101881922
39,20,-3.849814431222299,-8.017086775101319,-4.095650799161854,-7.662400914195379,-9.151853256435126,-1.8917955292363855,1.2758323939400382,-12.920769280175378,-3.2832928465196716,416.2228183968853
39,21,-5.643851973961944,-8.31452368003592,-3.9614450892741244,-5.902591371795271,-10.276656987635143,-1.3717852078897501,1.4922203537704153,-12.835721859912631,-3.713851284063623,413.5672719203902
39,22,-7.159755257734764,-8.88466724310908,-7.43727687602239,-4.336832017452312,-9.980978157711169,-2.3173121258267355,1.3930118461050058,-10.080362313717938,-3.4425956066102494,416.5852070133298
39,23,-6.489198442536919,-9.538568359961165,-5.459955881199386,-6.504347491495815,-10.30905573941886,-2.000627332149196,1.4697179455555247,-10.23607193318852,-3.6679739165984273,415.2032053744583
39,24,-7.4264602827997415,-9.033168459609918,-5.290711508056616,-7.031156451618735,-7.229818784312149,-3.174761015393195,1.014918973084145,-10.511862734440042,-3.417209809782881,419.5220841568622
40,0,-2.6440454527962416,-4.770293280868165,-3.581923176858763,-6.6792980891431775,-10.100724889731683,-1.7209498931158924,1.1629398099369068,-13.911632210267445,-3.448565859878193,414.67886753106154
40,1,-5.388482587939073,-6.457772887797155,-5.646928058508671,-6.9126384590767245,-10.171653448432071,-1.5549791286676848,0.9586157627088429,-14.071650615513954,-3.0722392731412667,416.7321774859238
40,2,-7.190378923842768,-9.240687907134745,-5.41761892672305,-5.147092738162295,-11.23707142732521,-1.8435547915557056,1.7899375620722464,-10.929082457180096,-3.9344385116507867,416.58872783716
40,3,-5.5028595468352846,-8.26716981412586,-5.993441023693233,-6.518550678880873,-10.517155821192516,-1.8948496431650885,1.5087079461077675,-12.91067395731946,-3.5886826856186764,414.7822333186151
40,4,-5.979586901370434,-7.795296967934103,-4.470660300723552,-5.8955464005328855,-11.745018089981302,-1.219653493964325,1.493435281132733,-12.546079055780528,-3.5808686013891973,411.6213960962607
40,5,-4.928356021601359,-8.197993895392917,-4.832568590375663,-6.057170510206569,-11.497221353734453,-1.7455511282807123,1.31758489086561,-11.69245553811544,-3.506187606468393,414.30080049319054
40,6,-8.811756286704957,-9.24447209875399,-8.280268279470441,-4.132576796079274,-11.929736046880198,-1.8524425915225973,1.061390351242026,-9.583548540658665,-3.265415161684995,416.03817924961066
40,7,-5.381102123986044,-7.828827649714811,-6.210794281059933,-5.322071811313036,-11.96196966910955,-1.953421137052492,1.3382179467681836,-11.131640862735427,-3.479684252757204,414.9120204988652
40,8,-3.70655288662059,-9.488700496536413,-4.987248751458908,-6.674710348166652,-9.940738575459028,-2.152662385287009,1.2460221570755772,-12.192970301828211,-3.4394542791029177,415.701743472267
40,9,-5.256319228567113,-9.730258497844115,-7.124810919007483,-6.322995357799514,-10.641449401543143,-1.4746964491453405,1.441177798423824,-10.08863516851038,-3.440048813996755,413.2755875002266
40,10,-6.325219484534305,-7.709928443196528,-4.303217745365091,-6.8239687097261985,-8.193135786640594,-2.492904820136893,1.3422182596798777,-11.270315288202978,-3.480980548107402,416.44565358812486
40,11,-5.538245768248201,-8.004276060950515,-3.888187477556654,-6.488266079018626,-11.742233645326781,-1.364469486837594,1.2451113776130398,-11.932734001441025,-3.5252980048297617,413.79099491242346
40,12,-6.397951482459059,-8.245355563327207,-5.318324421934101,-6.882772201039007,-9.768685790569338,-1.7470901624778945,1.5955831618346712,-12.389885934943342,-3.5991254167094073,415.2541724408858
41,0,-4.422353212426275,-7.85477128216841,-5.636588130978016,-6.417296066052298,-11.89859259489898,-1.611977467861451,1.3543312805383743,-13.934815419324837,-3.575720533866104,414.01219956297854
41,1,-6.55154468347868,-8.178658038679055,-7.210927997493067,-5.0208406200352815,-8.664974490139794,-2.2092022243279024,1.5208791781829698,-11.03345111446715,-3.6018851216561742,415.81015541016666
41,2,-6.411095431481716,-9.238123130714971,-6.241791176754845,-5.570382611350533,-10.972474935267481,-1.7632519964671567,1.0223088292875384,-10.05839465962431,-3.2541798210340502,415.8768509951501
41,3,-6.353247264689074,-8.295306225480697,-4.407728568680996,-6.68535052225033,-10.725929740493072,-2.2828926529231666,1.4407190284072877,-10.884049516675114,-3.37114528134793,418.96485124738797
41,4,-4.775645155584902,-9.34109534197003,-6.000057375865745,-6.722250117010735,-7.558174552602839,-2.213710681035856,1.2170420842129661,-11.343822782896035,-3.2576725603112213,417.7626063255382
41,5,-6.512389038481991,-9.051374998176891,-3.9108689644847505,-6.726643542475504,-11.336066048183685,-1.4964876800044682,1.6025066934735235,-13.238356209144596,-3.552027921309104,414.8485759607169
41,6,-4.512424635345063,-4.834833306978263,-4.613132437247233,-5.839586084222242,-11.461690836250769,-1.7457189357719554,1.49817799799915,-12.643167225837784,-3.6360373593708752,414.17444047273653
41,7,-8.055936685799697,-7.024696607144615,-2.6191931271281055,-5.814847951962861,-11.69810324860022,-1.3577856155937285,1.3302822382771962,-13.974635731055292,-3.3963558550927435,412.3549419610474
41,8,-4.483290629502393,-10.260479395818075,-5.694755403472292,-8.394294053600769,-8.301714459734688,-2.351307164162475,1.0226436663145466,-9.765955755182775,-3.4517206409269403,418.51569402249265
41,9,-4.6813317719974625,-8.01126237932423,-4.223974255266469,-6.913116110840959,-10.513368539361867,-2.092659041238048,1.1985312272239947,-10.579666271179361,-3.491310006167047,416.302129695338
41,10,-2.6460546448857647,-6.42002463570793,-0.931661672186249,-7.251766247816901,-12.594563998140496,-1.2182299341224962,1.4420196169123798,-14.66216903579407,-3.554136678417663,411.82829370192314
41,11,-3.6854552314510336,-7.823328025749884,-5.450186397258805,-5.712241994336316,-10.693312688974192,-1.5754861620882945,1.5044702029219787,-13.673679778468008,-3.7223374827752473,414.0752660668557
41,12,-4.324018483073465,-8.141495525597827,-4.216655662080099,-8.470614565295456,-8.549330985469645,-1.7150873442856633,1.265724974549388,-13.266995164756063,-3.421363835268422,414.1418094628931
41,13,-8.49084413061058,-8.917604941321887,-6.234873906147399,-4.843544668137628,-11.229291736861223,-2.2483351579336057,1.527039279161997,-12.683462268936104,-3.7481031448925464,416.0239383639862
41,14,-7.996607467673777,-8.116953891144792,-4.457008479622892,-5.555033837116705,-11.634254810795058,-1.3320771272706202,1.3653297454143938,-9.054339198761454,-3.623799705576294,413.5766013225836
41,15,-6.249486300982516,-7.347859891837933,-6.738982648783248,-4.679469034829714,-10.001462095531904,-1.9574054661649987,1.5628313003514362,-11.898659593443218,-3.6580425255216906,415.1289823008555
41,16,-6.53076171735856,-8.030860867283778,-3.5888664532325074,-6.012337584191208,-12.153571839345549,-1.7189476044768774,1.5264226088360269,-9.495892910590072,-3.323980930530826,421.27346245345746
41,17,-2.6468808333023177,-7.378020373879787,-2.414292456197023,-7.968874680867421,-8.831508208186133,-2.2479094381093754,1.4533899996457307,-13.545210464807832,-3.667612948190896,415.50528265542175
41,18,-3.7361370596684456,-7.167829415967708,-1.9039290575373022,-8.54396772277587,-9.112499868851035,-1.8966179942242136,1.6299121699033605,-12.947445993954531,-3.7288646006708883,415.3418165716988
41,19,-6.190291598520722,-6.978756931189241,-5.314955632055011,-4.6765012742203105,-11.053069735122735,-1.8936744444916034,1.0453239714842504,-11.774836817449092,-3.3675227416301925,416.46695109144525
42,0,-3.209190191069916,-6.362342973365501,-4.211965192250992,-7.4586217325759865,-10.820137790993574,-1.6622592403338476,1.4481192653904007,-12.280604369234698,-3.6291107129486946,413.76024924451724
42,1,-6.282249011756101,-6.5164270234612545,-4.547084670096362,-5.423194730652243,-12.054721518582403,-1.1704855730489887,1.5475702594284013,-13.551790129464527,-3.7060285092990934,412.19714574563363
42,2,-7.6081582095265015,-10.972199619233873,-4.369613884751648,-8.807482235573067,-7.843727055281488,-1.774378280476561,1.6556366247064285,-13.825102910304713,-3.7574286884588113,415.06740726307265
42,3,-6.675510744021015,-7.17242696289824,-3.728081117752791,-6.686615659896688,-12.658190769488138,-1.5598182463149028,1.645119498610962,-11.753502396363881,-3.6683468343950723,414.572799282537
42,4,-2.0417596979621555,-4.726404568273576,-1.8875418838980929,-6.374771279573867,-12.779643516345313,-1.2202954521292977,1.3127885664496048,-15.21005408233016,-3.3132127523086656,410.8780881292894
42,5,-8.153767577194781,-6.443115977833366,-5.729183181651543,-5.067799635462537,-11.133499514948095,-1.6877099131830353,1.3669733495722347,-10.748169123757291,-3.3957695631270575,414.3686651758523
42,6,-3.9148086325887204,-8.653544583202113,-4.409093612913638,-6.5025463975745605,-9.996410155206158,-1.3476798090371782,1.6474649408608832,-12.382286354744533,-3.596379783405594,414.2210948793331
42,7,-2.8256283642678413,-4.9179939599405245,-3.2763159829309743,-6.7012991710815735,-11.39094027518631,-2.5112846869288203,1.2300145823892312,-14.245886996516855,-3.2717073357701314,418.3888106250049
42,8,-4.907967281093055,-5.9009066612330905,-3.4403232415147547,-3.808189573688676,-12.332454984816824,-1.9059491701801385,1.3200912231389181,-11.417526402788397,-3.272143201748412,417.3885382475285
42,9,-4.9344645405676815,-7.27749827053237,-2.2817620746442433,-7.285397097342138,-12.71630576602809,-1.491508632753452,1.7635805850824338,-13.99197883494092,-3.8754747596388786,415.24082287337535
42,10,-8.430956567298283,-12.022440774662307,-6.267172790459476,-6.348893876544235,-9.761176524906762,-2.1757415086975374,1.6409897916896532,-9.853667718032064,-3.6886899573077714,416.56437440862175
42,11,-1.1995451673610509,-3.6443240479513563,-3.651271060912899,-9.706884810916574,-11.217094200799856,-1.845568057018549,0.8689629131015305,-13.809270504720672,-3.295381291988711,415.0941833408082
42,12,-2.760472179310954,-6.849281206583654,-6.182243826650387,-7.696921529403953,-8.980284536691123,-1.7783483681307835,1.8562247144217832,-9.615864896530159,-3.694008385007677,425.529224620498
42,13,-3.9422412595479916,-8.439688871103975,-4.196013411067275,-6.212420309429939,-9.760539458609953,-1.668344657640752,1.2639337753982682,-12.882806057482528,-3.526320062369768,414.58717804995536
42,14,-3.1357795286574075,-7.1543040005574685,-4.127975529997645,-6.9318583291778095,-10.485694862907328,-1.5849472875790886,1.6979590855707165,-13.640183152266149,-3.7297329519021387,414.9147226593989
42,15,-5.966059056171664,-9.614197048541296,-7.378832361789603,-5.825213814093918,-7.887248557815003,-1.9355649314448031,1.1312657523879002,-9.408618992019008,-3.3177091032961377,415.8278060472087
42,16,-5.902632315604787,-6.606642234076965,-4.699630626504037,-6.026960635394815,-10.247357741793875,-1.472833323829545,1.2333816415720307,-13.268351530745354,-3.428390280907769,413.3324114033007
42,17,-3.105152059618893,-3.5455167932606972,-3.373250779078128,-6.529626849121492,-13.279428529319407,-1.479786450219827,1.0073345949952737,-14.263192622734993,-3.3220561760924268,414.4988052234319
42,18,-5.705569565298603,-9.990075082506348,-6.65506029576745,-6.068772567242453,-10.465608824321452,-2.611049339795515,1.4803761799551134,-9.657054252200759,-3.6943874905713274,416.45908066176077
42,19,-1.551622864432404,-2.4761418686508305,1.2881745164815377,-8.815508019777047,-12.844954508741186,-1.9677530403753687,1.8048949379604327,-14.298692321688948,-3.788958308068787,421.4047070102463
42,20,-6.328042882443915,-6.664278916380501,-5.299510215453469,-6.138225404449395,-11.972656139033036,-1.5896553278483914,1.2641938545107236,-11.195710850609938,-3.2474663949437765,415.0866817862498
42,21,-8.386642076793976,-8.287577925348097,-8.6648713990553,-6.025160364083698,-8.343883673664465,-1.9996349460924776,0.5767679439880107,-9.617981604493494,-2.9463147588597063,423.25245400789015
42,22,-4.646182820410775,-10.180512803275983,-5.268341438584202,-6.69675318117956,-10.528253013813162,-1.501706432486911,1.7938310383001976,-11.232655703071138,-3.8748875997944907,415.67478271886944
42,23,-4.323756211230047,-5.32321629423809,-4.432216617397275,-5.168750192353055,-12.364417481379295,-1.4432387096203263,1.3058190661540563,-12.169046497538144,-3.6691088544628085,415.54174184585514
43,0,-4.961792803449014,-4.868235561363372,-3.8393711276769835,-7.075076110951615,-13.368718342815564,-1.2062526447154323,1.4374266687756914,-15.23800837551621,-3.4673831760955873,411.310896881056
43,1,-3.842251113329422,-7.233293300905124,-3.1311035840180685,-7.064363171584348,-10.022009007718594,-2.0490707385201032,1.5382461906971547,-15.292035123152045,-3.693766040286019,415.20185423369753
43,2,-6.3243183305415815,-9.01340616722737,-6.546957545328711,-6.60475538241052,-10.206237246293554,-2.126347993011698,1.422865564024454,-9.359530793667256,-3.6664088315629573,415.79434256882246
43,3,-2.710155619781162,-4.116908671268991,-2.6801356508623417,-7.201725152183276,-12.424654289563,-1.3431213720054758,1.430125476817357,-15.31858011733177,-3.7181508971782087,413.8624682424038
43,4,-3.8218228470487787,-5.938962988299822,-6.790244930886028,-4.3088604525341765,-12.690095995898448,-1.2067769446088619,1.3818076956152245,-13.309771818430782,-3.4810206151294896,411.1318243818631
43,5,-5.860436983141832,-5.488568203792022,-4.72865669381388,-4.102785973802208,-12.169622685322405,-1.3782346520417197,1.5079836399592326,-12.578412236061505,-3.386076136809599,415.1253025231422
43,6,-0.2780301676459809,-7.486835013763408,-1.9060526952078145,-6.769323372177032,-10.230737418927975,-1.5960792380365438,1.1943340742444062,-13.762262137881818,-3.3831919542727906,408.028214153577
43,7,-2.9817840402027933,-6.0888565348554575,-3.449788161532204,-6.940605990343046,-11.760960276216204,-1.9923333275325938,1.5750222092733877,-14.458291174564202,-3.8030665880313785,415.4057383665292
43,8,-2.903151929767957,-5.952764848298014,-5.208125971294674,-5.7759820464832226,-10.230374191128712,-1.60441606829245,0.9221440928034641,-12.53370649027093,-3.4994341598964884,418.670763665182
43,9,-4.578384925675988,-7.0649195187360885,-5.008744190906272,-6.352063782025416,-13.380960703232425,-1.7052102106903793,1.070726452062896,-12.047679597810268,-3.399477664833357,415.69943661578293
43,10,-4.552272023924023,-5.235999792211446,-4.433304457156648,-6.47940442976329,-10.780055454512647,-1.2583848644491609,1.5577689034785582,-13.075853600360212,-3.591044372819841,412.11160619479284
43,11,-6.1141428718833835,-3.2231031857974615,-0.9670209247166794,-5.04963582855781,-14.180973253391942,-1.3520555810971582,0.9422662748723175,-15.26825118058898,-3.146611050791664,415.3174373910882
43,12,-1.9693824486048475,-3.497979524700715,-2.549252810944709,-6.6282517681343,-13.283793617417425,-1.6261617819984862,1.6279609195539304,-14.281931990283528,-3.585611335655701,415.3498373246638
43,13,-2.742017266006683,-6.04986336954052,-3.0687103616276934,-9.165896621113317,-9.14204482143598,-1.5596472968096258,1.335871560437337,-14.344538412976071,-3.5872242441894877,413.81748844659114
43,14,-4.685392580027961,-8.478825720616806,-5.844846735327463,-4.137160410528649,-11.230970685708346,-1.2234397415507345,1.397017676760651,-11.1859245056534,-3.538632125642999,411.65119789107575
43,15,-6.708602531125118,-9.31573720500197,-4.163142598227724,-6.746791872842599,-9.22195671152939,-1.9167624119783313,1.4183473271235754,-11.306552138055883,-3.6342073425303467,415.0821833495267
43,16,-4.992428291452113,-7.74619249719094,-6.930786905963789,-5.204919797730966,-9.980459496769765,-1.4522506033422553,1.1267633371223487,-10.293524651441091,-3.4261120596755488,414.3103713957291
43,17,-4.101208465170706,-3.2157653249497393,-4.403149975405309,-5.733762449968748,-12.39857497712897,-2.0518562015017654,1.593800082733797,-14.311540771078883,-3.6720434536497217,415.8636569297983
43,18,-1.8266720384169188,-6.205921118804283,-7.131918420328386,-6.367548360469879,-10.50307590259791,-1.7851473297519114,1.376650175103006,-12.04103926790861,-3.7690993563881383,415.9977315403664
43,19,-3.858780058279993,-6.301233101707121,-5.358123274825086,-7.827606680227964,-10.902586027948514,-1.236775381410205,1.5873963092541352,-13.711373345861423,-3.6735027442239225,412.09117776203414
43,20,-6.524200184398511,-6.72179089799883,-3.840182196429416,-5.529007766273138,-12.9987075798521,-1.856127592885957,1.680958746726253,-11.202858162828964,-3.408777385864459,428.73491405429064
43,21,-6.094824715666509,-5.644299126852535,-4.246768621660072,-6.639427756687645,-11.258567586779542,-1.703963769065067,1.9944341968779198,-10.848102690284346,-3.6466081215968282,448.56179132136884
44,0,-7.214222745514382,-8.547942367661909,-4.055582509736163,-5.684926354003303,-10.99089749724498,-1.8239097401758195,1.858309998448776,-16.08549394027443,-3.8523089182045283,419.57181498789765
44,1,-5.799182778194107,-12.14575890055286,-5.328683528596412,-5.573282048639319,-7.341064532590325,-1.6622219933766729,1.3987191523196247,-10.68060310138852,-3.605973790042855,414.1714740191873
44,2,-0.17231347061946956,-4.003627881355174,-2.286514566494545,-8.236161108507815,-9.454208079106035,-1.8795797856298044,1.6220208580121316,-15.409304425429054,-3.821622806620885,410.19133170339546
44,3,-2.964358990843809,-5.448324454733749,-5.230886962450158,-7.146949395356098,-9.605763118195807,-1.3635053203224203,1.1235343316195583,-12.852403844926732,-3.595851686876769,416.6270600190736
44,4,-4.9431804384673255,-4.897284862829701,-5.264296595294453,-5.052744121653108,-11.771329185505156,-1.5843886226372226,1.6598635323824587,-12.701049184175902,-3.6144543494921924,415.93373599259803
44,5,-3.1407488208647822,-6.145742607377067,-2.7016029341452077,-6.201470752277238,-10.341231685202434,-1.8328204752419013,1.693179817705418,-14.41406276102323,-3.778599587380451,415.4900185662095
44,6,-2.7897006266647306,-5.551352079203799,-5.752931632406359,-5.762930450608549,-11.628078377687261,-1.4016437968794468,1.3721917889772828,-14.188330892200247,-3.242133605611004,415.31370332587136
44,7,-6.07183111163744,-7.424020262879184,-6.793197916174031,-3.6138994147714048,-11.89359339001022,-1.5965180678977675,1.586354670067873,-11.07344938766644,-3.7219419436697274,414.07238558977906
44,8,-7.762793964530938,-8.664289062693275,-4.484827743594795,-3.529762673309592,-11.111635813167236,-1.367174814363462,1.343116174987635,-13.060511164714272,-3.359407128132732,412.57697705751264
44,9,-0.38021800620020185,-7.613098375844709,-4.8354215745970786,-5.8866122386024395,-10.933455816917226,-1.2448718278162576,1.0801886903963085,-15.121002875564088,-3.3472005658219075,407.00308630482004
44,10,-6.750950936344504,-11.157349874033567,-6.724797487262573,-7.320914525529112,-7.4246525489638895,-2.3545040885583544,1.0866116251654168,-11.246198000757735,-3.3641730626369415,417.3793611107583
44,11,-5.682233540376312,-8.585150058294273,-5.996077032997318,-3.7785683380799484,-11.848529636619107,-1.4220172456491098,1.2699550138697973,-12.043073441022775,-3.2928140375047663,413.1654761007018
44,12,-2.4940580359771896,-5.158926525833195,-5.182579388946006,-6.310957556404512,-11.965371614194147,-2.2524767766377605,1.48455607056287,-12.371448421294762,-3.928733507168772,418.61343142381816
44,13,-5.204328608380545,-6.068216731493263,-5.246557506015538,-4.54782580400391,-12.70640784188095,-1.7612155292963005,1.3909825631479482,-13.128140143733575,-3.599200567630522,414.50774768238244
45,0,-6.137123064711281,-10.937218983110741,-5.188253742095196,-4.506376553128181,-11.411478043978155,-1.5740571950549418,1.088262792525287,-11.906710423489749,-3.4220544460547107,415.32108032853125
45,1,-2.0764081281348896,-7.335502969568253,-4.173338432841716,-6.609504860294959,-7.455250476916567,-2.417515305768685,0.7872747981747555,-14.189702600546289,-2.916222692576425,425.99964912261953
45,2,-4.746260120563498,-5.3176117543447345,-6.137264274023968,-5.261901443594221,-11.596885429523832,-1.6150904449754995,0.8234328871821223,-11.209277332847916,-3.1103387735990973,417.04418688974096
45,3,-5.69206005497332,-7.653142603496306,-3.801769503071422,-5.859855354843719,-8.830522838950907,-1.8212804144554384,0.8924543106085432,-13.229175086317257,-3.4108894494569695,418.66309836853435
45,4,-6.200996828015901,-7.535849132030975,-2.9880227195233244,-4.2570315277290955,-10.662228583577201,-1.8396081566054452,1.0967615534721757,-13.965400075572658,-3.5604127689531526,418.2164962624757
45,5,-4.7279325000985235,-8.756972069005633,-6.749192496018178,-4.292828025868338,-10.68095875695868,-1.6124635803285423,1.3272449242782574,-14.279091183454897,-3.7018716697202843,416.34136307146713
45,6,-4.451729518345351,-9.552815529056563,-6.868792347311935,-4.899880514047667,-9.62354233023758,-1.7767574194874427,1.335203836316032,-10.488315244778462,-3.4831513338422146,414.2123884818034
45,7,-4.4797413622831925,-9.474079914644154,-4.756405810494114,-4.7604363129602945,-9.214975327805677,-1.5320084409186276,1.419169970858017,-13.249506548589755,-3.4764842893313235,413.13977016604287
45,8,-4.637799271995646,-9.232785658875871,-8.834959604036136,-4.493250521992179,-9.4919633589502,-1.5135517026232193,0.8277384765397109,-13.049690578494001,-3.0084715664288835,417.71754968490666
45,9,-3.4796626819781715,-8.829222436559927,-5.5058141699684775,-5.23406989399064,-12.71133594649699,-1.4101936503301733,1.2517332575293287,-12.571444806749886,-3.3765494107904805,412.4304705352555
45,10,-3.840572917843755,-8.794207345163834,-4.243082026737405,-6.477047435639956,-9.130294460231262,-2.0335675114115834,1.4020063921867332,-10.442006896898867,-3.74643317549506,416.76286405548376
45,11,-1.3815376155901045,-6.6808700943607935,-3.7146980777827103,-6.122635072934592,-10.75906311927787,-1.4924344987345552,0.7323093619510384,-11.834709873404975,-2.9834958612419706,416.17663030713766
45,12,-6.909762399048157,-8.909592610532016,-5.060105607925425,-3.9339468138493183,-11.033546653863851,-2.0724702145274723,1.7380897742763781,-11.363706499810924,-3.6712461301434844,419.94048775587436
45,13,-2.809926754614547,-6.745983874721379,-3.784368602883812,-6.838402574449788,-8.382984181174708,-1.5691040734892072,1.2342831807873484,-14.078407096110539,-3.327637639554139,413.30337259189423
45,14,-4.779224567291505,-7.766037210790415,-3.928681567377134,-5.434739654476753,-10.215171184804866,-1.538359526038317,1.8760665290035474,-14.078246592648501,-3.7734277038055195,421.7628835984379
45,15,-0.9490493873664736,-9.57135759098696,-6.190555408066476,-3.9808047644559403,-10.68944683089172,-1.7026103596834414,1.4717953200115663,-11.525956163491513,-3.723094946937913,412.1301517260688
45,16,-1.8374478172188773,-7.620694675782568,-1.5055177620457187,-8.06958656085572,-9.604362147237687,-2.691050321820399,1.4949992772761416,-13.599153120938844,-3.850027109297985,417.41646124992894
45,17,-5.464831060355035,-12.237765008732012,-8.546168591251412,-4.49798212125747,-7.887645072499902,-1.492393395337885,1.3964066493862584,-9.622132187687816,-3.5849262485522906,413.35964150295155
46,0,-1.5868831985944991,-9.080375757747824,-4.7021786491304045,-4.852761452009678,-8.093865884177385,-1.5697078658678636,1.0037794551688746,-13.02548406794861,-2.9823267515784675,418.14823929196734
46,1,-2.756452739324826,-6.68524515546129,-4.262020876449531,-2.4629015361377697,-10.815812400984111,-1.3290358098213424,1.2352355515425746,-12.55815927767563,-3.277304429672485,412.0615778380291
46,2,-3.871055734195292,-10.517492679275238,-6.226202727305119,-3.930457600308381,-10.207065855658453,-1.4482068881617036,1.3842456862964632,-11.610664952780212,-3.248578092557533,416.0904778402597
46,3,-4.992632620691474,-12.14439942790398,-5.11557633695075,-3.5772303918222734,-9.439619655766764,-2.3492305190063054,0.9048268042335008,-10.174600553661788,-3.4763272725245145,420.5199897345124
46,4,-0.4673251167137913,-9.76295524200646,-4.668743350740767,-5.621706680603996,-9.912224567014434,-2.182932086780573,1.4952171098911724,-12.186313722758378,-3.61279465341544,411.22815703401017
46,5,-5.737856195233247,-9.886783848466807,-9.211878124636188,-2.7866890821341275,-9.690185952800757,-2.0155252160607278,1.0553394310988207,-9.567973962025667,-3.4727972176498323,417.8280271342213
46,6,-1.244811882074497,-7.460044811557722,-6.426298447739444,-6.84685335883081,-9.413448496726026,-2.169287249735315,0.997371025526019,-11.92929803953516,-3.283982478671672,415.05731359539004
46,7,-5.876826508367715,-13.894168944323726,-10.13393574411289,-5.440643649317316,-9.051598555995515,-1.3748769131007526,1.322215385721901,-10.97001552243621,-3.5849429528714807,413.6637542769588
46,8,-4.683935538836893,-11.125096075291685,-1.9198947887109887,-5.217320518292876,-8.780023656807156,-2.00199578742333,1.2191834007209656,-11.771070470427539,-3.271607577934734,416.82950867315446
46,9,-1.4114871067319454,-12.505695981916638,-7.314987365376058,-6.1982182632501654,-6.80476207262462,-2.0849007800783643,1.1560727079918327,-10.28887047623258,-3.6335316772228583,416.9492418824125
46,10,-3.4200444574255013,-5.783759469013104,-3.433818824649191,-5.860153746214503,-12.893131316448708,-1.7694307837164016,1.1764333627434154,-13.213066382986991,-3.404783644218563,414.7713716449803
46,11,-1.34470109657742,-10.30005947963495,-6.0218499018161324,-5.5210273564885375,-10.06028257969854,-1.8712145831932072,1.3422350493624633,-11.769676690536695,-3.519202992215893,412.65541060886454
46,12,-2.2902977989459448,-10.633536554929552,-5.097379484605816,-5.568174352178518,-5.05626446564497,-2.210377946040539,0.981240969635722,-12.265892850890967,-3.18022207713495,417.5868442778143
46,13,-2.136792894555522,-10.36565438396673,-6.557524502618439,-5.415102294051042,-8.69340519246995,-1.6225975247932525,1.139076429896503,-8.87964286911498,-3.143883981333765,415.43910959368236
46,14,-1.0382893122188541,-10.131962209789425,-6.124240562156378,-5.725674674233108,-11.651681686237517,-1.7849414028385813,1.1321120877738624,-11.926348141525114,-3.315396093268575,412.1818236481887
46,15,-3.377390450781241,-7.704964400619293,-4.364894461437191,-4.632094184756871,-9.013416274844403,-1.7335946124294914,1.131694522644318,-13.43320259734158,-3.509133816243669,416.17780231140665
46,16,-3.720506280982174,-9.168685644005464,-5.432960572222989,-5.853660381183771,-8.663309514673609,-1.917903480095128,1.4073285613222495,-10.877117965495213,-3.678045613238256,415.43705345691484
46,17,-7.876836553029958,-11.631068853066964,-10.43994462225822,-3.496691261552548,-9.71674755840298,-1.4688269267040557,0.8172189209111388,-7.915089821128296,-3.044002781427038,416.7997093957255
46,18,-5.5439634195842675,-8.889189924612795,-5.605797416268257,-3.668031446028319,-11.336785934782345,-2.1839246569604653,1.7323438601789636,-12.302766770143526,-3.6490340138817596,420.8331339699746
47,0,-1.325348040740086,-12.321136651269523,-4.726382168336914,-7.550732784708142,-6.917654963363465,-2.349882104013092,1.511779907804288,-11.448835245206535,-3.5402207937613777,414.99420050956553
47,1,-2.9075419468362664,-11.895754198343097,-4.3782432372862985,-7.0374964189202664,-7.19905328602041,-2.367181036001374,1.8213263329897496,-11.156788806902133,-3.8131469810779732,420.3492969150206
47,2,-0.6673054253307062,-5.728852914161413,-1.570659642317894,-4.001072215956024,-12.164953294570783,-2.3384907244467517,1.1050902757303036,-12.196847698615942,-3.4554710250777454,413.8715988854521
47,3,-0.062146555397157854,-8.199261022039149,-1.1447530386414728,-8.364597271709199,-10.394267082967382,-2.284137619180729,1.4654773894527526,-13.125836241984171,-3.6660480143018126,409.8229763154453
47,4,-3.8452600102379026,-8.19015513166655,-6.160372183933394,-3.6760080550730674,-12.919155675845403,-1.31947944301356,1.3602158402371287,-10.059665660284665,-3.0716717461881355,422.72136130906324
47,5,-3.9708707481419756,-14.150078359197055,-10.895406648255276,-4.726105397848572,-10.33364576166237,-1.9839510567224967,1.726967782037605,-9.934517443036588,-3.8632258549213536,416.15456900009053
47,6,2.7435529112583623,-7.829529736820838,-5.382510963214762,-4.715396376045996,-11.577619332442403,-1.8761989418493115,1.0224835294633743,-13.165019659845909,-3.235173684365949,405.4714993280013
47,7,-4.796147462024287,-9.42091936252375,-7.156241564432087,-4.1320629069069525,-13.249590802464503,-1.2012339814462327,1.0247734948724956,-9.500245753305112,-3.338944870816226,413.3435268637779
47,8,-4.329532300653306,-13.889405224619786,-8.499088750138071,-4.711096437415922,-8.961119638008475,-1.7088135577386885,1.0081130893956807,-9.887650702065825,-3.3801443797302695,416.2523307325036
47,9,-0.7720718772612514,-10.36493574824258,-7.325440617948302,-6.023200962167234,-10.292667805837182,-2.1283863921912105,1.0789144909082145,-10.885534905088118,-3.0875872570671197,417.2543636322601
47,10,-2.796605022660464,-7.460114272127138,-3.3265890723211884,-5.139226065066897,-13.068121572480234,-1.6727122422866114,1.510986115085921,-12.815146884978885,-3.6058372793572797,413.5522222186408
47,11,-3.7429302206253343,-8.905606490577348,-5.909538534530949,-2.8284094948813006,-12.070679148362796,-1.5781842747963066,1.3477113640174148,-11.290884210939312,-3.439289760534277,413.316752044825
47,12,-4.14745938187897,-8.144512379548896,-3.5757629922062613,-4.874497428688045,-10.948234728212414,-2.581319363847082,1.8592705097973905,-11.049168317548107,-3.582722388618444,439.04806708605054
47,13,-0.4679192827158136,-9.705039537683687,-3.5701847512179095,-5.066843789719215,-8.91990499852196,-1.7160862326851525,0.904358596180971,-10.827120628759465,-3.0398353094182253,413.28562101101625
47,14,0.021760658239626807,-7.416634445231297,-3.037572253557519,-8.435765099546838,-9.972764449460072,-1.5976903915995293,1.4136448003831406,-12.77445018672938,-3.666623867415007,407.01540478804446
47,15,1.697489156895144,-11.540642250253285,-1.0917050097312897,-7.345163605262897,-9.306432977485667,-1.8377889342104643,1.0256653479001712,-14.112236292917302,-3.1191566460762346,391.8467691697696
47,16,-3.4778025645906583,-5.174751457341769,-3.0917256761445304,-4.696811235350568,-11.622861028106668,-1.346970090830383,1.3595714774487189,-12.843950341158834,-3.478297870349884,412.04056213469926
47,17,-2.294908353116096,-8.180474651703214,-2.6335846838477694,-5.823099040054723,-11.428851151581274,-1.709029597351604,0.6189850680072262,-11.550774774995856,-2.7948900509350576,426.502981792984
47,18,-4.666116825724523,-10.645671728438323,-7.882220994328595,-3.851391070905464,-10.765077654036054,-1.9617102290013073,1.4599375514496788,-10.860657694101263,-3.5431238710448656,414.9399275067797
47,19,-0.09378693136023886,-14.350463470601788,-11.108265651586517,-2.2870177924688933,-8.155937745265613,-1.8335881331805048,1.0013642755279553,-6.424648891817986,-3.184077412121549,408.80641107308975
47,20,-2.2749887256809838,-9.866830779849014,-6.4128659753562,-7.038161514793707,-7.46257871966289,-1.9546523185995346,1.2533599502806891,-14.24697138987847,-3.3834053605196486,414.4713881831625
47,21,-4.481521918245658,-7.445166457847183,-7.283386570547438,-5.65342660034499,-10.693967604381514,-1.449597746987746,1.2152680779694962,-9.244879175460515,-3.1694259567723573,415.06947802270616
47,22,2.363052382932726,-13.539493841371655,-7.455177113721129,-3.765169339630442,-8.648788185105305,-2.5710112350860115,1.3365195768414504,-10.02438520107165,-3.4088789487628772,405.4216315453469
48,0,-5.837284601094535,-6.31447851422601,-1.85842013499337,-5.867817095529606,-9.64039210446996,-2.282483731404227,1.1903098950251942,-13.1444649185114,-3.234652093097675,418.6448834931958
48,1,4.549102444453957,-12.234682926204197,-4.050387023418339,-7.684011250389772,-9.117117614699517,-1.5818215363765804,1.5546906607767341,-13.248093279147149,-3.378399824651651,464.3268247962448
48,2,4.487202482037561,-4.678825097621202,0.9775369731959858,-6.197564004215229,-8.352993698758253,-2.165982471943428,0.5186392360151477,-13.039835324256934,-2.8784067902877952,535.1009691525071
48,3,-0.562877612780782,-14.763293228290086,-4.619691059419449,-7.1243932592524635,-7.967130856976224,-2.541173154680901,0.8244564012971494,-11.049035425437946,-3.3369850554964686,415.39989419730097
48,4,3.2026262668600953,-9.145438653991521,-4.602475051944958,-4.974195985846679,-9.114423626162523,-2.014171892938821,0.9186575654363793,-11.747772247040631,-3.127765745563782,447.38586715147835
48,5,1.2834272671247131,-10.342582346219004,-0.8243769920393027,-7.589604506136782,-10.269143107735749,-1.6299094038457067,1.4303818855560968,-13.41700295236616,-3.633917677281186,392.32916771962323
48,6,-5.3733403394544785,-8.193432831349508,-6.196764155627335,-6.946490528460081,-9.872615235651978,-1.567769528551605,0.7338678579890381,-10.048981953639277,-2.888966533952473,421.83172995187346
48,7,0.9782928926303331,-7.323462069717859,-3.513139877357153,-5.682664286284096,-12.169717196517487,-2.1991812848188896,0.6701794872096843,-12.160954714281452,-2.724242132221154,426.3513887324143
48,8,3.2047493042528488,-7.784972876775578,2.546612224224078,-6.770355046875704,-10.83804096912338,-2.2852832077398313,1.0121120671577053,-15.428476167085764,-3.454399543321074,372.33191504540264
48,9,1.0613812351563823,-15.035358553062393,-3.4268245480055786,-4.064440612417487,-10.061964469994763,-2.4494183510646295,1.2903833532052023,-11.018481129220104,-3.591702191302683,397.1823116560294
48,10,-2.021548148794059,-10.993215024691388,-11.370358869668827,-2.4064615310352746,-8.485889693086492,-1.5699318297682059,0.3235348387013447,-8.392473872005366,-2.474469627704233,449.0667468881027
48,11,-0.2414029114168494,-9.115512690743591,-5.769802216096723,-2.3546052842598626,-12.325779407083811,-1.1389913960951017,1.0100458713823839,-12.631795358308993,-3.1003298618693282,405.307874506526
48,12,3.679189095970226,-13.313806153681071,-3.92953677398806,-8.411960597338531,-6.0562973327325285,-2.583251759651696,0.5732343023090525,-9.882344483153666,-2.787912374195531,517.1429272489272
48,13,-0.3029009289913089,-11.138303617228562,-1.8336373754020743,-9.222356125341864,-11.359951075821284,-1.404749226189416,1.1256343630277823,-11.32242574492992,-3.057910244953071,411.29150008883045
48,14,0.24225563530415317,-7.718729970835774,-2.5262983923960842,-5.96861888438555,-11.315334336306416,-2.575102217226099,1.1049223290290713,-13.682983148798346,-3.470004840635836,408.15483228949347
48,15,-4.930834554347593,-13.78449207957814,-10.885854481803094,-2.5162661622165294,-9.18569173717259,-1.7073790982970158,1.307611664931907,-8.724601665229606,-3.6348055885156363,415.9188216538935
48,16,3.3531841488897802,-10.957845656122077,-0.6889004085674748,-7.036434074179694,-9.15958621441296,-2.215716747867481,0.9317897239960624,-13.653363324713322,-3.469002578054689,379.2294074827588
48,17,1.3050264224605097,-6.097569016329194,-2.7143362250474157,-7.468529183560898,-10.135972454001642,-1.9816335933721652,1.7040619254364144,-12.468158633410756,-3.8342373848125377,398.76877333056655
48,18,1.8608278760972847,-9.095540099905545,-8.374509612710087,-2.971214750201995,-13.198435272354619,-1.6435638135333086,0.9664600626665131,-11.687495820404012,-3.471437177660903,376.0491171070601
48,19,-2.274416612657966,-13.647367432066936,-3.1546906834599158,-7.2801039365868325,-6.99793631505305,-2.5844923511458044,1.4006200299382663,-10.504759902123087,-3.744768123692821,417.0031775353866
48,20,-0.281508798201812,-9.130555057973408,-1.4997439260994456,-4.583368089371282,-13.519978720227297,-1.810233051687895,1.3167525192316207,-8.710363117741887,-3.394399544188681,409.32631816380444
48,21,3.187487756543733,-6.106639075377137,-5.9472280311470165,-5.212970163085035,-10.361468531314202,-2.243785438409543,0.6941904095393265,-11.374621787667177,-2.9672900736344516,477.6580973369508
49,0,-2.5169004349831967,-12.454677880601068,-0.25512007760027755,-3.905177897510394,-11.855355448768709,-1.9569723966942978,1.7403020827082476,-13.561019764133595,-3.9400691636456715,417.196293805184
49,1,1.6323034534364294,-5.3932070446102784,1.471822058383292,-11.673714718436612,-10.234844185259321,-1.3163863179757032,1.496353310760091,-16.07601172316944,-3.669233045401205,389.3524744607782
49,2,3.4732267689373684,-8.596647108181541,-1.855643375808652,-3.752203796529484,-14.615641315678722,-1.414634339584599,0.24324846655482346,-14.221224111608375,-2.5446811307768424,663.1210683805868
49,3,2.6628995077244326,-8.894193896393261,-2.8632116103949246,-5.637392622277771,-15.120001162958395,-1.1562495272140922,0.9313848314797369,-11.955687260460573,-3.580202519026876,357.8160950164513
49,4,2.618550032976228,-9.832014365912501,1.9369400229227112,-6.249503334873831,-10.88449116260951,-2.314089384125552,1.5240536288341393,-14.220649024617328,-3.4827164239329176,410.57717924568254
49,5,3.8468366744837157,-10.754643778060204,-1.3203807019741223,-4.918415949145206,-8.6141440027232,-2.5092201512555334,0.9246865454238856,-12.081463528572158,-3.383509690023128,394.3919722886713
49,6,-0.3655072505765422,-8.763411750724297,-2.0507315837870315,-4.862705461717882,-11.813803825932727,-1.6373256976365727,1.3562868159626118,-13.123540099106057,-3.7808285208465793,412.652565024287
49,7,-5.722261889387576,-8.49009168112497,-6.68005827980396,-7.926831403609761,-11.152390315786938,-1.4829191165952174,0.9135607327692317,-15.919332779569912,-3.5293498184227396,419.5593776040031
49,8,1.2648873537655134,-10.876142665138403,-1.0477321447305559,-5.674967774778259,-7.585249872798613,-1.9064157746424617,0.8644274210368648,-10.346315024683278,-2.948656232057758,402.74788244384376
49,9,2.9467574744298464,-14.735012122687795,-2.14988584461467,-6.555230071082035,-4.374759399196719,-2.1263884947482645,1.3927840010076336,-8.811346546176088,-3.748753025732315,385.0657361633856
49,10,-2.9561877014122953,-4.274320381201307,-1.2454547366880524,-7.894219582451369,-12.872386124545098,-1.8290278115154128,1.0878138408614961,-11.937087726391661,-3.260366519568543,416.0928037399649
49,11,-3.7638599674142528,-12.862003950128063,-12.73975983872124,-3.610791116701894,-7.937665898681231,-2.3351077516716385,1.6742807606042627,-9.432328134822942,-3.4903827434558026,425.154099877529
49,12,-1.106212280786348,-10.748027027600155,-5.043564937263882,-3.679300080886591,-9.715199034779996,-2.2918220061650536,1.0770609475288044,-14.391038139927975,-3.5145389631541257,415.85113274310174
49,13,2.179364111390405,-11.726845624506065,-3.2592900019816335,-4.753355734696917,-11.436244631004538,-2.648098962549751,1.1277558753624897,-10.202520328172223,-3.5125486816630995,375.76584665416794
49,14,-2.162922119094376,-8.234360263329052,-3.235791444732433,-5.582285313907422,-9.346651744465467,-1.4817481582850984,1.0935232612382648,-11.219033474809796,-3.715720665025048,419.9883611093862
49,15,0.8440218445336478,-12.99013136400051,-4.848462603318664,-4.118415311265828,-9.558304328061066,-2.136603847158603,0.9465155852914138,-10.773843687397484,-3.5809000052155984,403.6970023007485
49,16,0.8117671425087187,-8.184038245703464,-3.175967574380193,-3.8006540658429486,-12.668944123011817,-2.0590342516770828,0.6153209133270091,-11.732173741095806,-2.8492643987069144,412.00223402058805
49,17,3.5333096436847002,-15.158925954208826,-16.095844488844715,-2.7178367508530585,-4.97193112364521,-2.4179633773620894,0.6936677253285208,-3.9608923732941523,-2.8296178650880095,542.5722071689743
49,18,0.7832985957228169,-13.714328785735457,-2.970163750321678,-5.622493041423767,-11.30669343974007,-2.36627956722637,0.14267304767666844,-12.568736009009475,-2.665875597190567,427.6450924082992
50,0,5.859555296806704,-8.886347861680147,0.14523880532877698,-7.018794272321151,-11.90662537995127,-1.5428463966262376,0.7526476895128591,-11.892636847285509,-3.4913420134054576,523.6695017366553
50,1,3.3217603796059505,-11.182329751380628,-5.533479997292023,-5.48607639421771,-8.290879998101763,-2.197493908634004,1.1987417520237886,-10.883588570365266,-3.3928353666388884,420.3177126741152
50,2,3.4376627102323445,-6.503210273548142,-0.6075287449056932,-6.856711872401387,-15.692908129600543,-1.5214003440126684,0.2835070558689293,-12.446326991860973,-2.785317404139325,506.6991942019399
50,3,-1.72852857173838,-7.43160357849742,-3.6364596244656138,-3.7630334506560623,-12.743419105955304,-1.5402058866893409,1.6333673418590589,-14.177223541692776,-3.8839126659143446,414.047760483056
50,4,-0.6096039876711288,-12.790025849256711,-1.7496874479295603,-2.970793854143969,-14.166551516005681,-2.1732159797869697,0.9831819429526986,-11.95744273823571,-3.4153770332264712,414.22350153301863
50,5,-8.464231130772337,-3.9956498438292227,-2.0515932967857133,-3.4561401169694923,-14.433551355031767,-1.331182464340448,1.772641745284739,-8.901246701933673,-4.1162586584448215,417.29008151516103
50,6,0.4914024304452713,-10.021284144785735,-0.15535430433699116,-6.516684422610875,-11.630641390152771,-2.4561428995318964,1.5083658443139871,-13.367242423495753,-3.4126026850195434,412.2107294725373
50,7,2.115428393178144,-5.127341053365361,-1.1156047148783739,-5.999664631673446,-13.933347373172513,-2.7371072580092415,1.2057259754738199,-11.66080899900395,-3.476944810475293,381.59109604548286
50,8,1.9423293588854853,-9.488552492109172,-3.434873333627776,-8.04088801580826,-9.601098011165552,-1.3929324644904928,0.9575225536193341,-9.616785831758529,-3.4098098420397975,372.5976471141326
50,9,5.98840610707724,-7.914712915059656,2.750156805057869,-8.448951240116807,-12.64401233276228,-1.5065520736150362,0.7140561443714466,-13.103873241424866,-3.131027876927865,905.2040321816348
50,10,-0.611330706226207,-14.174527787842605,-10.179358697346606,-5.279497376426281,-6.752629532605747,-2.038107129939705,1.4248642480630758,-6.780038871533695,-3.7550572900256,412.7135992413954
50,11,0.126988004346279,-9.272551540568235,-5.213596997310824,-3.119983267666345,-9.891976844125198,-1.9082078578919657,0.7105568088001342,-7.639770613138278,-3.643856988627127,417.69501630850846
50,12,-1.7163040966138223,-13.24393488175804,-5.404006857794883,-7.364382995922447,-8.314103562817575,-3.4678857159844423,1.8187443761390754,-13.069479117852872,-4.3640231352273355,421.71777995856655
50,13,-1.7490548010201925,-4.8130523219812575,0.5136568144592482,-3.9190049832450065,-13.06499358523928,-1.8907993207575844,1.8402798494510795,-14.293910742997356,-3.668628802266827,424.57136060074254
50,14,-0.8200674672223554,-10.498742360076816,0.6712524513234115,-3.9405869479797446,-9.889769305393184,-1.494257088477194,1.2547899393868691,-7.593439137489244,-4.047453084307243,428.53404916751583
50,15,1.2894043208583872,-8.180413440955814,-2.2102432571185964,-6.657608345910671,-8.630151654959196,-2.82084220162689,0.9289913978627996,-11.07920460896587,-3.322946577737131,393.64668390201166
51,0,-6.463454419175374,-8.884318467070397,-5.021700958522936,-4.129993804774723,-13.956264664147476,-2.6397611222282857,2.131212253890325,-7.820569695827633,-4.047595157276915,433.23951272255067
51,1,4.225612808638067,-12.875934905898168,-5.9514412303823985,-9.666343196674582,-6.610761090058604,-1.865375890027953,1.077002749923722,-7.886124429710195,-3.758006523336908,396.16531066914615
51,2,2.0392436856744984,-14.111739623901014,-3.4120603671833885,-4.9750662582188525,-6.749163877563686,-2.8860118523700082,1.1018557188998663,-10.904047961464357,-3.7578835350192454,379.15773773185595
51,3,1.6340550138080923,-4.976260712182851,-2.3047303426117707,-5.929728078676854,-15.056490121322593,-1.7493629210831039,1.2954957838298737,-13.017083253231998,-3.7164057175792147,385.5419712464271
51,4,-1.0393982796343804,-12.464826365029637,-1.5759477653256873,-4.4446601138489505,-10.164364652742087,-2.634617908770645,1.3756145473425434,-14.241661159464002,-3.5396323509280303,414.2698396617157
51,5,2.5807890011139287,-7.181031090128519,-2.3041556953902806,-5.990612429072173,-6.217195072936764,-2.568495946273169,1.5666108750726737,-12.315304591584137,-3.4719200107254697,459.4992893519478
51,6,0.18353686881814552,-9.980888070391522,-6.660080989802193,-6.637706152968187,-13.512130587517667,-2.5105306316138756,1.1981269837205997,-5.60700355724522,-3.5885527563710298,408.84878974660194
51,7,-0.9191336712594029,-12.082987265558991,-5.1058330607199025,-3.9920054676089425,-13.880291863603034,-1.1641809632445488,1.0558136903829494,-6.420289705363245,-3.345573771471041,409.26393068031086
51,8,-3.360180633668066,-8.932039142985646,-5.282825879642678,-5.198556332856188,-8.098462972605077,-1.7765112907554732,1.241980641136478,-6.822333968613509,-3.1447783214185443,418.9688777396133
51,9,2.801612016840391,-11.055608797062032,-1.998341349220242,-6.3911692341732484,-7.984965593731285,-2.312975593718805,1.6466350511447994,-12.71327251713073,-3.6689112364905396,440.0652226345652
51,10,-0.5488934909463156,-7.273674751487238,-7.058873551957104,-6.308559219484439,-10.45599148548687,-1.9198398139988073,1.4228150604191974,-9.065863263162814,-3.862662180121105,414.38891752813623
51,11,1.763318405268614,-5.725698002196685,1.2303561176614601,-9.019081990305036,-9.369514566600797,-2.212341571180117,1.5928492370413072,-11.79576309999739,-3.4995615473100115,403.34049095555986
51,12,-0.9478430251040817,-11.825794091643532,-0.9375944567269858,-7.6031229980908925,-9.24266555902051,-2.620223488083047,1.979660701068303,-12.576134883062597,-4.248397663215894,418.74494086781726
51,13,4.285848868973178,-3.874528131134218,-1.1398189446335714,-3.188088486573277,-14.923269530336748,-1.6239182817729456,0.6448271820524973,-13.287451894463663,-3.515901977736708,422.7585280670115
51,14,5.148198205275396,-10.246513166289148,-1.4493841707769088,-10.258917717929437,-7.211778652630576,-2.6931964782404365,1.0438171311431146,-7.3075328714974175,-3.6232018586474837,407.0408887858762
51,15,-5.22854904946089,-7.0004047206588025,-1.5966993064280721,-7.038846979679749,-12.31493951254428,-2.292163738133536,1.2200201532611232,-15.922968356660167,-3.6820902120920413,419.5469991281831
51,16,3.676616072373087,-14.534718000308054,1.2896464913882482,-6.726442069295207,-6.834426756285855,-2.9037771696386683,1.2514298318779848,-11.585108943997847,-3.8671001817768493,385.2786910055375
51,17,4.514440612733993,-11.52403535526965,-2.1170472669917118,-4.6339528380593755,-9.084388649319658,-1.934864026482248,0.8692272791201099,-9.19913364296242,-3.1236044269292265,471.1662033113303
51,18,-0.405081863252458,-6.89272120522797,-2.8686694655619136,-4.903284140154614,-10.993279306308962,-1.9729288842257875,1.518999882886108,-7.304160449577028,-3.6047207083715516,410.67384952329013
51,19,0.2560321823212307,-6.192158295699635,0.4236892330854003,-5.096278467045549,-9.778438969124124,-2.571594249416097,1.2328226593127982,-9.608725490247028,-3.4446454901719394,410.0177641546007
52,0,4.57987764503833,-13.288060527351252,-6.412928441206758,-7.230199150600438,-12.3443096138141,-2.6193283801966705,1.7094606595153348,-6.936806785639548,-3.7670995896654795,425.14904247175446
52,1,3.384684321976132,-12.114108520730698,-0.41601284068143807,-9.284603894977135,-6.92842665603428,-3.1329553174582965,1.9181800515329623,-13.063122255444728,-4.4496830568480705,377.8121867967293
52,2,5.241893808796985,-12.279343181171019,-0.9834663848534428,-6.254353897357094,-9.50429273818484,-3.7053041592093994,0.9077125393431706,-10.379807992033559,-3.340668977941419,474.4691002944097
52,3,4.1095437774305985,-12.485750226555886,-0.21009592263713017,-10.664937403002718,-6.849051084683998,-3.4232795300267385,0.7682759333521765,-11.017538480070638,-3.398218856214299,392.64159094305455
52,4,0.6355965007276085,-12.59456127527869,2.817729283239448,-9.121638304800227,-7.628153102518423,-2.814537459992501,1.618469822178536,-12.721717834466194,-4.340002432738904,450.4215157911832
52,5,-2.887480912338684,-13.409244751101179,-4.832385625229039,-9.056703588580211,-10.633950681552816,-2.3627947698304057,1.6898493237545005,-8.17454416032122,-4.002103860672965,417.35750408874685
52,6,0.8344960515966429,-10.303013948258739,-0.04440312680543368,-7.995601658293463,-11.084574122253104,-2.1579699602572604,0.5276851431259592,-7.86392860137404,-3.0162503279345874,405.9642464835902
52,7,1.622713955119067,-12.41851176670518,-2.3598090912412775,-6.580418079589566,-10.967078157866316,-1.8525361589771216,1.0273504689616892,-8.432361594188016,-3.837492008226829,393.4263026978751
52,8,3.931150735837688,-14.52677063644934,-4.429518250647124,-4.68069524855518,-9.078691966181973,-2.571332891672281,1.3761873746004585,-5.327919130911248,-3.5256084416545415,391.9415023608361
52,9,4.593308039455103,-10.085505467832212,5.171459733374102,-6.959900288227827,-10.059508553782948,-2.691991607014849,0.8870970292477235,-14.366104630271707,-3.5619848103700145,357.6922311827737
52,10,5.38207460621903,-12.071634159256462,2.4654394042595698,-7.611519550434973,-9.753494499460649,-1.7916139918823828,1.5154566431555425,-9.967276637070379,-4.00792759594067,337.76177052609216
52,11,-1.5023136209652677,-11.915498132567533,-9.291213967006115,-6.968884248277557,-5.407039135353111,-2.5472730278079467,1.3464969893429077,-7.218668203774412,-3.8292877821223104,418.31216898302273
52,12,4.985432129106184,-13.015234159590516,0.17605465938668718,-5.181299119671554,-10.18482007321833,-1.711115929176916,0.9169933900373359,-7.6946624595393756,-3.5018890865527577,430.17689181606005
52,13,-0.895074334392262,-5.812576853272513,-0.7494088198213904,-7.443587938445325,-8.713924000014211,-2.1276823734202495,1.41695687862412,-14.586064304436483,-3.6530116488161997,413.68516018135443
52,14,0.5588158277817283,-11.981407111606684,-6.189870681318012,-7.180645687862171,-5.9930633924793995,-2.1356843268904675,1.4581270969751179,-7.863179171916393,-3.483704601394256,405.5449912854686
52,15,0.5648800823834585,-9.1798341301279,-1.1748544342911702,-9.627438783145884,-10.305182531572685,-2.245423058434799,1.4752564441274973,-9.94678302549583,-3.7583259233002284,405.1929206108354
52,16,-1.3315963734380816,-10.3363156498546,-1.9394063682789846,-6.673224376420944,-8.813642443593825,-2.8271661118734017,0.8070146298348146,-12.425795516844627,-3.127317343220703,419.64474153201184
52,17,5.262888028329303,-14.547359954974018,-3.3711525416130836,-7.356900516720063,-4.756454301170866,-3.678921553350654,1.235928507080198,-11.894273036091935,-4.134886388626538,349.78061475658535
52,18,-2.6890011395274827,-14.066584436453297,-6.724083397655865,-5.917127225211252,-8.639773427721474,-2.4883973071865575,1.3614655591429772,-6.820463131691785,-4.019139568961622,423.5236386446794
52,19,-0.6300387900977937,-11.65570725338685,-3.266658745780213,-9.705187896396325,-8.08101659134459,-2.220476940895148,1.5160845562863337,-8.884202322497998,-3.916949621859266,414.8022815042522
52,20,1.9081454501153696,-6.787824804252633,-3.914046226158709,-10.204922237956357,-6.581628753430383,-1.8555385563903926,1.0789445272179534,-7.773427593462811,-3.5829831458599872,377.22524869708434
52,21,-2.285180894668765,-4.090845155398034,-1.4862598260494495,-4.270379949433762,-9.66177187846584,-1.6544995775789713,1.5231494926666402,-11.182621848652616,-3.129530586512474,436.21642936975604
52,22,2.674143029409346,-9.15609339504784,-1.3572521852958326,-5.637135864002312,-10.9342111165026,-2.0678899951040948,0.9729919849261651,-10.694529240628766,-3.319785573001428,382.8451659064669
52,23,0.06449611808315492,-15.484013515811101,2.0384930463432065,-8.758897182116705,-6.114250015232267,-2.6042272641910755,1.2928447419931994,-12.339956930831619,-3.845866256000804,435.0023439159461
52,24,4.098391045707164,-8.0551186051058,0.5391015764753977,-8.864030284113806,-11.684859221704334,-2.616859048064342,1.109868157251209,-8.657956709880402,-3.7414005145266076,390.72947432456516
52,25,1.8490287895078896,-10.231384106188758,-2.141534694462674,-6.731234761944102,-9.305402294695128,-1.7140083871575094,0.984408021608032,-9.22784181973359,-3.173125630208919,384.4343922832138
52,26,2.023207564524963,-9.92598809378354,1.5856084871788907,-10.984711592806779,-7.250104967884521,-2.3683849363777587,1.013747164509098,-10.188757918736663,-3.391373640406449,380.24992086018074
52,27,-5.255780063534161,-13.300802698390171,-2.3559040367478277,-3.898706838064431,-9.254741398685615,-1.857329437693323,1.1001635654028452,-9.055961909727646,-3.509211361451851,417.47214978911165
52,28,4.95228446878794,-10.878575478140325,-1.4832036887335154,-9.677989685182077,-7.2586164858006565,-2.0860896581611956,0.779138625712398,-10.665606404411099,-3.597227239416706,410.54040930101405
53,0,-0.507908711527199,-12.208583176850674,-9.076536712684268,-5.666517531001833,-7.8905536439025346,-1.8918428622980688,1.2521558987092023,-7.363814667084306,-3.580756101770097,411.3715941077456
53,1,5.649443698431158,-14.964884263186129,-5.327577456693469,-6.367269634565512,-8.601336650333632,-3.004299380845047,1.780136479364831,-8.714616141448154,-4.568868930920745,342.2478522627264
53,2,-0.8266037305163212,-12.959070022298809,-1.9076296936763448,-4.334946606724897,-10.495979767284028,-1.718787732575017,0.5818847997883206,-6.146616679051178,-3.1010426050612026,415.8801563666128
53,3,4.516904453247733,-10.954654906214431,-2.443349925251387,-7.255704592549994,-10.282464687863664,-2.7710465064580836,1.0030767654413282,-9.795367987171867,-3.9244023975876168,429.00918225674417
53,4,0.12364662364544454,-13.80223882264221,-3.628118906257998,-10.27833530187436,-6.450731398714659,-1.9727172549978202,1.593417576281459,-7.0196782430126206,-4.055760919972444,412.3634605547158
53,5,2.198861411216857,-7.059221510654491,1.5830822326936256,-8.087138841579861,-10.879802233390185,-2.681988977082229,0.8830148332398787,-8.751402562199367,-3.614454535758357,380.54577163351206
53,6,0.41203300931816056,-9.46041333047835,-4.0859100279101135,-4.479483646878814,-8.80920691235911,-2.5189603266391174,1.918741357553988,-9.430793933018045,-4.137774029868045,412.25009379563573
53,7,6.168356230001546,-4.774280408332264,-0.7808529359909986,-11.123888984136748,-9.855110929750586,-1.9621417040413287,1.1580320235764192,-14.253889390583247,-3.451583542179387,706.672009197953
53,8,4.375496647697092,-11.055849214072019,-4.717025638753079,-9.676664845553411,-6.673602506190477,-3.22466559513596,0.9232485019456785,-10.15383044283568,-3.127457445275463,443.6696478388077
53,9,1.887003469992195,-5.585234069538903,-2.5508028275200028,-10.348745924257482,-3.7255801597662455,-2.8594747231478452,0.8752898551087571,-6.507882939838084,-3.629551296270437,382.74541865735904
53,10,6.2472391389157,-13.729994186557565,0.33266219740106867,-7.843505493208327,-8.704155822202724,-2.099920433597232,0.6062936745418153,-11.312133582939325,-3.313795083136572,801.87411935211
53,11,2.1295241250416543,-6.84221859223092,5.066620480536865,-12.153623013870174,-13.998538662836278,-2.2523394729443207,1.4945854567331471,-11.362647009210518,-4.664404159837917,467.7418880317188
53,12,1.3711953274506556,-15.838930666296324,-7.589934200837537,-4.39315062715241,-7.343394334151158,-1.7133425211827498,0.8435917407346356,-4.524000211810062,-3.553016994519677,392.6726832925995
53,13,0.8590296555419208,-11.125070103118729,2.054448115007973,-8.976338970248491,-13.634302402435795,-1.35415855013661,1.4764861892968386,-12.736742631149225,-3.906016091630173,421.0670597973458
53,14,3.3739487699015878,-10.031765385388248,2.2765762239937195,-6.564255285419255,-12.436001328920495,-2.57035796171982,0.98927681188777,-15.114326735676212,-3.541058228983139,372.14172280503703
53,15,2.2723150167553,-13.611460374009244,0.005556200443965556,-6.255470334935476,-9.808101780847675,-2.199853401928813,1.3120391838197447,-10.883184691665736,-3.828363368806845,374.981548399499
53,16,6.061969612180471,-8.19063351339824,-0.016958895790815734,-12.041018584436175,-10.604638059591947,-2.4737514799573854,0.9744364289675636,-9.057993588821741,-3.575348217836724,547.5502409571009
53,17,5.9472546493144165,-12.88298504989935,3.989355396316536,-9.58185136943217,-4.3542768947097095,-3.1548487454263707,1.464651536388254,-7.746832259910413,-3.815371956675764,483.29894918122193
53,18,-4.985274378123297,-10.66066094647259,-5.412442154240154,-3.564154573355669,-11.2041855754168,-2.109155358814203,1.4533476561509349,-12.094028241374277,-3.8184908267406814,417.5063202164243
53,19,0.7428900371897011,-7.52306761710865,0.24835646708446346,-7.772103014074121,-6.103851668684516,-2.60704632350507,1.2470285156715186,-14.188408308304254,-3.6969626041702477,406.8400110167572
53,20,2.2275912609970314,-10.376735569323147,-4.175119789925003,-5.230502249360683,-10.134012413529746,-3.233382248468063,1.1138356880851765,-10.033816802190547,-3.8375168619047146,376.0859177771333
54,0,6.301006846718723,-11.00859150028798,-1.7421429954872871,-7.162161839803155,-9.196784801084414,-2.7353272164918327,1.0786447358751277,-10.173103690508626,-4.003904789443749,401.6707727943561
54,1,3.0393410720434417,-15.212569656799552,-5.538481947606354,-9.120333919035994,-9.579294865456156,-2.1368322581816175,1.4119915965354644,-10.527030608478233,-4.081013640575831,371.6765973992118
54,2,1.7621176173664899,-12.246663008525573,-1.8473167255742444,-7.71397308816789,-10.796986814697044,-1.5224835395360306,0.774175512530612,-8.608525588026467,-3.234213360990467,378.9946152744976
54,3,5.245982358959608,-12.468494188542595,0.30350812773628366,-8.311210968518518,-3.4056117225465377,-4.299623276043318,1.183942672845159,-7.8377706426346005,-4.126947986812231,352.9731192913063
54,4,-3.410852218958231,-10.345581599612371,0.5075960266049395,-7.516404880573345,-6.8466003181322375,-2.8406664381139892,1.3569722773125361,-9.653743540866534,-4.321171149783684,435.5186137063815
54,5,-2.490396579500255,-8.708751540751424,-0.5270910272496818,-4.31334196826624,-8.779896483523983,-2.9055068597380393,1.3546976391410865,-7.312624001921341,-3.9096734547685,422.6760998262357
54,6,-0.2191702535619373,-8.857038192880259,-5.865795106723187,-4.139737619601631,-10.463518339645335,-2.743320334990384,1.519452801322816,-11.930126858840145,-3.9362175226222833,413.81160615543035
54,7,2.0284310548454476,-12.13801706969821,-5.3681956281644805,-4.084338299630499,-12.218715573484229,-2.1954203840467446,1.8057373014403573,-12.79577455783178,-3.8377915035491807,404.853536225012
54,8,1.0330828336789744,-7.734833897223158,2.8355973428161363,-7.612156463580705,-13.107964851004763,-2.9154766804135477,0.7929248924135862,-15.275963945876402,-3.5590816512315024,447.0543656836609
54,9,4.743005198321212,-5.85596716327172,0.18367639978874273,-6.657443035896863,-11.823267722284273,-2.336394370833358,0.9774006040736951,-8.52516914870792,-3.699223425949845,419.91230163959824
54,10,-0.344532316149162,-12.786052819505818,-3.240940360979942,-8.405031305628269,-4.453331141576384,-2.0439012274088384,1.6334325602533846,-9.408439352493817,-3.7736580846538645,411.1153396464074
54,11,4.742177019067116,-12.250337137061283,-5.0035347102615315,-5.566426961876862,-10.527518083274432,-2.3600645397368574,1.4941637090059159,-8.907925321353144,-4.27982677420599,406.55307791421615
54,12,-0.08258013444886458,-10.276335758782064,-8.443627203404464,-6.332243640676631,-8.260809483506325,-2.6823259668325443,0.9963202698371922,-9.551813758647983,-3.551663143085684,413.4233788911094
54,13,2.9093276115822806,-7.925507210426609,4.729806865456081,-9.145820369352116,-7.805990793590325,-2.6172490375905264,2.1933014930804076,-12.419325731967222,-4.224814145644,453.82501500899014
54,14,6.460587911600538,-6.925477802439374,0.3766393470906597,-6.920397360856871,-5.898307534481129,-3.2782953273726054,1.2852521089789506,-11.71847330888906,-4.208269077056458,369.88870954100116
54,15,4.8220963113143345,-6.501729101930483,-5.092248187630918,-6.963538440556853,-8.592852138954916,-2.749645810379106,1.0392014543958332,-8.033928179280133,-3.50044215555728,436.32611985586004
54,16,2.8545223398470214,-13.329754364984172,-1.323352563409005,-5.89843419551471,-7.064388368796279,-2.856895738756667,1.0948205759026644,-6.175056513522858,-4.1370505289335675,372.3207800599039
54,17,1.652915457919578,-8.47653320241741,-2.9566019191871282,-5.474131433212742,-12.555722466668406,-2.766139735386154,1.715372665115607,-12.976017214362743,-4.076416306982131,393.7215425206508
54,18,-2.978865195850814,-11.955861682094888,-1.3867484472821676,-6.083133628550473,-10.945625390196824,-2.9450732679224765,0.9962183168135648,-7.236922764008839,-3.7530374073592894,425.23952707953083
54,19,1.693909217298577,-7.728385889722554,-2.3458425952920803,-3.1025751412050067,-10.4563376838846,-3.9777955139098458,1.788729528435823,-12.468293903256045,-4.498021188416392,401.58525361475154
54,20,0.6543331393240739,-11.015247668743072,-1.889484573068836,-4.562607106748242,-13.575398791790672,-2.0896528640916503,1.3292187508494286,-10.068785221271547,-4.158827692575316,416.8176885495305
54,21,4.320170773631329,-14.47777524694059,-3.8235656912185942,-4.987411860229816,-8.020438652058068,-3.4776164420512785,1.1904735695265283,-9.037867865123586,-3.9674119928270053,406.37717743374765
54,22,2.396646187769967,-5.220153864662166,0.7495057601824899,-6.111891656658341,-13.308695297720883,-2.5454508859342417,0.8593153687447568,-10.167136181437618,-3.394252655350296,370.92133456741885
55,0,4.28035634101355,-5.847657712454379,3.9012556233377382,-9.903881565866664,-6.3354059209152105,-3.1160491773733865,1.2350973367973332,-12.484792570918215,-4.165960878295919,477.7957791399277
55,1,-0.4364514378693434,-9.378317753420134,-4.035993135003743,-4.862654840892592,-5.855264826078335,-2.2839175931129128,1.0699436131637154,-8.462737796832256,-3.565862593084877,414.2092147366542
55,2,4.518285267793427,-8.613503464778322,1.433942216303472,-8.56176088173213,-7.525696494225494,-2.6624509911153,0.8454825003281197,-11.260801268818728,-3.9464067340937716,440.30921657588476
55,3,5.006645590740471,-13.217776781088174,-3.4736996378520097,-8.500015658186225,-4.685583561290192,-3.307679294710601,1.1696168246260392,-11.925017903843866,-4.213143146936523,385.4561241456206
55,4,2.382756414840565,-12.438520943478009,-2.3847291214007282,-6.7500885215629935,-9.119249831617038,-2.063673841659241,1.2253351402238728,-9.724707777576471,-4.144218155878572,380.08699521303504
55,5,1.2964451697920079,-13.117155373952484,-5.758069495842371,-3.208059239889225,-7.202940249424849,-2.846578796125979,1.2664473202528825,-6.947988571875806,-3.633832927682556,393.9587299755365
55,6,1.2848819664177893,-10.77092880777171,-2.2156227899795695,-5.318315823763659,-6.35341736475794,-4.05361976668551,1.6272079540699507,-10.359251225519222,-4.233748422252225,404.21749255944064
55,7,-1.5591224151699103,-6.07998508083033,4.092564006206715,-6.87861787809706,-10.436668583063167,-2.5855598626015452,1.2321499695854747,-12.788919853332795,-3.7921712438815245,470.6858107009774
55,8,2.3122264812644056,-10.734796466407092,-4.610784771308138,-6.03512250577646,-9.221672973225116,-2.8527839926821654,1.7453001456468173,-12.912549842019638,-4.031418726997543,387.4653892413846
55,9,2.249542674166778,-10.922955161836384,-10.903399912928576,-6.121263612514085,-6.634958983407888,-3.1669507469686033,1.272849235611889,-11.160950241531015,-3.9716841961057674,378.17206477005635
55,10,6.024302062054468,-11.396528887339132,-0.7012815026599445,-7.352706409744154,-7.478953359141376,-3.4978400665981373,0.8514613438483232,-9.912153261176284,-3.9939290244134975,378.52716703467706
55,11,1.197069476154105,-11.478399421938878,-5.421429619691361,-6.516500723947932,-9.697380431835281,-2.1381489331300356,1.0936386546166907,-9.196966705081948,-3.7286740153519435,398.78560637178265
55,12,3.812558634266159,-10.267472154547729,-0.8093434619353511,-8.628660851718516,-10.627979415660649,-2.257968738906849,1.398777765467703,-12.310731461442392,-3.8162292771390245,387.99358002988924
55,13,-2.426951532943203,-8.01807675890537,-3.8661774616382023,-4.8419795930234155,-11.156596466356467,-2.326818843500964,1.3908961435650535,-9.386598428607467,-3.9175842450386713,420.27481842520314
55,14,1.9596722146927588,-11.734754394454594,-1.3353259851879167,-5.71931217046496,-10.72253566434099,-2.924953058529944,0.7528289425854977,-4.844147810073759,-3.47936351901491,379.5285497408294
55,15,2.5856587581442567,-12.400895228616404,-4.705720841357934,-7.6758902887524645,-8.377603571670981,-3.310332045549003,0.9803761302872854,-5.128104762790487,-3.8898057105669803,369.2979146781284
55,16,-0.6834592726619455,-7.4275479455747035,-4.68704600270596,-7.29200240350191,-6.563637695436768,-2.417353336378085,0.9642588927834825,-10.872572590169,-3.490100870958303,415.8070776196728
55,17,1.5523321872618823,-13.468565051809591,-4.144805718520727,-7.019995216291639,-6.900273928080012,-2.4958137098682682,0.947420747351053,-5.482612253045441,-3.5008860435818097,387.7543169356459
55,18,2.7154629576405203,-9.656736247111732,-8.582073810348259,-7.185065888802114,-4.895048393198067,-2.140469055813943,0.888516792402394,-10.407590174071009,-3.272106374228893,385.68999984766776
55,19,4.084647617123813,-12.98018987528474,-5.7570538409901815,-4.9391333092498275,-8.508409155980264,-4.0097943201195045,1.4319800926948814,-4.624810495757291,-4.693893392064768,413.14425611432137
56,0,3.5331127661526565,-15.64487994359109,-6.780959769338556,-6.102606106390032,-7.4200472007992335,-3.2165204379808032,0.8717093627013918,-8.648737825789519,-3.8520099855754877,376.7443158856358
56,1,1.5799503530530399,-9.755379543896915,-8.968867812860047,-5.4103631437722575,-5.285314055621466,-3.1493730041029995,1.4316130381004448,-8.51466698944878,-4.427165615691156,409.30808859379704
56,2,2.061307847207257,-11.944858761110439,-5.900551122118139,-7.148606420852103,-3.9134695542916966,-3.3525018328054026,0.9933346502155094,-6.930315444335793,-4.466157908498942,410.078085446354
56,3,3.9172749121704524,-12.28399418479154,-5.937054023715851,-7.401318907952806,-9.114478056452857,-3.2759484708441664,0.9027378570874779,-10.844355635029022,-3.810223560573581,392.1442345122067
56,4,1.3170191499776636,-8.133018747398648,-7.093366174856849,-3.235831294808721,-11.454351233813032,-3.1311300689510726,1.1249693829922196,-4.943244978380294,-3.9785017167811345,404.7409031792883
56,5,0.6051898861454292,-9.772045155907874,-2.046462757270986,-5.436094521338351,-8.276018919176552,-3.1850870283485917,1.4251770381836788,-11.785510576020886,-4.359180314363245,421.83427663037
56,6,3.9004956852411286,-6.813209084006323,-1.709581945272861,-7.265482464044518,-10.634622890394557,-1.7530436103678906,0.4256927545219966,-6.747265655255466,-3.338518806525909,392.5012575211466
56,7,4.5763770650288835,-12.33677386281627,-1.3559868090942389,-9.161642749597423,-5.357147500022555,-3.281856833309666,0.8419298084152368,-10.52902764151202,-3.9429727150548812,431.49944438682263
56,8,2.7540597274722125,-15.398392047683554,-7.2762384488358585,-4.173852283423724,-5.291050506040695,-3.8463078102712194,1.0217297194067458,-7.26007971957139,-4.1273990375932135,374.4739757504685
56,9,3.6525898364358675,-9.999540689930988,-2.589712247771193,-6.427993054220689,-12.705966247349568,-2.6271462533157246,0.8020660511822153,-9.408781916724598,-3.7991486429880257,384.1576339957742
56,10,1.9003552376467747,-6.793592523431373,-4.368271703623379,-7.114827517623716,-12.310988690822366,-2.367247915303631,1.4568809152624735,-12.720403300876905,-3.8469501567765403,384.0838169219112
56,11,4.138830019011886,-8.90849869644627,0.5102899822236084,-9.574179511530826,-8.038258511825447,-3.6007604321874154,1.4115843902282426,-9.429131888914963,-3.6961638069537455,382.2263254359276
56,12,4.2398938838381115,-7.031960074896744,-4.199163399386274,-4.944266083076231,-9.692588691441019,-4.407493933390599,0.9156231138673636,-9.436403975062728,-3.8835085227421016,408.22718233216256
56,13,4.451228985006573,-14.549514073825101,-8.160676229631612,-7.315082688186072,-8.76768709203699,-2.473528529417777,1.101935999222184,-7.043298874090299,-3.6812815347858145,421.541117766694
56,14,4.129299993108716,-15.335448835422905,-10.216025915670032,-5.367144430232485,-6.695339703349951,-2.358098300026575,1.3628251199041532,-7.606116660383608,-4.393057465724622,403.63593312985256
56,15,3.5578644941675477,-13.521466278674614,-6.178299384397183,-4.453758325501333,-4.819640856090043,-4.149257295787562,1.4045099420582294,-8.273913221946383,-4.28289269598344,382.6023966802111
56,16,-0.4387390602695129,-11.13515832406563,-8.278722728782183,-4.177386865100626,-8.139435516744456,-3.5955940389047027,1.5586184960550749,-9.111952748041066,-4.348734753208189,424.5054613180066
56,17,6.095365496488463,-15.769501799502208,-7.741798840285989,-3.6800170664092455,-5.387421694867557,-3.2522848031430747,0.6226912901826405,-4.063467189591044,-3.4752686513806696,608.7852186449111
56,18,4.216028852060051,-13.344438197180235,-5.0520367388318395,-7.805010387110113,-5.278579282391039,-3.907747160877011,1.0123330943432738,-7.129981343894055,-3.760432271184391,397.5166331296627
56,19,-0.31271875824844697,-10.657951067407238,-7.428071243122416,-4.902727974422764,-6.797607088727917,-2.5407977435879023,0.9062907181642839,-8.708131873088243,-3.8579415637319054,423.74291088601603
56,20,-1.2272671548312948,-10.862608360777715,-10.601260933527797,-6.149169187351977,-5.154776741519801,-2.1974620130641305,1.3015149257306065,-6.047840824389866,-3.9287475656153097,420.70940790432905
56,21,0.3773233391970363,-13.026280337982845,-3.7686739386470416,-7.007152892233289,-7.494587213005221,-3.263903640356622,0.8621489674063958,-5.3206538243684225,-3.8936676383799456,420.9816174190146
56,22,2.5058468671825214,-10.266099623066543,-2.447481062324344,-8.971312338785665,-4.879428486343836,-2.843894584053749,0.9408733167657187,-8.326483977555684,-4.049235234185471,378.19047336955146
57,0,4.389723011896019,-10.803004388916351,-2.6493719516046945,-10.841356687981014,-6.280284461434126,-2.8849880466792452,0.6975354647335945,-10.007338218078749,-3.523342123530899,437.2010281390775
57,1,2.3710374578931592,-13.646948365920192,-4.753891292518333,-4.286527098084074,-6.274788015364129,-3.888897178383462,0.9676775460712359,-6.856967146535963,-3.7741575910302037,371.8787729113322
57,2,5.659127071449332,-14.166434138057015,-4.416574454060505,-7.054164002202468,-3.12609306589314,-4.028364930966235,1.10226282813917,-10.211023008312607,-3.9050709578833787,379.130517519089
57,3,2.326870289315244,-6.785807408217672,-0.9336526709603081,-5.917917585702749,-13.82864724782004,-1.920519013884707,0.6569115037951949,-9.07221920285151,-3.031367110661293,392.42287512826135
57,4,2.219614518942578,-12.279571933421105,-5.723873863971729,-5.752209452129975,-8.006079784724832,-3.4538499823506865,1.0587710429514354,-6.789589033493356,-4.1988135408768805,391.5545527749682
57,5,2.0638715123900866,-12.921254621887922,-4.045798894534564,-6.8051469180476225,-6.366267982297337,-3.4719141340744124,1.5944127488605637,-12.912509302090339,-4.293973143963116,389.6819899261932
57,6,0.6290716731262562,-14.361653854508774,-10.640289645910691,-4.85833491905664,-5.293534360240178,-3.735230959338028,1.1951001149008313,-3.7975080431760935,-4.018077570081797,415.4570271698034
57,7,1.9703529491821081,-12.490777529309433,-6.879783368375358,-3.805603814813392,-8.741071244451781,-2.4394765459920302,1.229233216821926,-10.086488830739484,-3.6964802384332165,379.15176519894624
57,8,5.216553094828533,-10.500972887784389,-2.9039595104593947,-8.58617427660246,-10.11842383820977,-3.6395296573670404,1.241335164131284,-8.87654275867776,-4.434828692920261,364.94529255727434
57,9,1.896421146542782,-10.641270300565548,-6.879446859138852,-4.4480628642134405,-5.303452348371629,-4.0560270280363575,1.1563153570652323,-8.343674789897763,-4.551146328120692,414.1730778678051
57,10,0.8495107939387738,-9.994570135655032,-0.9882218894708021,-5.66406665182586,-9.341451139420332,-4.139733780122486,1.6107576330921263,-8.750107788239418,-4.568553720616726,421.8401582106717
57,11,2.297736580867816,-10.317457027817088,-6.702458935219021,-5.584756270283649,-6.948129736690171,-3.2390173540443903,0.8919305928209764,-5.882845690428139,-3.564724455914896,370.78880257368775
57,12,2.3731973393723163,-9.277688158504294,-1.1673616599072898,-4.771071976879025,-14.100481203544717,-1.7332913446718967,1.006332627088066,-10.408990014281914,-3.3757748222869877,371.214371760358
57,13,4.663247864534161,-11.073118156686453,-6.841949768207664,-4.078638801943842,-9.849719575359357,-2.335746069246375,0.8708470483662998,-5.455015052391413,-3.8658132742392617,421.2741369699018
57,14,5.366189544917104,-14.59618102147838,-4.9750924881371,-7.73362797979428,-6.139646169394683,-4.429671504488281,0.8812278003277619,-6.629471294370472,-4.091579286041081,344.0217871976496
57,15,2.93295006627151,-12.165981082664278,-4.781894882406317,-6.270817688369154,-7.144392786187326,-4.19203187514643,0.8762278617311211,-10.310801739068765,-3.784903417648212,363.79603543491885
57,16,-1.5558676779042662,-8.744691001762568,-7.421489830537411,-5.339382402707837,-7.787203360677167,-2.8115240432623465,0.37524427364464186,-6.2476861331029845,-3.136178335274036,422.20757833066807
57,17,5.768392395150926,-8.625242084879686,-7.894654978005061,-8.539083507526207,-4.027578206264314,-3.6294081469017914,0.8393030707644301,-4.543857575206673,-3.9067287961265573,371.268812520961
57,18,2.072087788681584,-10.792135992615469,-6.809062991152565,-7.410742851324021,-10.815159600286384,-2.454337850478644,1.1601529171986764,-9.289669096677773,-4.273572599139182,396.8233549035763
57,19,3.436300230826013,-11.600342944875543,-0.5688744992114074,-5.382171098744908,-12.998706599907633,-2.4020031010094387,1.253803377926548,-11.789915042264438,-3.5021572824826626,401.10080498291086
57,20,0.2837240311923952,-11.099612190314133,-10.455345206123265,-4.3564297346929095,-3.8030143684937965,-3.0548025515759822,0.8403877329525469,-5.421517338167717,-3.58801250798925,413.6322643393746
57,21,2.229885357155064,-14.086358203025803,-8.533735172621707,-5.713315711111568,-6.624817745471774,-3.1251119312333624,1.1540055105795095,-7.523748382428316,-4.218315751410775,389.9556029870412
58,0,3.164881069354087,-11.287636236682639,-7.477087253863796,-9.836344275466207,-5.033042749652241,-2.5451158792751567,0.7496930536193778,-8.378737658119611,-3.4037356730477297,375.805626099232
58,1,2.699748339089026,-12.594149427334575,-5.354265016726547,-7.071170747423896,-1.5482637959632433,-4.334758109791826,0.9536417100748282,-7.009168563273425,-3.5421773030619352,365.2281647990435
58,2,5.213970827267735,-13.271039058077857,-4.246086950375639,-10.486648459191656,-3.4703019671534525,-3.8889481246850246,0.9752198604021624,-4.666736409960874,-4.421168499790294,368.56937353563285
58,3,6.44696860761441,-8.916842976450734,-0.10206416863539136,-9.221201697816985,-8.57319960300073,-4.257227770043578,1.1193844407396352,-11.319951477825503,-4.26903510951507,363.9920267624349
58,4,-1.0840324252391103,-8.26365577037684,-3.6574134544963925,-7.10391054695358,-9.313714589508141,-2.234346268943315,1.2576242656829817,-13.342208722586783,-3.7809830591183977,417.8129442397184
58,5,5.698599143663368,-14.069948155445768,-6.847689370059874,-9.919435097172695,-5.322868507226697,-3.3163405972479603,0.9094669730980595,-6.224957637099319,-4.076589521706327,359.52866765336876
58,6,6.1410982408517505,-15.516799009165366,-8.853533456104937,-4.938888763187464,-6.194436532794154,-3.8867576174285183,1.210069410614107,-6.272387491044169,-4.244276058744382,365.16568497444496
58,7,6.130858013989369,-11.286684845191296,-5.138642982987207,-6.840717618997782,-8.291271650283836,-3.0511880462351852,1.2136180637542744,-8.030815644982768,-4.089444344207132,381.48110756432436
58,8,0.29127042268476844,-9.669266891183744,-8.54798704689865,-4.765911960515478,-8.913480250049345,-2.7290439162972797,0.9675945093912919,-12.032338300654924,-3.631421571579072,412.476935084793
58,9,2.1842602889307465,-14.310011910055003,-11.892374634600582,-4.244485397057302,-5.536273318814364,-4.535655637977338,1.3682834083869806,-4.585619920519965,-4.21463620525016,387.1787001953546
58,10,5.569985341958161,-11.84007902532541,-2.683914043532402,-6.630154643063974,-4.830223273985082,-4.455608229858902,1.6619194823936445,-7.761987747085009,-4.420818204251326,343.4131706823882
58,11,3.8402849514926403,-6.8928677875728575,-7.097531979704742,-6.242843182602443,-9.030701374890896,-3.8393850083307277,1.044475553452024,-10.973531931019576,-4.130785504404337,399.3520407454115
58,12,6.728052530246545,-12.81917180720126,-4.984713087696231,-8.317751998115778,-0.9303761459371644,-3.7736332232660925,0.7717098685299307,-5.178590735478398,-3.720286665869135,440.2614797299312
58,13,4.258862023579864,-16.084540312946984,-5.449718598595053,-7.5408609257676,-6.869512124802197,-3.9839819348036927,0.6525046248036502,-3.6951891644076724,-3.892929556227209,418.42413152987257
58,14,3.8731427279936965,-8.248204100191595,-1.8239979804071131,-7.857416237902524,-7.681228577218578,-4.212842603526367,1.4229761108917411,-7.71135159714886,-4.260612063614574,395.24859203917265
58,15,1.3331212343504766,-13.360736194330183,-4.761232975943794,-5.2256436769711945,-10.588391862615508,-3.692770067712398,1.1865298168379965,-8.739011673446452,-3.9542322454013394,402.6396276639516
58,16,3.966607737933643,-11.880929462549934,-5.327135926030665,-8.024101121055313,-5.936144582694396,-4.494492475989268,0.19899939894788587,-4.259114207196603,-3.4535193123748003,395.0461751771076
58,17,3.9043295323182194,-13.33191690123452,-4.25673284637427,-5.946357521263437,-7.041579460305883,-4.396347243977765,1.6673793715058707,-6.52046555918843,-4.091624703054241,386.14078472671343
58,18,2.8848920399645634,-10.51081545823542,-6.403459399579937,-6.154853795673941,-7.327156453705693,-3.7174501000718476,1.1039384950673437,-5.686717269217623,-4.271804357981475,377.7545628005027
58,19,-1.068529634191246,-6.888972342457842,-2.0682654357051358,-7.73134418599693,-9.143019384367458,-3.611369923833108,1.171283034976377,-8.332499460618035,-4.009184053039932,426.0702858990601
58,20,2.988661657037297,-11.58289045228209,-5.656071066969124,-6.1467837088466935,-6.528338643340859,-4.147142862185285,0.7391938349763099,-7.207070898849792,-3.431201657616924,372.757279468704
59,0,2.886061583166727,-9.513562184256152,-2.5356038863197763,-5.924083503272417,-7.594321798285151,-3.0607841186767595,1.0061266522776684,-7.017296204059707,-3.3793713308074667,390.8189440786614
59,1,4.479929081797872,-12.845744405646233,-1.5328591411082475,-6.846259816406654,-5.509802807815355,-4.127219171834271,1.8686384806043086,-10.831045071483786,-4.164614607490992,394.055362617811
59,2,5.029341745660161,-14.532130797884827,-7.14292522723502,-4.519124913500608,-7.132203552212207,-3.6777990930924553,1.23286353130687,-6.431701068802411,-4.340758333346983,384.7269337646253
59,3,3.5632830407313563,-11.682431571717336,-7.288664122992961,-5.590744702302347,-6.977427210982637,-4.645958154723183,1.8216413733155186,-6.794275127727891,-4.783706721432056,390.6044378669311
59,4,3.3233831900874415,-13.20861429858138,-6.716654007591875,-6.6880401649653205,-7.79866731949982,-3.6390914331504507,0.7778862529538337,-7.689891705343738,-3.5355960489425646,372.25893102223245
59,5,4.5818175428766885,-12.363669591180328,0.43325598123192943,-6.5358534143985345,-7.50689561256863,-3.4770011923766804,1.0169214714109436,-7.643720972825291,-3.7500021102430554,428.9134877423935
59,6,6.010213441749122,-8.314975075534129,4.382030872488591,-8.054143809401085,-7.985217920113287,-3.633860527041261,1.3105723425668694,-8.7313280295888,-4.195655476054317,433.76375499619456
59,7,1.8905052290973283,-14.251019549093506,-8.17839669323166,-7.78863235180075,-6.7483873383044575,-2.761921003123264,0.6742159465433778,-6.725182352250274,-3.8051850962926235,392.29792017632656
59,8,2.0507371926861593,-12.030244272788103,-6.617565320516341,-4.43683954941654,-9.209280419549273,-2.8287639053059612,1.199276953101404,-3.383095893703461,-4.011271784315165,384.9483814920672
59,9,4.670288346114787,-11.673116708639506,-3.099049027909704,-8.326303794565096,-3.45790412367274,-3.4060886460459905,0.8793530610133724,-6.49641656174898,-4.263071986100844,425.136633886823
59,10,2.9458539819956417,-11.296893828362471,-8.519345931969267,-4.922842085818818,-10.455613523040785,-4.045007670483615,1.5377129330735388,-8.583672261976112,-4.292293010225873,376.6572894649319
59,11,5.396514289160556,-10.279311850366973,-6.425110855066645,-7.66905563394604,-6.450065375867258,-3.673149218315178,1.6040794573580015,-10.355018463665173,-4.268193732627717,336.6885629132323
59,12,6.903212470302515,-13.169640280515619,-6.1268797922327005,-9.806383189973031,-2.9289358805593646,-3.105951244909612,1.1906099339159077,-9.302913002014128,-3.905829854415371,340.7748465372297
59,13,0.7693415272690736,-11.724673750032316,-9.813988116592494,-8.281908490637656,-7.547901755890028,-3.991876874479403,1.153237428964937,-6.569416380276513,-3.987868530471245,414.03153807391044
59,14,5.797709768965089,-10.752251392723672,1.1223853573439406,-5.7686527045649525,-11.308413414540889,-3.80964438425488,1.271353768026818,-10.01285585883948,-4.067226179671533,353.37651807975817
59,15,4.2354728543166456,-15.698597014852577,-7.412611460957031,-5.303634703632037,-6.514240445579123,-4.6800070253585035,1.7144938225300839,-8.225154134536021,-4.537006897167701,396.7367066480616
59,16,4.696827277661109,-14.626023993596103,-8.184784300133181,-6.810303400312039,1.3767853584930645,-3.693852417820235,0.8863644951709269,-5.865358551259177,-4.092687836304732,441.92676021273684
59,17,4.386733286510284,-10.2909048728387,-3.3145601706932584,-10.5509325948469,-4.567888746858962,-2.017526400532903,0.4634486493333194,-7.147496156525699,-3.6522157019699897,446.56499870790765
59,18,5.982209294316253,-7.237611649250326,-2.548779084987753,-7.596564531015225,-7.401214865294392,-3.4205150577628665,0.6126527445581739,-6.212709867996385,-3.5624236826981233,513.5423877519888
60,0,1.198434096313255,-12.396452274099367,-8.318076322630246,-4.261529363837495,-11.649375392625938,-3.0238017475424797,1.330999280568733,-9.620230780275236,-3.835588581309154,399.0557325601273
60,1,4.509629225701622,-10.48505281988768,-1.9768670898929397,-5.8673736037027355,-10.82724656289303,-2.630200357735598,1.6038010956266993,-12.332923041854311,-4.191591202847428,408.8850417016299
60,2,3.9218280400355807,-8.904681665986672,-7.4658448481116775,-6.3205706637672225,-8.630049993734396,-3.7952513715187326,1.808416557118471,-7.557116006939577,-4.219737238688165,384.30166791132194
60,3,1.3729681588458988,-11.623944491621064,-5.541665267326607,-6.060150624030192,-7.291629931913296,-3.4488058652636133,1.4889674951494332,-7.066318381849668,-4.027497471784919,398.75559097182617
60,4,1.3962336176959553,-13.584965781514805,-6.299327819711375,-9.527833723450554,-3.5322557337495906,-2.8114743641707687,1.3360836045862001,-9.838583852654404,-3.672053632194032,392.19899817302706
60,5,0.9358522703721759,-7.585276540362731,-5.905217794226622,-8.063726426061754,-11.087991649305284,-1.4923708075463038,1.354932731562332,-11.133723876858891,-3.8834022747097134,402.20040999569363
60,6,5.636711185739802,-10.673835781551908,-8.505964124607967,-8.659542888113302,-6.749773720550547,-3.416329619206849,1.5261405519073334,-8.517560643953423,-4.509417693413711,349.0722068895041
60,7,5.526219476136775,-15.645076302190233,-7.00388525848217,-8.71033356447371,-1.1026146753741486,-4.5222451429200134,1.189949152795587,-4.719538662945989,-4.368127483554453,348.670918466093
60,8,5.04202749776167,-14.583097279397325,-5.061648593863376,-4.26785159451541,-12.077236502463638,-3.544797006083986,1.4136652701364611,-6.089840633412935,-4.277316347354114,382.3268615177594
60,9,5.389704048208947,-8.506820558564375,-1.5221150136834236,-7.902625072324668,-7.77492461075776,-4.400206964685795,1.444142723310939,-10.700282712064126,-4.29496342276209,339.0234885161102
60,10,3.877860913558284,-14.592709268015888,-4.079901302869137,-9.136504494086793,-4.841658857117942,-3.681208663052308,1.6027202423372526,-8.936516634356861,-4.106171295890498,387.38540820841683
60,11,5.779425949312177,-12.65062879671823,-5.130527873484779,-4.728766641514966,-7.470322914623479,-3.273739732291065,1.2588630420528257,-10.019385754221458,-4.002732335004785,363.1436702506645
60,12,4.467664755419686,-11.324788887026775,-5.004194013347144,-5.893125908919547,-8.916338804119956,-3.3047541814221435,1.3167290036267651,-10.948785702376698,-3.8111132291945746,413.2109448535841
60,13,5.1774067184879895,-13.445217108483567,-5.791449641588311,-5.195037286114587,-7.4633669901878745,-3.8497613520938847,1.4277773427105964,-7.244242285732254,-4.315319893067018,364.0975686596864
60,14,5.206972456019357,-12.050545080894544,-4.791603208807423,-5.703909520066702,-5.54973148674465,-4.3461421385818815,1.0474774220035947,-8.746154869380204,-3.8107831439112925,371.84499432557743
60,15,5.284362845357018,-9.134633520394212,-3.443258386585013,-7.267887152578119,-12.400488840588734,-3.135878932277823,0.5442565339913168,-8.410741588385655,-3.2491463838616035,481.54727321625757
60,16,3.1892526509559347,-11.33018196589347,-6.4803355742840445,-5.975242260921628,-7.665065170891205,-3.6901213878949246,1.5305291628651891,-8.630851921717516,-4.4266182966850325,379.06375521180536
60,17,6.901810177849283,-11.928988812121176,-5.519642749392433,-8.282109596907668,-5.647840530596952,-2.8220778862347036,0.9468439035103182,-6.085011551935812,-3.258177066031819,741.8295451433524
60,18,4.383253721520606,-11.974174601382806,-4.018522426131069,-6.208409716511342,-6.212986496007641,-3.773688188205359,1.7060664851275558,-7.262613336009438,-4.586358455880937,407.6897114296026
60,19,5.610416932885538,-14.616543017106231,-9.873639544633729,-5.254059699824567,-6.749273967625983,-4.320448565934211,1.9065139915820901,-6.458760689670569,-4.430992208335577,336.39757093840035
60,20,4.297415761387169,-6.943833966197188,-1.651662262823125,-9.77189073270841,-9.661994472683876,-2.3585116100633954,1.2918598605490477,-10.38528288760562,-3.784111533172349,394.1196194617526
60,21,3.9775335686192776,-13.15801773345801,-2.698613310776802,-3.982393946589317,-14.749176500916693,-2.3419082208889033,0.9240073225489023,-8.484378735805587,-3.408500381603906,385.2532647524124
60,22,2.7267019885685855,-7.314391661217348,-7.250202740361645,-7.888093542936106,-4.750027903011784,-3.9149849144795255,1.1860932888244315,-7.88274361208845,-3.7694956401089366,369.1330926396928
60,23,2.6624656393061943,-11.50101562151573,-5.180498677510596,-6.106985362185792,-8.20266393600226,-3.160351345322554,1.6007807640923821,-10.661322555998966,-3.805149555695337,399.42927346170507
61,0,3.932179918450597,-14.728270026226701,-7.0274039412687825,-5.090961587194343,-6.089784770344104,-4.446043263281606,0.9812927552525,-6.4490375313816015,-4.242872607874236,406.55674544027715
61,1,2.9858104246558717,-14.155053938739725,-8.913208161978254,-4.057546810443835,-3.6347458266221473,-4.6322352078266835,1.6931677505480476,-7.540168196954574,-4.721556211238677,386.9724687677199
61,2,6.511369758234002,-12.7076717070992,-5.739314236357513,-3.20584161337752,-5.694743570430761,-4.711973069835925,1.499358643265422,-8.3840732469151,-4.12758044879918,385.39985908662857
61,3,4.91635327321451,-9.35887226866388,-3.3245719282307205,-6.0956861401152995,-9.748342383890538,-3.112115870431825,1.3742031387120293,-7.548412895622312,-4.211950964503228,396.09614820332115
61,4,5.946181854926146,-13.711501230077275,-8.158893751700843,-11.134340197285436,-3.482585016108371,-4.391923278737369,1.3738448049639669,-8.756411325539167,-4.599787864460286,345.9070641507939
61,5,4.085131240182095,-11.046992029386107,-7.646960511927752,-8.144918573906923,-0.33086301042764177,-4.340451600068884,1.5138453504450184,-7.2412241350539475,-3.9393090188959223,379.7618322541753
61,6,6.070021503940057,-12.741557239806461,-3.2013036382005815,-8.031954595382825,-8.679104588808983,-4.110197338546511,1.6143377742965241,-9.22983053380291,-4.57475481937091,346.8847057292802
61,7,3.9433108057438444,-14.03522729006875,-9.376209779367876,-3.51327591931802,-4.948483805382422,-3.7061870499397536,1.6321613708393334,-7.190415285885783,-4.561605043653329,399.3055321768553
61,8,4.237627952193269,-13.02813972226748,-5.967396585200426,-5.494725169469195,-5.71016970367518,-4.199857643781842,2.0230184916992275,-11.635010871413535,-4.750095266969024,391.5716811792033
61,9,5.955494378869012,-12.897199217117425,-4.373339275413249,-5.8163225665270595,-7.211149398309781,-3.481147562424306,1.0949535828453705,-6.337127931896128,-4.0664742119348425,364.96574387499066
61,10,1.4354721093194769,-13.800651141846988,-7.010592596109777,-4.08197789977709,-10.857810458320337,-3.357734793167103,1.4995497873213153,-8.757448503724566,-4.289921529468604,405.4862678307074
61,11,1.7021389759884542,-13.703162068951059,-4.62682529417156,-4.513806995169183,-7.493003126483169,-3.126321777591137,1.2833229385003089,-11.323826520613242,-4.2305020089200385,402.3166507659301
61,12,5.930803691176028,-12.625408675713103,-6.344397800222279,-4.0303506047483495,-5.248135161433659,-4.472821825619297,1.3960821823156717,-8.968127086894384,-4.123686614608759,360.5651608077693
61,13,5.408006069520687,-12.293401509993927,-7.276583797620269,-5.419696126931974,-5.790015976781243,-5.273149154626412,1.7142283155071205,-11.078254908735559,-4.7120775350240995,351.30443981049075
61,14,6.524227417002685,-12.518197689026408,-9.812674527203766,-10.113877404181428,-5.0179762805670425,-3.9923927992550103,0.8214758064943514,-5.986812110573816,-4.447483144136256,357.2940872685447
61,15,3.0806136229068106,-12.234548129951444,-10.416305030981484,-4.633282154207451,-5.926927248268438,-4.584407670577088,1.612448347290693,-5.979807640625529,-4.138085050095393,381.3982088030185
61,16,3.991898613718355,-11.051463702345448,-6.607182120646458,-7.668276531124029,-6.150382788886641,-3.0640772880209544,1.1354737335720086,-8.359539868983349,-3.9250940048697642,390.2580036086082
61,17,5.751329262258691,-16.055093219260097,-8.751496664707775,-7.046020162260745,-3.3659077902193513,-5.119203918056515,1.2534424649142741,-8.753004492856963,-4.443073447219637,345.01576743486135
61,18,3.871277330082491,-10.391744086944094,-5.727424063167588,-6.791189695948245,-8.70058921504377,-3.780697471502784,1.4617478578153413,-10.587609123362656,-4.127590279689658,389.97697795836734
62,0,5.024070084930837,-5.25009578511591,0.5877340085200755,-10.925527707676089,-8.71597751706493,-3.123436798789549,1.5701689788144848,-12.135004491874062,-4.0898704362755804,391.7725609697038
62,1,1.561039953932493,-11.102630909415936,-8.2528931165097,-6.854351646795398,-5.354347033559642,-3.7106755731427956,1.7623263602899795,-9.03318632694841,-4.105196972692292,396.79486857899235
62,2,5.296926288017118,-11.288299070369089,-8.71702743081901,-5.605321958288334,-9.434189938322358,-3.8181382082499042,1.2261437213950157,-8.816432589434944,-4.174264097406787,345.4939192708524
62,3,4.448843698451936,-12.464723532370693,-8.671205271965338,-9.337567789910617,-1.8752318984087228,-5.024087368161334,1.4466065395791945,-9.684642581984491,-4.5324843373852755,422.6278527541914
62,4,6.020478038650522,-12.434936191981796,-7.077803467914659,-8.291249169193074,-1.2982267696947893,-4.5172162746046025,1.2753386505442357,-6.23115323956293,-4.4195265060533115,348.3133959421005
62,5,5.554383379024788,-10.791680921513581,-3.983562891398121,-8.605691938845906,-6.615512181881581,-5.11447498826374,1.2749409496247401,-7.795029363857042,-4.242602265814223,348.65845468566533
62,6,5.4517467804112005,-15.123165874623394,-7.21806901600696,-2.7476364277288807,-9.631961519423635,-3.2462451341813834,0.9214479100700278,-7.910264510869246,-3.631281722323778,400.09568383618796
62,7,3.7926881030031843,-7.314966070622368,-1.7107524984121536,-6.547275162384782,-8.42622596099587,-4.122846955762163,1.443216000243682,-13.661487369827844,-4.068344545088535,388.7607472265422
62,8,4.855411891311286,-12.638158279525832,-4.220213297619845,-6.04022967820458,-6.739449196508723,-4.8975182689232595,1.6110936610980786,-8.661082396863733,-4.768666560906945,407.4544005094956
62,9,4.078538842740892,-13.235126752463191,-6.763520484473336,-6.743827830804383,-5.381499235660615,-4.9921739483569425,1.503815700193291,-9.944339486851286,-5.006028314284879,423.6331252927145
62,10,5.048394829043625,-13.554841473907482,-7.934201291911932,-6.728600994295636,-5.192064508723373,-4.589811537712444,1.812456539048752,-9.982259216697184,-4.553578347136948,381.0967624300746
62,11,6.051992404828729,-9.8843141415857,-7.197252776876947,-7.569307688813131,-1.914023980189449,-5.093766013476371,1.7553560075489596,-8.558681739865566,-4.626512612445833,343.6529612198366
62,12,4.900705435916132,-13.726560930277724,-10.721965927129112,-5.5906300661322526,-12.035320350260381,-3.6869638350195553,1.2917337432456355,-11.115574472959173,-4.630134185260738,405.5422654938936
62,13,4.037925296615041,-6.348126384156649,-1.5297103389423405,-8.757866159078816,-5.857192648397746,-4.894955548111439,1.1545553858849706,-13.011974857569346,-4.185448233408867,401.3504701797624
63,0,5.076350411255045,-10.679969690012081,-5.6001967962092305,-5.424719611412876,-7.225174399268678,-3.9156443719112257,1.6628819700980608,-12.734061812322153,-3.801597979655329,416.74034643878207
63,1,4.997336506034225,-12.280425431730835,-7.765557721600006,-6.135134972973951,-5.521170621597456,-5.38979885089246,2.2133792020069745,-10.61695431048261,-5.248235596437696,405.0835826026166
63,2,4.45363790458605,-13.584185248914954,-7.506593922306347,-4.358105463754807,-4.2225478733506225,-5.4415914983748435,2.7085037155649907,-9.777727632579525,-5.252398209533063,395.9196561949041
63,3,4.371400428799671,-6.481638523794978,-3.8958335765326186,-8.848501284892333,-2.156360093974112,-3.6969349484408283,1.7578660655212088,-6.796076837662737,-4.31646442411158,393.78901641696353
63,4,3.3554376045127605,-7.408807202595706,-4.426511827006948,-7.72077130702073,-4.80746546703005,-4.758087332992657,1.6501619963670948,-13.885604797352606,-4.403845883694233,378.84923888155134
63,5,3.1181409309025216,-6.507790225789502,-8.481967816872261,-5.094649850071793,-4.575756911494697,-4.9975410358342875,1.336048693146403,-6.9316088229215485,-3.951744589798314,373.3783420469033
63,6,4.580954094107954,-6.5775138582751635,-0.23343951119919293,-8.769344142486583,-9.401432717516554,-4.661043093914054,1.5777420358306802,-13.668422526537134,-4.411391697232613,416.39720878642834
63,7,5.077821389158501,-14.907423795680707,-10.486301629795326,-6.335915389527387,1.5699564335745206,-5.637905243069128,0.7544299434278452,-9.431972415469925,-4.726868813518374,408.5434488613512
63,8,2.9407807190654847,-11.511203519434728,-10.249862818355476,-7.376558610526408,-5.315425840369107,-4.334024984897829,0.8364766322044186,-6.083994164755246,-3.579079415885885,366.04569007257237
63,9,4.069124704977108,-10.682163754662561,-7.448099750244814,-4.279127997301773,-8.390784308073659,-4.730717386528306,2.1635786991228305,-7.9783348255228015,-4.7406878060805155,381.98217181174203
63,10,4.120698045788106,-5.6557622593202135,-2.0818071596882053,-8.7256209960637,-7.626326783512345,-4.946580595862542,0.9968318452976979,-13.699886018529652,-3.9275652640448566,397.481651399585
63,11,4.139077081897982,-7.413439077671056,-1.9853907216316458,-9.60848101626441,-3.604070756285023,-4.096787898941829,1.7591981295370216,-9.554334908550436,-4.1128822774340295,378.45620439001675
63,12,4.548326718510963,-12.207337689891869,-10.767842016801872,-4.62329177591708,-7.618176882862808,-4.914369468362205,1.6021600781872545,-9.185111344313807,-4.002792424171722,409.93030777285657
63,13,0.7447080826105701,-9.580841173941764,-4.4195918895543675,-9.606272327114393,-3.898121610922299,-4.617739910012257,1.385419142371519,-10.25910930368913,-3.930585787066635,408.10005275228
63,14,5.346140410211027,-8.270879967968462,-6.7585008544608005,-7.140991400009495,-3.3080820395080166,-5.331840523093268,1.8297786174557547,-8.878905106599156,-4.533555518215376,341.50807600088615
63,15,0.5318457080617174,-14.127716979668566,-3.7638067251615053,-4.046947261391129,-9.891111934938507,-2.116811424763775,0.705085900246546,-8.951384409334423,-3.64814655802829,414.14298487191985
63,16,5.542422537294315,-9.987317218634322,-3.2511196637791873,-6.290132692378915,-10.563697030108276,-3.631955620129705,1.3446567104626412,-13.650799261542286,-4.105220982914062,352.092041337998
63,17,0.9093828899394074,-10.764441347834865,-9.704322973569246,-5.093681374212524,-8.84580358888582,-2.962645866223415,1.5418716746483683,-10.786265183269121,-3.7102951218296787,402.3979602350079
63,18,4.58620357257941,-10.718264412594902,-6.015427464419963,-8.642681715404915,-7.484076588443685,-4.70471041613704,1.5856483176796536,-10.08807031169489,-4.174665303685929,411.5582871984445
63,19,5.420687109773541,-12.800659008971857,-8.277710037804496,-7.010868694401517,-10.117830645797259,-4.041472855477381,1.5445090730700763,-13.062234270718251,-4.58673770036917,347.77698847715595
63,20,3.8848889251383163,-11.331094427644217,-5.745661984606872,-5.641745946536391,-8.576582196008939,-3.396414573316954,1.0502473456411359,-6.3160207159869035,-3.7024334426491623,387.78750317698166
63,21,2.040817528078623,-13.627943752457517,-4.714451244514347,-6.032276371879887,-5.316368653052246,-3.4702899708022725,1.2381044015839553,-7.958368965690797,-4.097704430593067,388.84132586891315
64,0,6.837557346843856,-12.069373742324379,-10.490844885218628,-8.084780757569058,-0.948366912112526,-5.4583636537242475,1.5636607256080768,-7.550921804390223,-5.002759273259687,350.0504965211261
64,1,4.700076641137164,-9.751673116922825,-6.036188777394676,-6.171000924823951,-5.16669950874899,-4.529047313033435,1.6543346431322914,-10.567708000928599,-4.242447349586966,407.5147985178535
64,2,3.316515829608165,-5.356435814321853,-2.4592809302791294,-7.291252465151078,-6.9158391679927105,-3.3395766709053403,1.5825900184279107,-12.156419671608827,-3.7587833709898595,415.2089278735877
64,3,2.5738169555188426,-6.136957265855505,-4.433699399514219,-6.034003610697602,-6.95270355354449,-3.658157061463852,1.956276365643699,-13.401379514723445,-4.128588078790159,401.5466645862657
64,4,0.8458963133099942,-9.964805360994994,-7.914596443163704,-2.61852033912748,-7.804558904624179,-2.8451311434931092,1.225324497000973,-10.364850513649102,-3.1818980352439015,409.42772336734987
64,5,2.7503121684139127,-10.38898270731191,-5.927460354018822,-5.41317079915566,-3.920887512754209,-4.759107089260965,1.6367699149872448,-5.963314789839638,-4.4724218324889184,381.30282966694296
64,6,2.7731777290232795,-4.016649381479846,-8.176064582415629,-8.001572258781046,-6.9999875152472155,-4.095349925206072,1.5618513174195643,-14.698042364227595,-3.8944493025938565,389.90037637570185
64,7,2.438128426745574,-6.2402480212177736,-5.048552132175466,-4.937888003959982,-6.245213934077643,-3.788368184980569,1.2683207770095155,-8.653104665243728,-4.049198609863361,375.95631582401245
64,8,3.551239244729329,-8.26293084522841,-9.016902858381695,-7.496420590722401,-4.572869893911756,-4.406032620341368,1.5477743873774088,-9.615693758815645,-4.4108763836810425,384.07644640500894
64,9,4.5258861666507615,-8.264728180976972,-6.3662942716961775,-6.774131509639433,-4.780022598866995,-4.554816432009063,2.0570551893376683,-8.133190885055992,-4.484850465029984,394.20458657930845
64,10,4.861179508480774,-9.425689933678726,-2.336679198131688,-6.201295342184143,-12.144890363614515,-3.893556136783394,1.190357860981778,-9.920110841104991,-4.027326615505235,400.96345185773225
64,11,3.6920679962152723,-4.794953793276341,-3.815923615332492,-7.688192756277412,-9.406452440455801,-3.5486384037767986,1.9391893240466556,-11.189944828059396,-4.07151367295797,393.0962363038712
64,12,4.377313583482295,-9.858499137004758,-5.932032397120785,-7.087362057883808,-6.331505238755271,-5.16548221560708,1.5356668718880984,-11.171233395861481,-4.311422955557855,405.6250557738539
64,13,0.7483302369077616,-9.403952568481401,-5.201816363757861,-7.799723564950158,-3.717995286854015,-3.5689893004959328,1.5373165607999606,-11.223948047329719,-3.7006663884648208,404.49360865968526
64,14,6.056087032343515,-12.403133964806274,-9.414552351114917,-4.579612531819523,-6.449725609207394,-5.348793706664263,1.7275623290344997,-7.986529930488353,-4.733087484776444,347.2152879144754
64,15,3.8061670823210156,-10.196496710718638,-5.428120678881886,-9.038602774169037,-7.628987711393516,-4.271695683973035,0.9659801408580801,-8.91724528124669,-4.153209225604129,400.95366785842623
64,16,3.1806240612579684,-12.339604471151302,-10.916968457849897,-5.086278187516216,-6.632217062687945,-3.3139511438256717,1.6686626063442835,-7.3958350823572285,-4.121513110792018,384.74837027787095
64,17,4.309232105313777,-12.163140802886753,-7.658574650877586,-6.7227915675810435,-4.5724493363609,-4.7036504696983625,1.304699319058477,-9.748666209532354,-4.309015201437128,411.80242636087127
64,18,2.1878677930920083,-3.7209154849126245,-3.5363578688033277,-6.898696065889996,-6.409323421013703,-4.493775274664444,1.7347317259812085,-10.12990691052725,-4.333766861092822,387.24867373751607
64,19,5.32380993572522,-9.555391692524896,-7.4803553964957885,-7.4237405600700574,-9.3006454131225,-4.3395662323321895,1.8360268704664737,-12.219360276719417,-4.623500060180268,347.4712858049959
64,20,1.5245077800258136,-10.974110534157592,-10.506715612426753,-4.339486828248575,-9.349550764581931,-3.0906617360838267,1.0535116485095284,-11.026390584767475,-3.8884108035514053,398.35269744725986
65,0,4.2190011828017795,-16.077632631983086,-4.696421815696851,-11.251827790497442,-5.924287907145292,-3.6182929659901037,1.1627417813357899,-9.030865314916493,-4.640122777200208,424.86995650946
65,1,3.9909179923121063,-7.636558851224535,-5.3103069638456475,-6.306344035428276,-6.492567128808071,-5.782791461966191,2.2029162299896172,-14.178971239788105,-4.85461150785775,384.07767598575936
65,2,5.254532587576044,-10.288947053589133,-8.164003205912678,-2.430125346634111,-10.41102842240197,-4.819918508299752,2.0154968010132266,-10.221008087497346,-4.804083625087612,360.38905783643924
65,3,5.879395816349429,-10.403889432206674,-7.287653787747934,-7.314671746555325,-5.235240940115402,-4.901936966661095,2.2494456975243287,-12.250013317725838,-5.101913169235424,338.86788587612796
65,4,5.454030448036346,-12.75938013300937,-8.453167135781126,-6.553079371885765,-5.312244028656278,-4.776608904447736,1.3038427419710066,-8.255536083688856,-4.108528764556765,344.5680379505235
65,5,4.345899918800711,-9.671144526081138,-11.138589119509069,-5.774998527800753,-7.3731787974991825,-3.5034907918248277,1.4971630892046823,-5.727570737211217,-4.080542474874116,396.4976131586932
65,6,5.775666025101545,-9.861590993287274,-9.974981964636457,-5.092378217369685,-4.555197539644723,-6.040412798706074,2.0735760029979238,-6.587545062419091,-4.606967602874266,319.8350927101243
65,7,6.14705457047136,-10.989856488749014,-9.38486993626803,-6.614861931862246,-5.763161066209695,-4.036570228861703,0.9422738702411925,-6.589980219401961,-4.123676184006405,375.4338200785383
65,8,4.550220145652663,-8.280073526565626,-9.33505490269322,-5.090738083522752,-0.6109094634322236,-5.653662885161857,2.1356906483859954,-4.177362407484741,-4.556652936234851,393.5787279091936
65,9,5.599180489791075,-8.672470756058045,-2.6172458677584807,-7.498105765679873,-7.017302063080728,-5.081727668433814,1.5873930360528261,-9.421334990993001,-4.386177849912023,345.736065183271
65,10,2.170488980081541,-9.24982316923362,-9.459002224073444,-7.8201852503987554,-3.632354706167618,-4.306858298807858,1.504060184089151,-6.5387969585259516,-4.748639567054708,407.21212596190816
65,11,3.1969170539647402,-6.450257902925893,-4.41285078567451,-5.330377001199161,-8.884937017468197,-5.253996904549294,1.3277435844020107,-10.092929546742115,-4.179426015322091,373.0398816824951
65,12,3.6018219065075527,-10.852163402991014,-4.874443063662182,-9.071237745069316,-3.9297328128738735,-4.684395574059727,1.8335708272522273,-11.584533081722714,-4.930512286692895,397.854474468286
65,13,2.8830629080992614,-9.11852136345958,-13.080668139205379,-2.7350923027886935,-7.108314459870533,-3.8855177235491447,1.540864433980751,-7.803911730360888,-4.11479485603584,377.10092699341214
65,14,4.358119259773611,-15.235284308714508,-5.49317620003316,-10.17044149375132,-5.0273331196573166,-4.391010087452879,0.8180684472256418,-3.2855978947399187,-3.988264794976812,423.9438893961687
65,15,3.484477849033512,-10.410319207667628,-3.1750474449301986,-8.428968362309794,-1.949006020842786,-5.1987663653881535,1.554712834001901,-7.575357694892531,-4.712339405492361,393.2552028112956
65,16,4.621419305170057,-9.723077301192522,-10.933760113146239,-2.173637324043132,-6.386772410459549,-5.210757180547686,1.8164849257108415,-8.205145979976235,-4.792699420877691,413.6944261362732
65,17,4.0645031546137,-8.441542360658087,-9.894469276570572,-4.290404347626648,-8.724961547237209,-4.474805033755066,1.9791281620350831,-8.95006915462796,-4.5946554365417605,385.43807388609986
65,18,3.1342087944263666,-5.700907267315644,-7.713709087645965,-6.162453720599597,-11.431582578944514,-3.2912315587038625,2.086164729061176,-11.45066153300443,-4.177503687172947,419.3089199449358
65,19,4.292261786151339,-7.214380803381351,-7.755069387931096,-7.550386595780969,-5.118602261067991,-4.317437780647469,1.3865881755885758,-12.435459918732487,-4.207866210395334,402.32403933250123
65,20,6.542762540272686,-6.0693869726292204,-6.749546665309587,-8.207718743470068,-7.8841674351907285,-4.603027071832105,2.032662365277714,-12.344988753515874,-4.850209764944034,340.63118303017137
65,21,5.685899497231967,-10.669829083164025,-6.60927599293542,-10.05839992423074,-0.46572165833170764,-5.730528479391303,1.9105299973999108,-3.516842919133282,-4.9319828418823395,352.95217493080776
65,22,5.087859246366759,-11.846367546533449,-8.703050710306883,-5.338048945143269,-4.7681152356012895,-5.255195165060774,1.2720917763078965,-10.13476537663351,-4.384250010134556,379.2027775595457
65,23,4.18706942083566,-10.569927702096,-10.759137443885544,-8.176414288330037,-8.582381147765451,-3.3827810541270855,1.41622354848763,-4.871128737534121,-4.221445484918106,394.3787143921494
65,24,3.8946124027026556,-9.469591585177437,-7.597766653749155,-5.49508426498685,-10.174064744936942,-3.274828321723747,1.5999753430749202,-12.124333282707198,-4.263934995232417,390.1920303869615
65,25,3.9622006334405198,-6.702105484862145,-2.9607715136207426,-7.716408235857225,-2.6635724367987237,-5.3934680133915105,0.9330600133101246,-9.86875832220638,-3.7530456073289797,390.04240841219666
66,0,4.790964855208128,-5.743108618102433,-5.505653383979643,-8.961183547325945,-3.215124625962642,-5.529113704251107,1.96602704385462,-15.112206132929572,-4.572524549695236,393.7872279905443
66,1,6.039668780666371,-8.363695242553582,-8.762546543046566,-5.856819916240634,-6.421682642480774,-4.889586204253908,1.9464104426973365,-9.590812125331208,-4.869768138764719,345.43306217635177
66,2,3.430567156659567,-10.406770591053315,-0.0687095417884569,-8.531413826034107,-8.914003957779418,-3.9397115640514966,1.3161528538529068,-7.34392864890416,-4.037715610940643,373.57835563713957
66,3,6.611209762696676,-8.901915511062796,-7.3576364223197555,-7.914021378401981,-0.8187740687221092,-6.548129820673886,2.6443083973706507,-12.818862767032304,-5.430209256227002,346.35134907065657
66,4,5.462517146459191,-8.382779506182322,-10.446201235003784,-5.672178128576904,-4.952332488000753,-5.874353929104408,1.7004507888530527,-9.25211165625127,-4.642111989810176,347.1072009617336
66,5,5.027167079058457,-6.48612501902905,-8.7686145904197,-5.342622562458041,-4.46957615354936,-6.295376156879356,2.253467147142427,-4.7168845713607,-4.438712032575019,369.02357611536763
66,6,3.390787271853871,-6.263977754983943,-2.5351201579391196,-6.776852744786077,-5.138111801117052,-5.02847741226186,1.9244922798925843,-4.641149066742203,-4.432523120225836,378.8111042879784
66,7,5.747611128524625,-11.607290650724664,-5.778176364175802,-6.952577388948472,-7.153599879999661,-4.629983197064388,1.055592276877023,-9.566941050817055,-3.933287020406223,372.8461011408865
66,8,6.473479710640971,-7.914122790339444,-7.795792237370158,-3.4530384962270713,-8.253913456648235,-4.771561948070606,1.744705869772987,-13.080603122592798,-4.060574201595231,412.990578737362
66,9,6.134070627870738,-12.881646817198698,-9.338637138025218,-8.275178223140001,-7.0773973447522724,-4.43244832505225,1.953311422005885,-6.788754341220302,-4.722542350630935,343.06922773043345
66,10,5.446250838142124,-6.822749570796486,-3.9654004606460953,-5.225447873174572,-7.867204544684677,-5.560226858622324,2.160577836674583,-14.037280731599612,-4.792487355978504,345.38449575765395
66,11,2.011546067439005,-9.492527815726215,-10.56245693266877,-4.7589103272521385,-2.4939430123615116,-5.626092374152066,2.2046783018034923,-6.613654880818499,-5.118851793033015,407.27622726992263
66,12,4.759348888244632,-7.440905223091072,-3.8373152497891905,-7.433553483626843,-9.375480422748154,-4.006853557115041,2.0519234651403693,-11.167858482590452,-4.576929962782578,391.7010082825158
66,13,5.361716415931749,-11.038650750716936,-9.341762474116038,-6.047907746449125,-7.394347038688478,-5.171225696774439,2.661803679005954,-12.953849157328106,-5.08910941302538,353.05133995099953
66,14,6.552976959595557,-7.687497053781227,-7.079139897183754,-6.335788182423613,-5.9825990190637395,-5.264191041214033,2.2201711707144343,-13.181212496909188,-4.607820556340847,341.43106716840873
66,15,5.357286460735676,-9.071003094350134,-6.519839797337643,-7.631513160048781,-4.096503028369726,-3.54262757937642,1.5915798594723898,-7.543040862756774,-4.233195584856084,337.06989499008375
66,16,5.044560595473403,-11.09393837103989,-9.256538580310094,-6.6516755440983175,-7.172066564407278,-5.573349209601594,1.8288425520786245,-6.038889165928435,-4.638435672554416,383.7175813197689
66,17,2.285686585079959,-12.789620887025334,-8.513589642960286,-4.856436441139668,-5.610624096235634,-4.4620621541693986,1.4393087954379782,-6.3839129003182915,-4.139636253737098,381.57885933255426
66,18,3.2801091543401695,-12.182130926890704,-11.357140470513542,-2.428818135239668,-7.032964425211645,-3.6521167893073185,1.63724974668079,-10.301013794015976,-4.25430118233141,377.8790575393247
66,19,2.9729368278006434,-7.272332671192849,-6.534440468026972,-6.2664194671836855,-7.158862814078672,-3.256824107302638,2.129186005025058,-10.396778804589111,-4.292354693420351,406.31428146073165
66,20,5.8698123344780075,-6.7409021163309255,-4.994987357647988,-9.915977114175996,-4.412423117798815,-4.794357936932606,2.142278373991248,-13.768958975103324,-4.731104303121883,323.4219844619536
67,0,3.7067480486052267,-6.277065939271249,-6.479503219526167,-8.081629422946232,-4.676288024939915,-4.674962931904934,1.5221864306548798,-11.096561460195824,-4.436746941170834,393.25980031239305
67,1,5.591924849922212,-8.046891930072917,-8.446883795004537,-5.55168292300373,-7.110679460956728,-4.558501064325178,2.1261841911965966,-12.633971094470274,-4.624815161982409,333.4884854355097
67,2,2.4858020466283337,-3.6190837433436878,-1.7136802814508396,-9.902444739543773,-7.975157833326424,-4.490820761153787,1.7731312418960234,-14.091825417771123,-4.457608359439251,384.02286572394166
67,3,6.790311652457716,-7.819078141588534,-5.354554545875731,-6.84285827013148,-4.442886875627366,-5.3877507017911865,2.474779900041216,-12.551833003349634,-4.807807242815754,328.7904541595642
67,4,4.682569986310657,-9.586614362364603,-9.251063998950475,-5.031448269948225,-9.437350374531448,-5.405103465781983,2.2514279228430762,-13.47507958962517,-4.799117855292927,395.5582090451056
67,5,6.578982016075434,-9.53448681543888,-4.568293529773283,-8.068768558390907,-4.973782796055517,-4.583188304750426,2.136033369973421,-14.355109689926836,-4.941668908393751,337.33197904694964
67,6,2.486202907464748,-6.87830565028149,-10.271010734741488,-5.505402324049519,-5.15051794752677,-4.186191343468599,1.579898458940515,-8.235447719941064,-3.751026276857888,398.9409512540959
67,7,6.781385237713155,-7.201146590567527,-9.893872231122257,-6.371693820619657,-4.26897679670058,-5.041417965956034,1.9419165792341986,-8.251057727600665,-4.330910537903229,326.3340414056263
67,8,4.823026967518337,-4.982417494803409,-8.595515210479206,-10.42339781289793,-4.041061193783216,-4.237141910221757,2.2247986168521754,-11.912115781678349,-5.113827184781049,405.1799587201363
67,9,5.096855958835237,-11.9505873587257,-8.091622385314416,-7.594934353876351,-7.350872472657154,-3.0302158222934086,1.0116539407868435,-4.446361264546322,-4.534421247834776,385.633542861061
67,10,4.523372578693779,-7.342446445130802,-4.676955005701451,-6.7664593503024175,-9.890054355677496,-4.074511613816615,2.446127287001449,-13.49314825968811,-4.795546328236715,388.0072552905581
67,11,5.905996154221395,-7.684444458335188,-7.812436485817936,-7.805311094994656,-8.035933060384735,-3.2876946778590197,1.7025627899979483,-10.945715030636185,-4.388485191887122,337.6509643421098
67,12,5.658374758348462,-7.782352062306085,-6.630184816711307,-10.221903199878223,-7.318388331840527,-3.3398033473717703,1.7638649194326292,-13.827926444767503,-4.473651640287164,340.5081344671478
67,13,2.5186954455405997,-8.947569656940003,-9.69326023785451,-9.151357506282244,-3.9096173231946114,-4.897312623160411,2.524346907905651,-12.537303375304305,-5.006306391842639,392.3261541524748
68,0,5.238415348659688,-4.285912994458039,-7.127804466474093,-6.962056533141365,-3.92971125334009,-5.069655362327081,2.423360845211681,-8.48441358577165,-4.968599055248312,361.8737774358441
68,1,4.399546180094488,-9.13230596159988,-5.973948183307677,-5.234388316212453,-10.469241062977005,-2.8783146237146213,1.7969028313964657,-11.045870909008057,-4.292642505020614,393.01077006492
68,2,6.748457532838434,-6.77224501735787,-14.600650170607139,-2.261106518857935,-8.067249847854857,-5.355183143898187,2.302344209884725,-6.685327271930586,-4.978237688941678,322.14338311595094
68,3,5.715779294731368,-7.951370509696225,-9.638343062435371,-7.752174438976317,-2.155570113069019,-5.000723702716206,2.679552485810161,-8.854324952849215,-4.711014155116043,320.0175740164186
68,4,6.475063771037911,-7.375489482221854,-4.0197461236792105,-6.0414846367441415,-4.412131739492567,-5.994865375140808,1.7689816279453434,-8.81241521386133,-4.644903792022017,349.1647936871234
68,5,5.6137994755763,-10.652432229622837,-5.4285477566189435,-7.47374658566663,-5.7557810508350995,-4.5498485295528415,1.330814541830753,-7.858758491143407,-4.61026707417361,357.3234247646651
68,6,6.5042723933327995,-9.772159036557513,-9.092621687558973,-4.726408163532451,-5.693331282301256,-4.833465474187394,1.8213269533427274,-7.729618662304871,-4.275470762333872,368.4438215458014
68,7,5.847509816685462,-12.098005153472938,-6.566276257389473,-6.676513475142032,-5.494494350216415,-4.1526934667341,1.8221059470531555,-14.315254082849162,-4.497940143563402,329.0313700654786
68,8,4.452752167586788,-9.094520078506111,-6.781789537911535,-6.179546059917611,-5.431424815380871,-5.01564870030234,1.490095732106056,-10.498740287789266,-3.6971481276806495,407.4530064462456
68,9,3.2005159577508655,-9.488871930127075,-8.421831750072059,-6.674556355968146,-8.208861290629747,-2.820589989334871,1.6755860843091397,-9.74408903023377,-4.19173726628721,381.13325268642325
68,10,4.589223486443874,-6.451888790468037,-6.016387104149654,-8.867784615524036,-7.300626363138104,-3.5703214296237906,1.2843619669198725,-13.281541409849694,-3.7224446557614734,422.7196729978951
68,11,5.716196829346949,-6.26209687705698,-5.061630812841139,-8.576109144783596,-5.044666023951883,-4.495349524616279,1.8174422918347235,-9.984969778222897,-4.5691693312922155,335.411432804721
68,12,4.689340834015629,-7.675229063035586,-1.8443707810935273,-7.476260187311626,-6.735027903782348,-3.145226530345857,2.612540358627432,-11.492205435608966,-4.6183580741541075,372.7594434101408
68,13,5.185554168180616,-8.284670786642572,-5.849740756435871,-5.334107219007128,-9.641758654225821,-3.402020873271286,2.014950698320425,-9.50413006365263,-4.456199172914012,352.96384738424456
68,14,5.3122031192218,-4.043465427209458,-10.399336820204264,-6.949675693088409,-4.897507387766854,-5.820152355283734,2.648350247090873,-12.924192344117223,-4.932597115543974,345.99501539417827
68,15,5.189220531709904,-9.864236438763378,-7.947373800255178,-9.381849286189528,-6.100622362734483,-4.03751881552378,1.1894286748120875,-12.072429756557435,-4.23217540143125,363.4069995191068
68,16,4.606846589092088,-8.43650783931771,-8.311965670408028,-5.808637683420484,-10.127154149831272,-3.288249679966291,1.6393422690123158,-6.9322898113032165,-3.869866271887117,420.0680748083509
68,17,3.8527624179006144,-12.48841724210192,-7.828247182932779,-5.223368236789584,-10.504123885350449,-3.0508943853935513,1.1905073710730245,-9.955792508827761,-4.342598705330816,404.170362182504
68,18,6.3745722360791115,-8.1347695766145,-7.737721534747629,-4.440455040847411,-7.4691267535623265,-4.761218044913534,1.8243552948558628,-13.083709127292915,-4.89870466430433,355.69110732335383
68,19,5.682966271712461,-6.8664074092457,-6.439412472055963,-8.728833809611782,-9.934508231123083,-3.764433977049067,2.0074189558090385,-15.079848835592642,-4.978408379232402,350.81676260631593
69,0,6.107898212313567,-8.518182325392006,-7.289071497196954,-8.011702191153354,-2.0510031534062367,-5.401614530198005,2.158665139631907,-9.762237471986243,-4.267883751690247,373.88856311956613
69,1,5.136746746622171,-9.78185008164642,-5.117875595428208,-5.718372750946153,-8.362476955421274,-4.8667220865687515,1.9233204431417783,-14.68290000901939,-4.84288590934602,380.0586494343526
69,2,5.597723291499019,-7.261552484576045,-9.519143867371552,-5.997298704095161,-5.417167854352121,-4.525334519972819,2.0108036343442905,-5.842928256133255,-4.5108240476738155,333.877926973419
69,3,5.954907159774155,-4.99304085721726,-5.609069096613261,-7.925225951223467,-6.432392638203267,-3.9106540857520184,1.8422084488622879,-9.617148384965269,-4.321098206283867,344.4309630028279
69,4,4.246402758110872,-8.234769789268636,-8.719791307218298,-10.008553399641979,-5.821499328878633,-3.538490088772675,1.8845653609741235,-10.523968344884787,-4.4277003923132146,384.00447899017604
69,5,4.138031360436291,-4.7362664102303516,-6.66160422378956,-4.903461697516123,-9.472137310380859,-5.123904643849228,2.5782081519639317,-12.605123901302633,-4.855449932273925,369.4877895092783
69,6,5.314898580155208,-9.223464136794627,-5.911092422967813,-5.1298535610982405,-8.156296305570281,-5.4604973810681345,2.4246285745396308,-14.628474095852024,-5.217409005886664,372.2710202164685
69,7,5.878881579251062,-5.445998974646233,-4.083501135309957,-5.6922541314189115,-3.130924292584161,-5.632612560376356,2.4132314644934647,-9.563816306733008,-4.417722703548136,330.9776829470972
69,8,6.015663247659263,-9.588326830326984,-10.737415475580026,-6.657120865575932,-5.181296293422181,-5.017137726239272,1.9538067390722507,-8.398536412391199,-4.832123871586627,342.5298379086661
69,9,5.405185388761052,-12.5574991475642,-4.267681671166523,-8.241932755922916,-6.278753436460257,-3.222750378712398,1.7601395094095769,-11.134864060732452,-4.846536141554136,358.9952786218127
69,10,5.93769133285979,-8.008070775687314,-7.464114031044249,-9.666834499918494,-2.6760618753285734,-4.606190115949768,2.2975608216486947,-12.201520031889793,-4.731441734737749,320.5356384612577
69,11,6.799503977031368,-7.790794074814098,-7.535069154751987,-7.32816467115408,-5.251677458729768,-5.9659528456498485,2.36195851038086,-11.578337519161147,-5.298361428908695,331.14055391637237
69,12,2.3889901436242615,-9.294720444747657,-12.075000373020064,-2.8069162474369005,-6.842496006252521,-4.608197207096454,1.880389455242097,-12.103646629811635,-4.280552393350836,386.32366414620094
69,13,5.257833144317044,-6.548347230270121,-9.261449974081819,-8.070087544341499,-3.4688139240543325,-5.3328120159044845,1.6639751259025775,-11.076850031254073,-4.378909864240039,347.8982413897354
69,14,4.667339625624821,-7.047777985374946,-6.116224781635953,-5.591455025944272,-5.10817488186258,-5.197510221517211,1.6757045964357429,-5.190195303940658,-4.800940372271386,417.4253822626958
69,15,5.305932481979418,-7.7881997393654885,-8.697648257273451,-5.660282854704306,-1.0769613781159357,-6.517728376372784,2.298275937125329,-7.4118587561758975,-4.8226993503530995,349.3896544876041
69,16,6.598160974733909,-6.69227554643984,-10.061396548036928,-7.0553610436599214,-5.230750127461393,-5.004904425540599,2.052633194011113,-7.391010346968477,-4.214833777798244,393.3113325447341
69,17,4.998354889039802,-9.443115706110587,-5.488051760054557,-5.895233008692467,-10.74495817014195,-2.493728725122978,1.3645241608097565,-13.365613255361367,-4.101629657766435,389.02169133000314
69,18,4.307725343108692,-5.959054302986934,-9.542166934429078,-8.247054642061864,-4.954509753427196,-4.249062666643701,2.276790807790938,-11.513523808551426,-4.768486187299965,382.82272749125514
70,0,4.083671696438461,-4.805478728947833,-1.2293867482661183,-9.33266747011156,-7.730317863121799,-4.536046151021141,1.850287607493406,-12.036240340809416,-4.475895236147445,387.2115131782076
70,1,6.464506611543377,-8.073670173987926,-0.4204803778756716,-11.888354022349532,-2.289863919876242,-4.703430340962692,1.5255760211185012,-10.408091081816773,-4.547642584266203,354.0587192602161
70,2,3.8265541453141134,-7.067830546867038,-5.967555429084472,-5.141371387087878,-5.57173194955244,-5.425176223882389,1.6775655034123775,-6.599441100175076,-3.8777303179910687,394.8625178999402
70,3,5.059407862358926,-6.967377964261759,-4.691803266544516,-7.007194459433905,-2.482319903831187,-5.665836645209673,2.299438907030801,-11.836298346439635,-4.44155067620491,363.8165915261079
70,4,5.153498033209148,-4.105133230358707,-2.8483194633762245,-9.172210713437309,-8.781116236208526,-4.550437057799605,2.368590443380224,-14.299928878244653,-4.830924064667899,365.12344771751975
70,5,4.997491309214144,-5.289516022336986,-5.59419766471442,-12.058525431186697,-0.3398458120940564,-5.711046044824972,2.025814360278158,-10.725490045602154,-4.608308297655896,382.4923042656002
70,6,5.864437953088951,-5.6142878685789075,-8.997347245654048,-4.676106414183635,-4.229979623531176,-5.502576407777434,3.0759185146058643,-10.046311584527972,-5.16756680861646,398.36915984400446
70,7,5.78017889829898,-11.383181210613486,-9.881808276868039,-9.185349557840336,-1.1732698742319752,-5.069576004146688,2.1677462926994204,-11.49664030221955,-4.7713544226412195,321.41747917247386
70,8,4.696230928091589,-5.627216855076156,-10.273210276298656,-7.943659241477017,-2.1601545696680358,-4.161909176259855,2.4037323292357775,-9.695030100142953,-4.144836516129531,378.3808270707233
70,9,3.9395653637561785,-4.10715682551557,-6.378766846118261,-5.382783320418872,-5.362384961632183,-5.020275968759206,2.221670626899545,-11.37146136218944,-4.261517983000968,376.80777840286913
70,10,6.20228467139906,-8.756765542880016,-8.084558043111992,-7.007634572570225,-2.170881444599411,-4.856692466636745,1.9826988707515145,-15.675152251561965,-4.646564725723711,342.7692119817921
70,11,3.451686205665821,-8.739600046890535,-5.268969734987966,-8.234514339163983,-5.172750761194792,-3.8819214254046024,1.7046794987633973,-11.478477655904461,-4.39402570920916,378.9605533962573
70,12,4.078723204866303,-5.801326494656826,-7.21689483663435,-6.267972287547566,-9.902107711680756,-4.387686098484629,1.7142581081000714,-11.629166585257092,-4.4859415322636575,392.8519357084193
70,13,5.695803786488393,-9.12944718769833,-8.35120995236157,-8.494633688467463,-2.3212499147719967,-4.407782966959652,1.979986117653183,-9.753537647417485,-4.575707706395615,330.6483572787207
70,14,6.628001547968972,-6.405059048488596,-7.245461257224339,-9.221915061152288,-2.422093612816997,-5.222714325304386,2.1759290636254405,-10.483676337775897,-5.112126222334063,341.1851298433183
70,15,5.691045753750024,-5.878840211129468,-4.789613843867687,-7.093924075595059,-5.7773998321127475,-5.313095123631608,2.079274688781596,-10.198904881642191,-4.641469575167579,328.17882432759916
70,16,5.294897122608503,-5.291414052091296,-5.927586433411639,-5.216659109955884,-5.462331785132639,-5.814271444953297,2.4665487599480316,-11.310545343138852,-5.025996417218629,359.05666341993964
70,17,6.12968021865074,-6.384454094889095,-2.922175685743455,-6.806304424848951,-5.112834206646192,-3.987150118451639,1.7950728619490954,-8.960069788554955,-4.0836136197316275,398.0375205982619
70,18,4.070118874574316,-8.50484284117362,-6.596814267333411,-7.754343504157989,-3.363916918342258,-5.1446929705683395,1.9851397791302923,-11.571644111127382,-4.451429835732321,380.3328414952679
70,19,4.820813647927084,-8.977687721530003,-5.688796265031645,-11.366231895306523,-2.4274295576486713,-3.491113365619408,1.9241742653099336,-15.363036638903889,-4.503539184799601,393.1512955165422
70,20,6.124685022333203,-5.737475907958487,-4.842843493085747,-9.423878847406503,-4.246426246555615,-5.456755801542157,2.2630116095270973,-11.289308172920103,-4.434489479683917,351.20544971266344
70,21,6.142864841789911,-7.665245901815977,-6.485050415190775,-7.582716971631201,-3.28335916612522,-5.78857474639162,2.574979389855291,-9.667897286231096,-4.814008678016267,346.3492331532752
70,22,6.871819490520921,-10.549893755685366,-9.68789431806254,-8.83357803339634,-1.0239888553745726,-5.0907756235749515,2.0882348501754624,-9.013770443437082,-4.984939913936587,321.317945801572
70,23,5.526677865392663,-8.95913001612101,-4.889862129569057,-7.884522096565089,-4.055791379852953,-4.778409215316587,1.750078598436044,-9.411687448513513,-4.206833139537765,343.24645374501245
71,0,6.334099665904153,-7.529095658356283,-6.4544479460672335,-8.411537904516068,-2.4017442593788667,-5.601603359081226,2.1053767990765326,-12.579125888879704,-4.672106941664517,339.44010941142983
71,1,4.67669447842022,-6.541932747532115,-6.588972106345676,-8.869733971432197,-2.0266594500657042,-4.761967309097527,1.9338852675034137,-10.314523589544308,-4.389528983738363,398.63709616850343
71,2,6.478270808452867,-7.068420893202513,-8.267010065176994,-7.025881633982749,-0.6215539285384479,-7.070898872417347,2.7306035746041015,-11.858185754122557,-5.237454961828718,359.6776876116679
71,3,4.67964192791287,-5.370432595921363,-9.291231136142937,-8.794919293951903,-1.4391171424215694,-5.344628612802639,2.3822606327371463,-15.226742679847582,-4.842472454308584,392.6294931751077
71,4,6.082070352501093,-7.795096793886591,-5.218783547539285,-7.780055566973246,-6.8550975025469825,-5.005794844414914,1.9106605656701456,-12.969458206431856,-5.091395471926155,360.1396140747097
71,5,6.871626566926705,-7.905489188085976,-1.6643498583934742,-10.995595568044234,0.46305270037234303,-5.0710053599086695,2.3034675269265503,-11.076719913871468,-4.980480291985,308.6773069591157
71,6,5.30148839737047,-8.558061691946085,-8.456007094096412,-7.483933695367688,-4.3624537401265675,-5.317054153736558,2.359111588403195,-9.799116133702919,-5.0361773610565095,362.36474523948647
71,7,6.144415332167838,-6.512274808664384,-8.5637509676833,-8.325611587766724,-0.7849902439518668,-5.788884673965161,2.194453595839305,-7.237724602572911,-4.575947345303715,337.9981670219107
71,8,5.514479761837395,-7.9439126533081446,-9.673204072134414,-8.804595981929625,-0.23991361066037475,-4.7068203216488245,2.0285662955055717,-11.41151293884729,-4.308969181675891,332.07024046138883
71,9,5.563720764729389,-5.343843087983469,-3.74511984439951,-8.058053247150696,-3.6759790886864003,-4.900797446142656,2.3186352202317475,-12.92181216964937,-4.81815889121541,337.9361009485806
71,10,6.861729273503046,-8.641869035260614,-2.8773257859756534,-10.372603792752107,-2.9673039113718573,-5.042808172966042,2.3334259637839714,-14.30839634275426,-4.916672480614459,302.0036408823623
71,11,6.484696998431458,-7.043905594013484,-7.4563018309214115,-8.310868401391073,-5.6018727000272035,-4.700612790020504,2.031754530391218,-8.058164988935317,-4.531404461883669,344.1891041040069
71,12,6.719019208231343,-8.899055428947543,-7.7818246128588155,-7.954169064394906,-3.4033731163649033,-4.812725031444204,2.1879852645471365,-15.972635419499635,-4.88648763385706,325.184193842126
71,13,6.504755770105262,-11.326318195666449,-10.795334670919775,-8.981989210540572,-1.7339144229956163,-5.6084922425376265,1.9676019718074285,-10.978349803365532,-4.996655052348819,351.4831740931746
71,14,5.892414065123176,-6.391479707633788,-6.339163876331071,-6.617223029668119,-5.572473324409459,-5.541461322213184,1.934854175245208,-12.526974989004174,-4.773894159114366,334.71668382405153
71,15,6.435472498476379,-8.550122414422898,-9.331708575461969,-8.762743360929008,0.6454376243277045,-5.145719987017131,1.9911578825574752,-9.754607380814809,-4.86284385614145,348.28670564378626
71,16,4.646401105284285,-9.853664240173742,-9.715493315847793,-4.481058844999291,-3.6589071356493412,-5.591434574854273,2.24293303651153,-9.190813577525827,-4.8031596904906015,397.4388382843109
71,17,6.702698307692767,-10.486001187111071,-9.149243941434708,-7.011202698641817,-5.689711462850141,-3.830048415037597,1.888099073996904,-11.070743653490878,-4.63151621995979,332.7296477240957
71,18,6.814219842020585,-7.100178451728507,-2.110005480706471,-11.735182254886983,-3.0482859225843053,-4.18240586459542,2.029196690064199,-9.24041469615989,-4.998781585842798,327.6768764637154
71,19,6.300266683942318,-6.2952234802170155,-6.024797165238038,-6.447121811216215,-4.95680175997834,-5.351161365267032,1.9569528133852048,-14.167453722977594,-4.809368543978457,346.8431468305464
71,20,6.169387950463437,-8.225730403786345,-6.0375625765407985,-8.82255379219624,-2.1777850060130692,-4.417609688764166,1.6527722650844034,-5.547933700166967,-4.114854654869994,389.12982480554354
71,21,4.902906745098834,-7.933636443267703,-7.50066643684349,-7.349426131087889,-2.9567311649699177,-5.669790211881304,2.551656202781805,-12.979559093359683,-5.107230477864208,394.96499668728245
72,0,6.450518948851712,-6.156133913598669,-3.1953825588552793,-8.933233108297978,-2.017805850982227,-5.279256995051648,2.0129419965317523,-12.329316663989026,-4.628120543659741,341.4587450122471
72,1,6.709939388353145,-11.860782729963653,-3.7103420116501944,-12.268181152260233,1.361741093552706,-5.262850808058827,2.14497926297186,-12.905037254895417,-5.009148038021934,338.841462541341
72,2,6.831935253397848,-9.027764937936361,-2.0162630961588652,-9.819955278433556,1.7594144553095519,-5.705645647194339,2.452791635028172,-14.021830406340829,-5.02344045058661,311.38793807067714
72,3,5.1636960619305885,-13.084087843862417,-9.67149382687115,-7.308827315857253,-4.608555037563939,-4.0996102527887395,1.6137385100470358,-9.591978485946736,-4.592685122727488,372.1088674962482
72,4,6.040362582287346,-5.240229219896976,-5.933157807963249,-8.621078518057944,-5.065170869500776,-4.589886417172217,2.1994090475049872,-10.204643671479666,-4.695765229477454,330.3716189530694
72,5,4.918943127591305,-5.91622370448646,-7.528344909062385,-7.4179932425490875,-4.202279756562685,-4.929007688259548,2.399031383640648,-13.358661347900231,-4.619214987327982,377.40417952698965
72,6,6.600848104494997,-9.36390977679766,-6.909504654097772,-9.96083663697684,-1.3662957792261727,-4.66540916914382,2.244205873936744,-14.170119986308663,-4.727770316661437,333.5095247007984
72,7,6.813912643851559,-11.056442566567839,-2.309684504481823,-11.250340395154538,-0.7311321272863209,-5.535097363452218,2.2771133565377677,-12.555800271802571,-5.545940802571194,355.9331616984
72,8,6.891003093759878,-9.302545864348414,-3.5124729027955195,-12.374765794976822,2.652197575602593,-4.639674042230555,1.8026171437646084,-12.599431398256781,-4.338142483876445,319.447756344492
72,9,6.796765678381167,-9.175902160682204,-9.646687929829639,-8.685871580624655,0.666189647302649,-4.859296851000985,2.655578615583896,-9.121820581323556,-4.368728980554079,572.2502803541972
72,10,5.931819881659263,-7.519773319526318,-5.016523610564418,-9.979319979698639,0.24296293809284686,-4.310940667536165,2.0936103783731648,-10.320313582810616,-4.685574244689833,328.6816060217944
72,11,6.33235435591617,-7.586090819634879,-4.002484504271327,-11.410497143476181,-2.1360476158850137,-6.128047801630688,2.176957893259934,-8.22220700704295,-4.941956209537633,340.0836764779282
72,12,4.92332193645166,-8.543847014337738,-6.023794945467834,-7.241071912188982,-3.8279098998231675,-3.767645406437738,1.8631699378414661,-11.972843203432786,-4.232743285736202,394.1380959059089
73,0,6.573539847116279,-8.805794304484683,-2.0198473009401545,-7.8533294742396365,-2.430091724033667,-5.096853919312018,2.078319864025127,-10.802363190141111,-4.842304222370611,337.4009915925118
73,1,5.483169262403928,-4.788323099290826,-2.574796270228951,-9.633716384026947,0.3662604248844333,-5.843257326929253,2.2678568986896743,-8.350162340451764,-4.676538022358804,336.1503339926928
73,2,4.780790432783539,-4.664573363003019,-7.14137106085999,-10.099528760437096,-5.761361340954931,-4.938246858495655,2.1435154424258327,-6.776285491691441,-4.710731632971743,391.34814620954694
73,3,5.086005122344062,-6.789433634049691,-4.983358733487379,-9.698546483514392,-4.815035372038126,-3.1518689150706587,2.5306691705626765,-12.90681972724673,-4.709126330419526,363.0281792559167
73,4,5.617152552883636,-11.976999097768234,-9.605888890065557,-9.016719201322086,1.0848877940595134,-4.466834468326478,1.5387667437678396,-9.72805921993498,-4.477460053126074,348.57092684037036
73,5,5.572636560383963,-8.552375392291532,-3.4817554038806695,-14.508796902841635,5.110224832596495,-4.6661364851808,2.201132948894765,-11.005097214653016,-4.739931647125085,461.6851400239244
73,6,6.810165891161546,-7.555284372440876,-3.8966774438779086,-9.880763901927569,1.1493194140301055,-5.735120112080637,1.7895270847498541,-8.533650271540797,-4.070423024681408,335.170515731564
73,7,5.103790549433958,-6.766315238696908,-4.69482157544445,-6.019758162428325,-2.546071725402382,-6.301027615930656,2.4539870218574644,-3.649166264661643,-4.441599030867046,354.5977362721907
73,8,6.7157940367174636,-10.525633518324483,-8.514329384972442,-10.03114037662368,-0.4203358302464739,-3.635870243410774,2.362574962368196,-10.988858411109815,-4.909090784798516,325.4330468337701
73,9,6.5707741574469205,-6.9881709736512665,-5.682972160174483,-8.113642794338869,-5.3458889957765745,-4.434053593013847,2.4563294671476608,-16.003732067500216,-4.982992179683876,337.9601887678923
73,10,5.1269649405932505,-9.62051277164091,-1.5871472776963538,-10.676258398711127,-2.5309350992379565,-3.4098110986862427,1.3535784864919904,-12.075901105867008,-4.046001492315138,373.70054844502727
73,11,6.683070450534172,-8.973268106028131,-7.074529509461341,-11.101472658416222,-0.440473805285979,-5.374932475265585,1.603531050195777,-11.52160976519262,-4.583627065083238,343.3570053541699
73,12,6.680531547732327,-7.778705420445392,-4.908717521043607,-11.292061289528624,-0.6201662879705703,-4.22196306834877,2.461218228471608,-10.924748152585611,-4.81040223396212,345.96045850264875
73,13,5.931034798130671,-14.395200451968321,-5.2165369226781735,-7.796968545393382,2.4226558529407787,-5.154774197436993,1.6288866577315404,-12.846814298932133,-4.831450868212019,381.49307777385985
73,14,5.4264175454134485,-7.521362208227717,-7.50301460054264,-11.635197804428705,0.8147864416206616,-4.8260894537500025,2.3747881489776996,-13.334453272153393,-4.951194907169299,354.17464451848514
73,15,6.076155247988052,-8.927229681045556,-1.0596068493964141,-12.063860344597499,1.9990321242458418,-5.329722728380147,2.3836887089687124,-15.258607138201052,-4.941695155969759,344.1465184892876
73,16,5.189889078391011,-7.64535901262254,-1.4669698225563352,-10.197378071330576,-1.3581511727312903,-5.5790823986389135,2.391712288829962,-14.097031942943143,-4.761103110070829,355.9734114225279
74,0,6.8339148119519155,-8.453741376817005,-9.939308438841355,-9.30070131173874,0.12989776894038318,-4.757970166080515,2.5199731691349414,-9.913264710781549,-4.968314449930629,311.57155886737706
74,1,6.617729613040682,-11.48968169247583,-4.430462009029126,-11.266064970770191,0.308005928109395,-4.393806532900124,2.2376502970939427,-12.334018160228538,-5.05030983744559,336.59276406502397
74,2,5.637036183393445,-6.60154549033014,-4.141393293165069,-8.8741270527449,-0.8209038289322078,-5.385263874309588,1.888790219913773,-12.031398506617325,-4.597412403766362,339.4357869615715
74,3,6.526340903753853,-7.5246326419802845,1.116352068959812,-12.85884789828571,1.3317174038972008,-5.096532221584251,1.8867382059051385,-8.996115553790904,-4.00247659727537,407.5474417605808
74,4,6.047319689789431,-12.069809291959343,-11.68918407312848,-4.470081283784045,-2.584301906983649,-4.432304557503419,1.8159252506838643,-6.405922596356873,-4.350889945701264,348.846055644934
74,5,4.602544280383388,-5.973806258127043,-5.2490884520987855,-8.820385316886972,-2.275247407731786,-5.074640335852714,1.717140483371558,-10.083030210399663,-3.8079244837645314,425.9831061055097
74,6,5.557417129019177,-8.382701093006032,-7.890999542719218,-10.122888710375802,1.1877068303407232,-5.336827278870024,2.273785861001551,-11.908916640396908,-4.9771032783054325,355.8699863146047
74,7,4.954604301168224,-5.8197701973245834,-8.44023724957292,-8.798297840662489,-4.464004160684298,-4.4108363776616795,2.001439525257337,-10.239484755554262,-4.332815792622136,384.73329103599747
74,8,6.653828041716418,-8.952905375461635,-7.78676485722273,-7.144398347087509,-3.560289860613346,-5.569297859615305,2.692951975809545,-12.589002714038664,-5.327198598219038,348.23335101249586
74,9,4.664581733339955,-7.485131932108054,-7.666580878743828,-6.4399075199492515,-2.439314827131948,-5.855164141066769,1.8920904856593217,-6.870771011751891,-4.305654962498603,400.8479073953431
74,10,5.505835051152141,-7.445116229941105,-5.792978704757199,-9.373767678336739,-0.24305335445251647,-5.279070267616125,1.7055001973975312,-6.2037910956663085,-4.168836643537588,340.2615190082705
74,11,4.660176961475774,-7.825343182503977,-4.746718626816423,-8.368136906565887,-4.353545395219287,-4.039846812554337,2.120015065381028,-12.58668127514224,-4.540265024680072,392.8229618126463
74,12,5.597179771155814,-6.263055643709306,-2.741607443388631,-10.1629782896079,-0.375257675924925,-4.924641835184955,2.459250273037279,-12.576612214679969,-4.689453897142739,322.437740800656
74,13,6.667529220844853,-8.2913886845744,-4.418225538665014,-11.75482852187666,2.2522685173342034,-4.649845961488161,2.0323761668847826,-9.927609241500344,-4.558961070699063,333.9682299073342
74,14,5.47456768460716,-10.001274674705655,-4.494856238788663,-11.44662341736622,2.2531100709541567,-5.174511571457739,1.8258016416466256,-11.88955525782242,-4.147938678545495,332.6886073168496
74,15,6.4279454249134504,-7.909130831492843,-2.091910990748003,-10.110586552023202,2.0020953352472075,-6.505264820606699,2.1305237320847787,-11.71687866824335,-4.721423313765165,343.72481034713536
74,16,5.490789017977813,-8.287288408200212,-5.0327201156338575,-9.159112466081053,1.757236080689343,-4.700660520938175,1.8768587365201423,-5.711060810264329,-4.0680819060196445,329.88292077601125
74,17,6.063592291017612,-11.633029947517077,-7.403042851927873,-12.790509204022197,-0.43923282100149497,-3.8452200406912302,2.0392225745905113,-9.878060652795657,-4.761895261093977,339.5920631081313
74,18,6.324725306882388,-9.22896798437488,-2.7014640828335805,-8.429508791782894,-1.2301364268312545,-5.333719481288347,2.7347774121511543,-11.556039141240712,-5.309690462213643,355.90447226656477
74,19,5.7893324346542725,-10.414219623991247,-6.3689977520169085,-12.34534986969869,-1.2698778669290616,-3.3230166218143893,1.235019201254612,-6.482077365408884,-4.11577324305325,347.607293428478
74,20,5.056435962481132,-8.924618137130276,-1.7309732766775126,-8.770907897029197,-3.021483403338003,-5.926916711478004,2.0915219141747055,-5.6258403934861665,-4.850480583674818,384.84202226973827
74,21,5.709722087018909,-12.402425889775019,-11.080112582678172,-6.693822064224991,-3.9110963032756003,-4.684364111641029,2.557090064570875,-14.98803453589532,-4.883687476983984,313.9114911817378
74,22,6.244595904028554,-8.982447290749535,-2.7737106050235485,-8.542296402118138,-2.938656108029755,-4.524518853484967,2.113847858574706,-10.028164571553775,-4.909942505810837,342.9045468404777
74,23,5.667897884735086,-8.978263967720764,-0.8796500259910962,-9.005727429363484,-1.8593217199480958,-3.8651081974599952,1.9058054584730775,-11.68337426183626,-4.387421992804484,334.71613462995657
74,24,5.409547850136436,-6.887997285372492,-8.654881988467857,-7.247398066332652,-6.668827723568135,-4.213742667093175,1.4719154522567397,-8.693235157266521,-4.496722803585562,345.0134128333809
74,25,6.389674588148738,-5.622961398353356,-1.4316728087950477,-12.269903101789815,3.014318673513724,-5.561465308790293,1.9956598943874886,-9.828265940353539,-4.668167028906312,379.9496786029641
75,0,4.49764587435486,-9.444930133721702,-3.7598331285077995,-10.369450151472694,-2.0127072806376725,-3.79262890162011,2.1250489760582276,-12.201673327419739,-4.505682241397297,390.4210672024069
75,1,4.495553654255966,-13.310404732127745,-4.726701228867114,-7.688210335504225,-2.3869784603677933,-4.787050039858291,2.383580559191079,-11.252244311970001,-4.714734843290752,386.30408667650545
75,2,6.188798851341476,-7.435636841467355,-8.657432840291005,-10.056491804215941,-2.1141675832553357,-4.975143657038024,2.4996060896861962,-15.355002160929908,-5.196424358231769,338.13532013463526
75,3,4.814362504883259,-8.648919247788172,-10.270491946806544,-5.812396063563921,-0.9346906632814515,-4.592476691722822,2.628251975446472,-12.575835546771714,-4.659353027565898,370.7460159985649
75,4,4.3311998881049245,-10.36936205041665,-10.044775138425347,-9.73754138108568,4.742889154925358,-5.741946263577521,2.822468055937363,-9.652787880578613,-4.558113628198846,381.7755901860519
75,5,5.515971945726183,-14.448222801623789,-7.593822589253086,-7.828166891093737,-1.3408014584503989,-3.6553459761525016,2.352823822486593,-14.07239447485717,-4.737418381723448,335.7207401210408
75,6,6.864214552452384,-12.396956407932247,-9.666198678748437,-9.636843316245773,4.472131468085003,-4.854492935029263,1.9761531090090194,-11.566177153003615,-4.259917936486364,442.6264473859957
75,7,4.983680876735026,-7.166144773625625,-11.39145755771374,-5.275435636415101,-4.2775796296595825,-5.25869016757911,2.4843263093007093,-10.400168313384539,-4.417852249916141,367.58315570553077
75,8,6.273337600447345,-10.400334299319217,-8.294955140616057,-10.911595389407356,0.4039019359136411,-4.9281541089144225,2.48200041727227,-11.600194324476908,-4.945408388956772,331.2224663339842
75,9,6.640363287783924,-14.000145234933722,-10.0280999575218,-8.790666364709622,-3.4651048294205538,-3.978185378771311,2.0703210190790493,-10.633078523704645,-4.9230449098050455,337.4164993264642
75,10,5.5501451333887,-8.081131550218235,-8.516675552833213,-7.705322713622494,-3.6173997592168456,-4.7898145166538155,2.8211737332630022,-11.532320773685193,-5.343593694599836,353.9899857842238
75,11,5.8548216213146675,-9.868316556042487,-10.064168851122009,-9.785387360844258,-0.41191115888363566,-3.84391677199779,2.0194438569100996,-10.440344890088532,-4.109251587463312,363.9417842504035
75,12,6.7796205682097295,-6.276644742445103,-8.497345198997309,-10.370688563948937,2.4908762775929834,-4.986768437049597,2.4961537304202075,-11.993742308369235,-4.833075369505689,310.501318868123
75,13,5.016179935235486,-9.601999006265471,-8.824460801634203,-8.814722430174687,0.4705690803284629,-4.910951454621237,2.416374886142105,-6.063468562185783,-4.814760359043877,376.693656098247
75,14,5.782920538286924,-7.3053350776319546,-7.381180791933393,-6.842609850196586,-4.469117345247855,-4.532732797275128,2.447072906298721,-13.350134398774546,-4.676508653942473,305.8659358432616
75,15,5.944947412347797,-13.896488156293263,-6.30312493469166,-12.158597200674635,6.134292169743582,-5.078031055908085,2.128767921174267,-10.825268595866104,-4.825598847381874,452.7589051983125
75,16,5.933782256800097,-8.52186534548679,-6.6115019656139955,-8.53054459768404,-3.0654523197793093,-4.339553776519477,1.6187882694368327,-9.028235144984059,-4.6762232439450075,342.8928188224869
75,17,5.427268016885571,-8.069212239422257,-8.31905218156034,-9.594884123763297,-2.474228241498576,-4.209043141466872,2.3937265389899096,-12.393601250991619,-4.555414129563589,330.1125487444406
75,18,4.976295985198541,-6.659245443320195,-9.480880006641971,-9.757814578744705,-1.9996800349866763,-4.20788286301455,2.0874242414747486,-12.617527172011583,-4.438376278206062,379.4361016618676
75,19,4.87052881407587,-7.692282090573998,-10.479690375331137,-8.85340888619998,-3.0353270791666223,-4.5772819597270935,2.2679965340072026,-8.52077474037879,-4.45892697067393,378.98744344340855
75,20,5.11397196455469,-10.910584139613414,-5.3652294739128505,-10.190838589355774,0.13414523637596099,-4.20060909378663,1.4747576441830472,-8.279601358477137,-4.179070985180149,371.1424594194998
75,21,4.8741828130488685,-7.609763545866896,-6.400086595278671,-6.7699799751537935,-2.6880112512822736,-4.767039807439421,2.555168059480976,-13.211393294390987,-4.709469686465333,377.0569815423745
75,22,6.244878027010227,-9.505126102173358,-7.749310644041418,-9.15289136532329,-1.322261532126558,-4.66991373609781,2.7036200273328173,-13.05255829636744,-4.829668958113649,398.13340083729037
75,23,5.728609606036051,-7.566012195243885,-6.24699289772066,-9.854688455611734,-5.625484543083636,-5.630292524006107,3.023185165016307,-12.575623247002701,-5.398508519168448,356.63013543037715
75,24,5.135020157233287,-7.833026672612472,-9.797272522007322,-7.5500867491076935,-0.5688898152548805,-4.021040088455976,1.4975281815891077,-7.805557971797947,-3.9191362498460944,379.9501333912699
75,25,5.500863425624568,-9.242396038742394,-2.2925707765683088,-11.827199614087835,1.4404667923591172,-4.825911500778858,2.23920475787418,-14.114985363055775,-4.407743349738803,324.70332778212236
76,0,4.983755175049799,-10.809476180788065,-4.075744404833335,-10.839793544434531,-4.231195565263783,-3.1013679229360163,1.4329322959962512,-11.360447804532908,-4.478070894665917,391.46406305483197
76,1,6.83668780495685,-7.5361070432653126,-7.471536491695412,-11.765773187090144,-0.14120075759548056,-4.079598543914419,2.579383234909666,-9.520085716294611,-5.218635539999489,318.7954088398341
76,2,5.451337819217604,-8.020024936790618,-11.091631128364263,-5.358855269520392,-2.8729364988337913,-5.218805409767534,2.3030894057157862,-12.604832925821029,-4.578840916989109,332.19543208440626
76,3,5.847494345849664,-6.316786041184327,-8.940466693438646,-11.909202881268278,1.0885205262173354,-4.7040037512172885,3.027124149590384,-12.536097267294025,-5.178414670912655,361.0366372521464
76,4,4.694171343438709,-6.748030963127573,-5.012446487595652,-6.838141949020674,-3.348377426446456,-5.164821803248833,2.027029842323377,-10.056819987520845,-4.312767824970477,392.96643318053816
76,5,6.017029308707378,-10.051806485870276,-7.105840772486092,-10.455772308835815,0.5137537704563242,-5.504943295129479,2.2911599920421737,-11.397420642428122,-5.0747414940910955,341.9743402568047
76,6,5.882811236616023,-9.08972384014731,-5.319506179368769,-9.669674735336995,-3.1364415117925852,-3.4228592924626833,1.6583798071706788,-11.930824857242879,-4.443575592125125,335.5600799133539
76,7,6.604326065272438,-8.667646760907218,-5.701656398694257,-10.284923041500436,1.0895316758255618,-4.640606282513084,2.1083840917227903,-12.73340278909064,-4.665124371987608,334.22503874342374
76,8,6.17493770159518,-7.420863039521722,-7.307099296153137,-9.328633742618482,-0.4632418952468178,-4.600921817226367,2.2696120380474025,-11.662823285502421,-4.621618568510877,335.40645187504134
76,9,6.3985537898978055,-8.243724401294685,-5.1126260750712555,-10.640237850644477,-0.1024856291259113,-5.053833763408301,2.0489521805310638,-13.797632689478984,-4.698742095993715,340.69509026517727
76,10,5.158582957229565,-6.849782636889794,-7.631682741788988,-5.714643439384131,-5.380526625920417,-4.900264595742921,2.5854066936318745,-9.589783324048884,-4.585072467427336,347.4727351815733
76,11,6.431627752661415,-11.338879287965526,-7.325206565392886,-10.024165973675606,0.2771793442374244,-4.764067697838688,1.6465855076232072,-6.968125248831925,-4.458506685515132,353.56200352019425
76,12,6.004968558482656,-8.010256905220853,-9.07523517713835,-9.088767770649529,-5.007966193056153,-3.215249089313742,2.7760888866935263,-14.192772082997356,-5.010333872664251,367.054786740348
76,13,5.395141984714982,-9.432949887318175,-6.752054303986562,-10.94096175495005,-1.5708687559717645,-3.5940501874412702,2.0965478711991556,-14.614959396885464,-4.510516911801376,333.26730396697155
76,14,6.866013004213033,-11.614613137031899,-8.775856182856305,-8.411267381234458,-2.5987328878592395,-4.0621883434262696,2.099762701727925,-13.028798184458402,-4.604053293856767,296.38793152877753
76,15,5.202187218205363,-9.315777740808045,-1.2738016124305638,-9.857424512118055,0.07326658580946854,-5.060964986538783,2.6479268128393065,-13.643869171939684,-4.85747840783047,352.94842779930116
76,16,5.8286430335218276,-8.500518116659315,-2.0537063989368223,-12.113692791664267,0.1499318409441004,-3.517283565192499,2.2065002144255286,-13.112745815320684,-4.409499209844274,317.49348255409643
76,17,6.255213041961691,-6.554509703227872,-5.5160930274587034,-11.616754233797174,1.9120502768743468,-4.6693486194272245,2.120690808846934,-13.587390899939136,-4.604850374330299,341.79357676443533
76,18,6.067627983626727,-8.700052415196623,-4.675784932543223,-10.555263160285238,-2.7520023338266713,-4.700390421496847,2.1775274715017554,-12.886161971427542,-4.826326147522366,334.99443329494994
76,19,6.138654596200927,-12.107769909789855,-6.455414910069815,-8.974852558127088,2.294839667020875,-5.376434821803717,2.3135036932063655,-11.4570582651282,-5.037767590253031,365.2216268633109
76,20,5.049498755234574,-10.13664359005275,-8.293256213293256,-9.872998500349354,4.6718795701991445,-5.687133045916944,2.51631154294579,-8.598113499425796,-4.469350908827454,376.8751466567594
77,0,6.512340951274469,-7.953746548722258,-3.2063463260096157,-9.296172808743165,0.8602471453133846,-4.815073339647773,2.3727150662279386,-13.215407222575564,-4.496580424943895,363.0307573201083
77,1,6.846086106287344,-7.127045113609645,-6.231284316078357,-9.543769618653045,-2.363282145299015,-3.555828949652682,2.444834019930186,-12.468347503811644,-4.775830387285183,307.4010174670284
77,2,6.18241965189326,-7.479426033114743,-5.788664355461802,-9.485556903691519,0.6682616176716942,-4.434373987688707,2.244644104621442,-11.178170121445085,-4.586685925372336,335.4036218553685
77,3,6.30974146081488,-11.672337012681883,-10.28486866165821,-11.265739971607347,3.784972271946124,-4.47944979852492,2.489611995196279,-11.136678489985716,-5.053136970942171,449.77244230670215
77,4,5.458033241986014,-13.948183036742176,-6.605047876967421,-7.28933945501452,-5.026163054293367,-4.522216850631745,1.791528939304572,-12.004131659858201,-4.242034279550898,337.22212643786753
77,5,5.952426648332679,-6.732986550009212,-3.689530936423776,-10.650125768177066,-1.3968516796362898,-4.2020541571124195,1.6442365408604682,-14.037804696171136,-4.249660463083412,349.30061572609975
77,6,5.41137696535398,-7.554363342278835,-4.1320194374967985,-7.9851642805734055,-3.6090307279441136,-4.842645332420375,2.2742827300253947,-8.763471840493118,-4.50280870272536,330.63370603306913
77,7,6.464354510330554,-6.331475140893051,-8.22916890248277,-7.771183711225222,-4.621213112761533,-4.720212924585594,2.282733497324184,-11.67466396693989,-4.647552506924358,341.23190282784196
77,8,5.516105013629269,-6.98941017964242,-5.703493742960321,-7.858268332169113,-3.4616964880213725,-4.232572041593671,2.3646046645415604,-12.81096041664237,-4.466229551906572,329.2787973317487
77,9,6.346680576487492,-11.376422038569691,-5.1783867187552515,-10.379352647394127,-1.3152599604025315,-3.88860568652485,2.1440596307295117,-10.262822123198431,-4.619598218753156,339.78760776619765
77,10,6.120768652470007,-7.961180837078798,-4.203660856088513,-10.637489899684407,0.01001371980757848,-5.167390540596218,2.33763725583663,-14.197630236015168,-5.024482946786811,336.6814065339564
77,11,5.105498767966703,-6.3463881519934375,-7.533901020674454,-7.305547964294753,-4.362118841986629,-4.7403840192431375,2.82575123212003,-14.567198549290104,-4.782678005890209,361.2852068720457
77,12,5.884838646625687,-9.185138540046616,-7.342358824380773,-7.464341314579754,-3.9216690635461737,-4.224025113223056,2.0938885387194284,-14.512577765268887,-4.459242078819838,326.7802912283709
77,13,6.8954145980187365,-9.942308491760413,-8.501704456432627,-5.941736208998563,-2.484899654883493,-4.519635892420378,2.457876895024521,-11.645068535548752,-4.654021129247124,300.038551796183
77,14,5.152875997644274,-6.3816854557075064,-1.7647633870868562,-8.20734290449553,-4.026428262006147,-4.783601378483738,2.415374982478611,-11.944769442353406,-4.934468054842023,370.16805826215153
77,15,6.6664497725485825,-7.200938703608602,-6.114353758105586,-8.63723012706259,-2.3147996134754454,-4.128912049051429,2.882371200839008,-14.941434890551227,-5.088705990265972,400.29299094737064
77,16,5.566476533116307,-6.884261799342246,-2.7221142495732673,-10.299575017296561,-3.67381910111255,-4.841514182454183,2.526735887497038,-14.66907380419857,-4.9729023055310515,337.9087254488428
77,17,6.356451455349025,-11.810115588345074,-8.015292474368506,-10.080462928701042,-0.9264489340717572,-3.9601444546319535,1.6500061626224682,-10.885342656455625,-4.319234004613676,363.8701479581847
77,18,5.954178851459934,-6.86366116179158,-0.5364619703912439,-11.034163279797026,-0.40697800911291104,-4.0518701312031125,2.3126127844152853,-12.68317163441078,-4.626606007117026,320.54542537137036
77,19,6.0299300548233,-10.361502259594907,-4.619986015174099,-13.5501497017459,0.8705697021717342,-4.003337208603085,2.069222274625454,-11.93693183381371,-4.882794312461449,345.2356433823978
77,20,5.3143696112595045,-10.737679473670818,-8.138627790707973,-10.808025377355976,2.8063766724809005,-4.526335745600035,2.6333816354644384,-11.961465752833682,-4.530188671922606,363.180598449342
77,21,5.207895269601472,-4.167894784709163,-7.16044737640314,-7.616510031293867,-2.740693394894906,-4.534152004797289,2.010106732790277,-9.442841191437756,-4.360845635971565,346.8811998952833
77,22,6.108542873853687,-4.737183164141203,-3.522664783697715,-9.890546569677138,-2.862691138780594,-4.231887245348733,2.157218238102611,-12.586221955047323,-4.947213122468272,341.8597395574018
77,23,5.914936996502781,-11.037638325419325,-9.669889927101526,-7.811631080826936,-3.389720990265711,-4.166534466235246,2.017019214353321,-9.885276127357198,-4.499272125086911,329.5146100255063
78,0,6.711591174229292,-9.15266185389813,-9.623804885793778,-6.487374641510083,-2.8765510416189883,-3.823056243255758,2.380325754105849,-14.239746818096854,-4.625253131959425,353.41164588866127
78,1,5.535187007297693,-6.010540594824802,-2.9282394345231975,-10.842104841364407,0.8711479184974467,-4.605724157897134,2.725069232267629,-12.629880724933198,-4.663816309528859,319.9807907024432
78,2,6.0593995881865945,-6.556023188985125,-3.1900425686473817,-10.082360696844502,-3.408637568045195,-4.23005448111584,2.2679071698894506,-12.623963729994168,-4.3223036402593005,363.70628273516235
78,3,6.102829973416492,-12.071315339575204,-5.7459542720347905,-8.183991796671704,-0.7729733136314405,-4.3525239528005,2.378319150237027,-13.464978193941244,-4.9059641109179095,329.2286665410869
78,4,5.928165226579376,-11.059071192658996,-8.952724290760921,-9.731978184651666,0.0698831268216713,-4.589078962079101,2.518071523821571,-9.847947397174861,-4.832991699498554,315.54141523456684
78,5,4.428036171505144,-6.231790628009886,-0.7050987792730812,-7.7814381555339835,-3.213907407672393,-4.153111256836992,2.1955980389186074,-13.611058414026362,-4.0254850484974245,375.2309768401275
78,6,5.442772602350279,-8.240636304177114,-0.34018302704033676,-12.547406644824246,1.89163367279679,-3.4092086642637955,2.2351556767205283,-12.867087087663363,-4.239802444021731,326.4163642092411
78,7,6.624626604784044,-9.415679298305989,-2.1906636847630265,-11.29098518263635,1.692426192279442,-5.0173372890092525,2.179490030329839,-10.270942748667254,-4.569550296122939,331.2608404551793
78,8,6.301046062005321,-9.51151945282999,-5.135087709330503,-10.096369037084834,0.2905528561588455,-4.083678901519573,2.307906681977667,-12.654852347518561,-4.629871371519979,336.75711834198574
78,9,6.849133286890624,-8.403572394915804,-7.587788457425635,-10.33198255919411,-0.4098985175729215,-4.680353492919899,2.099573247659693,-11.228150928133466,-4.554867946424851,298.075934946702
78,10,5.3243050227470325,-8.956333759028452,-4.57707565084651,-5.293996001747062,-6.976100979099558,-4.970624488264596,2.7258350957032573,-15.180895820232156,-4.936989149905937,344.3151324420413
78,11,5.609657879856827,-8.083872807325108,-5.37659358351186,-7.520965177203013,-3.333223589725971,-4.0250806754162864,2.1960739814228005,-12.27058262784685,-4.619903511855688,329.69257431749816
78,12,5.005568865817094,-7.9836101841615985,-7.987475993920864,-7.30152318573038,-2.7231624730772666,-4.788761544201844,2.708326454849782,-11.708668075101402,-5.0060264238240935,378.5765862681228
78,13,5.8655695051387235,-8.825701950445312,-5.383688805435528,-9.234341693326229,0.30430776567277373,-4.280474457417027,2.0629586612044513,-9.150820094584724,-4.509381347389853,323.0185431119948
78,14,5.805283818800188,-7.79205220049665,-3.266675238126209,-9.2172806167885,-0.18336275385719647,-4.716690983216264,2.617829265216626,-13.492800690189606,-4.796798327028096,308.3238099011685
78,15,5.8758619673433845,-9.33625778890771,-4.062988090984796,-7.4297725594356665,-3.7365630836842367,-4.070576842891622,2.5436364068918427,-14.899199163664004,-4.799330218893611,314.5655685475964
78,16,4.947172396900592,-6.30690132330345,-4.177815886720514,-7.380398849780644,-8.14198975539152,-3.177727066048034,2.1128917644360605,-12.93254527305463,-4.199489866550766,384.5949469022976
78,17,6.25495326168437,-7.183904850108564,-0.2688884903729969,-10.504579562744624,0.17906311041108447,-4.445362936637418,2.4793281976023374,-10.453227484781728,-4.8770921911118865,331.5969609924536
78,18,6.490947660246804,-7.069732937562922,-4.4178406031398465,-9.044938103556683,-2.5132519539086573,-4.643582505392456,2.511437187609451,-13.58693767759509,-4.907943915534244,349.39849810968997
78,19,5.636332174243787,-9.479143359085306,-3.7644046930659565,-8.448105407308487,-0.4759936047751294,-4.381484768552337,1.9759476383378325,-12.382138885484439,-4.512107240937725,333.2256916703063
78,20,5.927297056479559,-8.347626352282344,-3.728132993098893,-9.406271407564715,-3.2854524114426056,-4.599898045727312,2.3492913712011796,-13.22071123776404,-4.7823177127815395,319.0193481683729
78,21,5.465747790680171,-7.925244143634437,-6.8837572035315135,-10.62166220627077,-2.3070678139039624,-3.875625191074414,2.6837829017526165,-13.130350783891705,-4.818031101348176,334.47507080630095
79,0,6.062157664392089,-10.16873007714699,-5.779823313852403,-7.074909196577449,-3.6779005400507176,-4.409097130979152,2.663938175030437,-14.941478629103587,-4.943941070223866,349.2069750108848
79,1,4.969958227749417,-8.982086519558369,-3.3462820817246963,-8.456504794855277,-0.3190941426760978,-5.079139080397503,2.3936238015874998,-12.552712550130622,-4.496648783727599,369.084868363141
79,2,5.63900605238454,-7.044919186967818,-4.8113462292719635,-9.783386267989853,-3.288744260213441,-4.311104690468867,2.0969701118756827,-12.211339940926056,-4.470336062149252,328.7433113175486
79,3,5.838094953177994,-9.595077677675178,-7.762363081400558,-7.939725198058839,-1.2861350690831117,-4.177491271472266,2.10419672309998,-15.320773089349201,-4.882381748470553,331.3867636674205
79,4,5.743764387442098,-7.903453910799786,-8.192750280967088,-8.982658940904534,-0.9855369327645737,-4.375886249735168,2.893653525852375,-12.759475612677289,-5.013084057228381,352.5584795177923
79,5,5.962637042322791,-10.534697853675366,-0.9246468764824991,-12.60845636096472,1.6060711789571909,-4.252246394280247,2.0998515358248633,-12.36167621844904,-4.531718983266685,329.19152395961896
79,6,6.6293549335003785,-6.784284143907167,-6.877344852156581,-8.102421005459053,-0.4627690985132543,-4.791067951072509,2.0940488732502276,-10.297894812897928,-4.367651959530245,358.2692422525254
79,7,6.062629834983913,-9.121751188388204,-9.852986567744622,-6.912535321815226,-4.383184263187499,-4.412745221035952,2.3882626925908954,-12.048535444765891,-4.648347390605036,329.93732270106045
79,8,5.645540815941909,-9.276351526197717,-5.735887434657891,-11.406878964056455,1.8391423756051721,-4.504049362420532,2.381352479236299,-9.774326565880319,-4.701996154564565,330.41936318100744
79,9,5.6396777361337636,-7.867197108676643,-6.520110704398131,-9.153329807008957,1.1831566347532014,-5.194374263198843,2.328985969726215,-10.68903917916415,-4.506118008478991,315.5814217771853
79,10,6.4510496863495845,-8.641647478962613,-4.140259143544147,-12.187622333260917,3.719198032489154,-4.508081938370772,2.577210134101084,-14.391620100101433,-4.733400987252607,431.0080508565268
79,11,6.036360639205694,-5.938888994944996,-2.2121605166083795,-10.57318262156577,1.8043431802613066,-5.260214862191276,3.061899271395883,-13.906993292383273,-4.892209435174104,417.169059250039
79,12,6.695818463573272,-7.515645100045723,-4.416205280052151,-11.769435210742486,-0.259202748912877,-5.1585396537827775,2.3186148107478055,-13.880365668685592,-4.789550379220866,327.98921229314135
79,13,5.702975139411191,-8.938965139590403,-2.98539796215276,-10.424332586224494,-0.28962598173393583,-4.227043750963371,2.1023930432753444,-11.817105062477417,-4.429962057095226,322.6724081944385
79,14,6.07372571087429,-7.208884784102672,-1.0894863388852598,-11.810143551584375,1.8920074399213962,-4.1402844284025875,2.364069603403915,-15.633192587514195,-4.7411426731118915,330.1827226275051
79,15,6.590849163825689,-9.033187450967006,-4.16636663523877,-11.24943967233604,1.5751393602701724,-4.533583104152246,2.406973804675284,-13.511152558688757,-4.97707697385814,329.5983106440073
79,16,5.220003896212857,-10.128294056101044,-6.698981274967952,-7.406056450401488,-2.508498677206655,-4.411758677719785,2.3647354705936405,-11.082290867959129,-4.4825418357857645,339.4031463595936
79,17,6.147310944147418,-6.145059645943258,-2.841657824453539,-13.635682698035229,-0.7013431717092101,-4.129359278674643,2.612381695020949,-15.72448935053016,-4.929120066824815,342.5464277342141
79,18,6.247282083832642,-7.1107931925370815,-3.4414350907867908,-8.771232480269873,-0.57359397339083,-3.706403445327134,2.3246974244549823,-12.829200354308274,-4.3783022498980575,372.6693400173853
79,19,6.706779073205588,-8.42070062793551,-4.149241974858231,-9.63873535407138,-2.02270527764742,-3.9270762001357884,2.136972361053239,-11.907480306877977,-4.5118288162400635,335.38394072928804
79,20,5.968480798282565,-7.101033107055395,-7.407495552290419,-10.271744692686623,1.6173051236324376,-4.389773471460463,2.5054189104793334,-12.854645885264613,-4.7658482077478554,314.8424847058242
79,21,6.588721812245054,-6.520589434978566,-3.1209730499948907,-9.823083877387603,-0.7807993043851252,-4.059142357597806,2.778527752807131,-11.86530650251034,-4.936801721758052,419.34754969785064
79,22,6.256991705940924,-9.241491612209549,-10.264699601881631,-6.38846486641115,-5.018183026532203,-4.505116048782723,2.8206626291781114,-10.649504660075605,-5.020110055006564,404.3802607960065
79,23,6.304879625309215,-11.57208995433888,-3.506388367782403,-10.940884629517475,0.1812985782677946,-4.543725010031822,2.1586427038139697,-13.586171623991376,-4.909408325700093,341.5224045268292
79,24,5.271605926738184,-9.928893646033956,-6.545772314087543,-6.255534804053321,-4.057254622276945,-4.599511815029173,2.1949241745393757,-10.090440501040215,-4.501666104116634,337.17273412953625
79,25,6.415134438231613,-9.123603665884618,-2.0636929502595898,-9.926331900478422,-1.2873166441483168,-4.047144360330947,2.2355462534213886,-12.79136265212108,-4.644278017888483,338.40328601725065
79,26,5.9471412767668586,-10.505502775800382,-7.379943200636891,-9.682074445155344,-1.676252467547029,-4.5195832667638545,2.5765623380378218,-13.101968465471277,-4.905636435801502,322.6690026664427
79,27,4.929408386007715,-11.020208791625594,-9.8966831245061,-3.879977037705541,-5.007817122147052,-4.471911747739832,2.190347694674752,-14.476361928404977,-4.525874297656956,380.49091105970683
80,0,6.278602952368541,-11.293616598260773,-9.63993454446387,-11.13157403670659,-0.18087682498320057,-3.646974260988034,2.0387473785677317,-11.533314602523904,-4.408539002425322,352.81242306062086
80,1,5.762036536684654,-6.6347828016745325,-5.027406270779331,-12.4422708181298,-0.73807561421622,-4.16529494869561,2.0737407506140064,-13.365205487648094,-4.508369451642475,319.2136020823913
80,2,5.435964457904665,-7.940111832552342,0.12611158778221476,-10.281699708281067,0.01912239144655771,-3.8225263087673014,2.089134032668,-13.504042661793731,-4.290896173181487,328.5858943170855
80,3,6.58654975024269,-11.68939942101893,-6.819736508670022,-10.51104753785313,0.09543550136160886,-4.074519676706954,2.2186008767973404,-12.486519309857286,-4.597237531924386,338.79680888472296
80,4,6.178272405240113,-11.339820962162472,-5.748726648705504,-7.326192626262802,-1.6908608914247691,-4.449323908564819,2.576491655657192,-12.352851351476488,-5.0350894346370065,337.38142003314914
80,5,6.227614284267487,-6.474775230953172,-4.375780376525575,-12.08435755419913,0.8780779559670275,-4.580344499009487,2.345895025798136,-14.560924054390698,-4.585078752214946,334.7008171723355
80,6,6.0276964387218115,-10.06614408632859,-7.311008461070175,-8.898247685594953,0.14824921635784605,-4.022386365354877,2.5147659486675034,-12.270808397814454,-4.855779979599944,322.7105502023124
80,7,6.749634308710884,-10.334774115659505,-6.336517984997888,-14.263772975826495,4.026560753454742,-4.178706837959661,1.89061326743024,-12.784557523912659,-4.681195651207641,445.6816002784791
80,8,5.564732376165304,-7.02915151376285,-5.392718323186838,-11.632846986897542,0.9660958180955115,-4.248372611422612,2.2767430368717956,-13.974569462046345,-4.667249416883136,332.59704380606496
80,9,5.65798275758971,-9.775522153566762,-5.508962502260299,-6.976299017886825,-1.4674139323575117,-4.597569546180791,2.1951997231532148,-8.4079348418501,-4.537230301369168,323.485209301033
80,10,5.890270666652021,-8.78634464874857,-4.938758410809324,-10.245706158563237,-0.26459186372500926,-4.23922641016129,2.4177307045765146,-13.83758919644951,-4.5715229540691595,314.4639742914042
80,11,5.964469322120685,-7.962789526415373,-7.880727793005139,-11.21696958224004,0.23627010726508502,-4.388299922844393,2.4419183653747543,-10.313225627962257,-4.735311619762301,317.0584274218875
80,12,5.599197195871934,-8.952485021458436,-4.153794022460493,-9.646646306897859,-0.7809409025587042,-4.750250503019844,2.740025731057466,-12.742554275982233,-4.827469538775169,326.80857421868825
80,13,5.896675457906573,-4.710925408614371,1.5539118637903346,-12.025972106921778,0.6178050098471359,-5.0368175173812615,2.55453356028259,-12.24749792023041,-4.667635924338802,311.0675074228435
80,14,5.287667943385475,-7.2758729459117655,-2.2956249600446994,-10.41728334313225,-1.2324816244721413,-4.371009434195455,2.209565698057201,-11.879337808667707,-4.380132361921185,331.52814614915894
80,15,6.261865930969984,-7.464707317067143,-6.0948723518028025,-11.608795630516981,0.8498604082084246,-4.866490227041762,2.7058631679341043,-12.010908265561385,-4.805698897327183,380.7548083007323
80,16,5.752977183122393,-7.541110140134122,-5.768121294827712,-10.246292784013834,-2.179993743822992,-3.658921462850145,2.6000559980739806,-13.745328244362524,-4.843009281538169,308.92443383189936
80,17,6.336075546218458,-7.401024501866013,-5.903754898700998,-9.746582799211145,-1.5397126821223168,-4.57439910518192,2.388983722821342,-11.427883114821606,-4.619786854679139,349.52221798235735
80,18,5.73261492649819,-10.900884951902961,-6.286039961915381,-8.707400438238972,-0.8274321070468202,-4.358270284241728,2.147101722671861,-11.68799536805603,-4.354870719688017,321.9968194642645
80,19,6.717549161772901,-8.750811913796792,-7.052178986565712,-9.291899596972103,-2.6046270513765806,-4.3044757087173275,2.5330979211307074,-13.683338388185442,-4.957904823443943,341.8170752080647
80,20,6.809647928947304,-10.287305924674119,-4.339645662180303,-12.97954886502533,4.8683267458162955,-4.5617383663105215,2.1504997640988632,-14.7017060965271,-4.702061108472296,449.44638674836426
80,21,6.046540552528479,-8.984438092370402,-5.748227177978673,-13.571117823114578,3.2683257487687802,-4.917939501744075,2.265053612668688,-14.474556269082049,-4.736386357579653,416.7480714000027
80,22,6.436656925018485,-9.780317937761003,-9.336967676217819,-8.586395842263814,-0.9783943485211952,-4.69967388202465,2.522896835053754,-10.134151311478623,-4.754943914993595,367.4372867060214
80,23,6.183292500870236,-4.844328790471211,-9.03031768488107,-7.6371685095314295,-1.5085836605446605,-4.671345703976187,2.9162801816841055,-13.40989114628377,-4.9065405985358055,466.9783978117197
80,24,5.283079733329065,-11.336603237210072,-9.999650246572752,-7.777488723087854,-3.304607581278977,-4.269602769795089,2.3557747309180477,-14.051743164592942,-4.786605638159496,347.25474404346403
80,25,6.533199378023216,-8.785532506870332,-7.869705444019708,-9.5603704395135,-0.5397096718152351,-4.933507744840885,2.420418851496794,-12.425084771732218,-4.7093146510220985,352.3466528054206
80,26,5.812561158645888,-10.711444717033846,-9.567657016766711,-7.508246705313792,-2.932361845409958,-4.175224042020268,1.8392989353824967,-11.265006190988279,-4.3283877624018094,331.26865373084615
80,27,6.123671509104669,-5.3746916813139105,-1.14868396159099,-11.504231244083728,0.45994144938069365,-4.85328357534155,1.9923404346436664,-12.041886064779469,-4.357968179801589,349.7049448245585
80,28,6.310618717611969,-8.260990167998889,-7.069292920644418,-7.685487816667862,-1.4929889218945704,-5.502384122349577,2.4144273840025163,-12.322406174597717,-4.725216421189565,340.0289705318768
81,0,6.464629409328435,-9.389334618637431,-5.846017070595656,-10.220879115262528,1.352550198280936,-4.646606436870323,2.377945196672632,-10.02778700478894,-4.695109486090133,331.7168608236487
81,1,5.126068392702839,-8.636137364206467,-6.963359960420508,-10.912634764767496,0.7700820432097047,-4.857335179127721,2.233205077665797,-11.923921266037024,-4.563546968359986,360.0402726270222
81,2,6.6277223382458255,-8.557690098529458,-4.8563369232779605,-9.63804033335929,-3.1892186527098776,-3.3765062264059535,2.358091142943814,-15.14167898837741,-4.78715537765715,337.2404611470912
81,3,5.885888105001986,-5.5238750399090115,-1.6332721130995411,-11.68713178589992,1.7407556039548013,-5.065485391461785,2.8588872839113044,-14.224047296425903,-4.774347917184118,322.85592083925553
81,4,5.643379704419506,-7.946724396650533,-4.897676077924816,-9.80906538337206,-1.416162871014636,-4.17512885673601,2.5129278657536247,-11.452847232411543,-4.716976269518905,316.0706086920196
81,5,6.007006111346726,-10.999532160820014,-4.731212531964794,-8.623464760460543,-0.7635330213723426,-4.550363295974462,2.289897704829752,-12.26742911105334,-4.376467616302155,344.93434140049874
81,6,5.656455442118703,-7.801564705538987,-3.996921092146378,-11.560197898113675,-0.7750272139384933,-4.176515445067071,2.0837247178740794,-12.989127942053454,-4.395442790376953,327.9138904164936
81,7,6.0334031321841595,-8.748489273420024,-5.728684912180911,-8.912977819518003,-3.3579137264693175,-4.580725930558398,2.5817772439212927,-10.653511483399605,-4.60990034503899,360.7573766207067
81,8,5.626835015188291,-8.003069873670784,-5.090961598824835,-10.045015190196317,-4.5920371773864295,-3.7985142482374767,2.5710979388966675,-10.89256938985937,-4.980902533091691,328.72172432509706
81,9,5.223458450958914,-9.09397261002809,-2.930715522049091,-11.339958822295037,0.24490260800509478,-4.330899343070732,2.0919021581608144,-13.470610549772974,-4.43813756247433,344.4063653137427
81,10,5.196787295366012,-7.677282696343417,-3.280452935920721,-9.549214352695945,-0.11068346417505692,-4.122481851745966,2.4616429587533704,-12.927337629663327,-4.61643525101773,345.12627567613896
81,11,6.038706207117264,-6.313389718683499,-2.2485054382440413,-11.455846748817775,0.004006331850800016,-3.8780148378535575,2.0385818720816538,-11.89806810575145,-4.301318721834339,351.4276156392799
81,12,5.608192321983274,-7.076981669948309,-1.425264182366901,-12.344562279637016,1.4560009664906048,-4.298972756867023,2.473940060159617,-14.304817816920957,-4.552986046116103,314.04768154395055
81,13,5.683535136093285,-7.640188888738975,-6.795141482904475,-10.427037555782098,0.9703210808584167,-3.9287537639098145,2.0517012467627787,-10.991940792451919,-4.43551144145453,324.9185276954719
81,14,5.30593906825884,-7.603928593371924,-5.1711558219306575,-9.526420011143122,-0.14504919974984698,-4.227236852865225,2.3458887865412894,-10.787425283385936,-4.33466110263876,326.77155543003926
81,15,5.286254996596152,-5.580735697216251,-6.545256219264594,-10.701285482710029,2.2841723853270315,-5.485611765118399,2.1456069684800947,-11.997554252749019,-4.263317647742995,353.1691350453307
81,16,6.5756135477863245,-9.17813104560679,-7.272730884202311,-9.055360461781055,-1.6838285608825743,-4.847278070727668,2.868924762464847,-13.339628142396407,-5.037206054699747,418.2906316149347
81,17,5.554957709409942,-8.360195555291355,-5.999044175392991,-7.558132098841666,-2.74692797177672,-4.459052894304569,2.41307787274611,-13.540028564083569,-4.7419839711146565,331.3121284534957
81,18,5.299297619561321,-7.256120886137915,-8.102604265030545,-8.741328458866285,-1.9189087662799005,-4.332503674550034,2.1807478045246342,-13.424423536271233,-4.404677865408524,331.8382713015724
81,19,5.769323781651282,-7.1937003403082365,-4.231819374380667,-12.056193157388421,-0.6579522053043556,-4.024663848489743,2.713346778404178,-14.073315310604055,-4.918713334545277,318.30803970145314
81,20,5.309942033682408,-8.311763964295722,-4.192386848397715,-9.821080942620524,-0.010705944563871861,-4.123163043774813,2.620344080291477,-14.704774223064154,-4.6230984069732886,329.9583622443536
81,21,6.134556115396118,-8.05868305328119,-5.312452435850392,-11.585753844535514,0.15084830586536524,-3.71302906920841,2.217258795274633,-10.068491449427249,-4.375411002025193,352.82335704901357
81,22,4.667975457701918,-9.436911127611834,-4.786116591844241,-10.799700190485266,1.1643033260023632,-4.191865514545391,2.4519731151973767,-10.395872964023473,-4.380972188544979,377.32409833870025
81,23,5.432473443766319,-6.695518584217478,-4.208287711572905,-10.413272220428734,-0.4470440246760413,-4.199505257211084,2.451360275380083,-12.551792828678089,-4.751631690346137,336.43671486972437
81,24,5.944407620880923,-8.213603644766005,-6.263307178317811,-8.301693573927531,-0.11207757204248425,-4.536377638512903,2.682405977793809,-12.184356148422095,-4.607963177521724,368.4098037768962
81,25,6.219937640364524,-8.738892664653019,-6.007187065998609,-9.139312915486514,-2.1371430653444543,-4.172822450681382,2.7781033044646977,-14.495507903795744,-4.980203173049825,394.1761735413324
81,26,5.165058076171136,-10.952415983111234,-4.965877647332508,-10.188532886822864,-1.638148491389268,-3.795225337301203,2.0335192691525306,-11.601403386544474,-4.500866473410816,357.234345287403
81,27,5.562053581273392,-7.578816287726445,-6.313571621669886,-9.124317751139387,-2.422662299236531,-4.382893751571604,2.3100688930899436,-12.1369626694449,-4.745954075899715,334.6599122102106
81,28,4.9416721414266265,-6.998469199374674,-1.8319160533487824,-11.350290364097123,-0.2087022591084391,-4.395684053259635,2.412981937548332,-14.58685897819025,-4.4340888823955655,369.17880983311284
82,0,5.158268951024889,-5.090626456781882,0.6557836268704227,-14.33372096228814,0.7098830754960836,-3.390871567555012,2.6327700127880362,-15.548219680344726,-4.6258257945946895,347.26485262922586
82,1,5.535917903320884,-5.103712288253888,1.278648669922232,-10.864302944880462,-1.1644285294099272,-4.52900154695445,2.424797502972993,-13.149498407318356,-4.586862298557271,325.90758060287203
82,2,5.4625945332249435,-5.866179030501192,-3.3955999753426274,-13.040702037143085,3.422609615904857,-4.631153710630288,2.4756841311690727,-13.055745663150113,-4.6630455693463135,404.4856824548667
82,3,5.275022817647132,-8.655505033008323,-1.6985617129083064,-11.433492168786447,0.5310337928010833,-4.545564926651579,2.408242478897541,-13.8405371162053,-4.548518502359212,333.82853385339183
82,4,5.722931948758376,-5.193003274529815,0.5354637253706951,-13.961353972253981,1.670025816565481,-4.077819985202,2.888074318438627,-16.052478011469926,-4.7974042511866655,312.1950521404351
82,5,6.062274668702801,-7.812945277976179,-1.8018271125548058,-12.441807664343973,2.656291979595245,-4.265847331777211,2.451533539001522,-10.493326751460632,-4.752151504395814,349.8575595785949
82,6,6.2244915022469565,-6.668644895388854,-2.887350360777225,-10.701410840907556,-2.400649439580812,-4.698049984535009,2.643097377216172,-14.052705669655296,-4.87089569018184,366.21250258430246
82,7,5.81562384419182,-6.7617381898599875,-1.956709299591103,-11.571206327822996,0.05372659930691273,-4.5221114062770065,2.3234723087646,-11.804710593832857,-4.625958349635298,309.29045146348017
82,8,5.3337038926607105,-8.498022416936855,-3.880343024250088,-10.767419528869024,-0.1619203584150665,-4.305720754867344,2.6078878736383917,-12.918265859898062,-4.865784744558537,342.3081544726947
82,9,6.420560176238077,-7.0573172291124155,-6.413784752986178,-10.135363977431854,-2.274010051770359,-4.408457853085665,2.2298067455455914,-14.273051019266184,-4.683192818038151,336.7000615631213
82,10,5.25664462839214,-8.109729543666985,-9.442038425102755,-9.702389746313658,-0.9450634675415348,-4.395682343851756,2.3751745750254836,-10.560133769924885,-4.656651727666996,341.9235037196394
82,11,5.483032919690354,-8.203318340490922,-2.0308606142458627,-8.722178114032918,-0.6223538358693586,-4.724245984297082,2.13060676956481,-10.83241007060142,-4.221665239435628,335.0037753678452
82,12,5.7446120605107485,-7.166162350674183,-2.267355653214758,-9.02518400033833,-0.39015134909461024,-4.289657304957519,2.4088406609048425,-11.551557722262228,-4.334766436520566,317.4918628990614
82,13,5.932278749438975,-6.825428815776702,-4.7107830832314725,-8.642976786196403,-1.8504394297364506,-4.939677441656423,2.571328779886188,-14.382263836902737,-4.864801347867739,321.1487937619668
82,14,5.272560327675189,-6.022325795005995,-6.25663484240985,-9.588537566656623,-0.681969154804904,-4.186745793790255,2.4198201661848535,-12.28005440730459,-4.621780948313241,337.2952323944794
82,15,5.660520064341761,-4.967303517190006,-2.0581323367467306,-10.39971646749876,1.8370089684359752,-5.6272507104982115,2.687367635407287,-10.382864358352112,-4.496899099842269,294.6336064361658
82,16,5.576834201077532,-7.384795449037275,-3.7870280458473715,-10.95774377054971,0.7508741830975574,-3.948141971563509,2.675969840755966,-12.256049436488574,-4.753961485063683,318.91888720916825
82,17,5.004950258894682,-5.182665514458286,-6.052177812518268,-11.606041261189342,-1.7314176782033885,-4.301511798611197,2.1993132937391873,-13.488823139997642,-4.468170636162241,373.1076705468703
82,18,4.666892405054707,-5.8534989764498455,-5.507480834323262,-8.564132874377979,-2.906561771354759,-4.2875885883023255,2.5012090059372265,-12.484398594315602,-4.621123510066649,378.3055965095564
82,19,5.442076266845264,-8.414984891569441,0.043094613050458364,-10.232628425493536,1.3561501123643063,-3.334952610641067,2.588216097242038,-14.998196177961077,-4.375696415385914,315.77831746349216
82,20,5.57225520085837,-5.950765564092782,-6.015017363358082,-10.424164154565707,-2.7626581044373624,-3.8392354306241447,2.500690834664593,-11.765253108231324,-4.77377429544634,327.58160482180006
82,21,5.310040369301304,-6.43370365869395,-4.29545361636884,-10.383050389120083,-2.9919184001128682,-4.202947238703279,2.868678729970487,-14.297621064862842,-4.959986786817406,349.945879715774
82,22,5.6699582625685965,-9.200640133303985,-3.9885282060093887,-11.621433199461988,0.4022094952720065,-4.304939195493833,2.3637626320945326,-13.727940469374575,-4.627630966404513,315.65213259479464
82,23,6.163987575391749,-7.27092209194141,-5.066052967762448,-10.949648929536226,1.1882887195700147,-4.630530171894537,2.5779060093827026,-13.662794077204975,-4.793930234741816,328.4086930816951
82,24,5.79441319566059,-9.872573668790777,-4.682874284746111,-12.275606153503563,2.0658225667486323,-3.985657086043911,2.7181450854032603,-14.013128917111377,-4.832124403497117,309.3655221848164
82,25,6.295114744322309,-9.754371211884168,-3.5486594747751807,-8.216613708939992,-2.897608959780144,-4.236777516410317,2.283913236348242,-14.278329895615647,-4.474255576181042,356.7111639930547
82,26,6.31377094819048,-7.422311173288229,-4.959835470538898,-12.960984583417812,2.4538501912957242,-4.323561261288928,2.7700989201971753,-14.311890548115212,-5.031303587135649,325.11594821272706
82,27,5.738388756218675,-8.214667816584791,-6.293211420415319,-10.762909033570054,-0.24620074221329308,-4.667229437637911,2.464225370451481,-12.700904989817122,-4.903868784928942,316.35319527742126
83,0,6.489379644762844,-6.843359111218431,-2.4623201821809975,-11.674808267200657,2.7225112558085343,-4.8929399298066105,2.8283579115169672,-14.943830870860264,-4.932622710925113,322.4357272768381
83,1,5.3405991816071126,-5.177083553722761,-2.9190334568616527,-12.144505383110317,-1.0331349164067833,-4.611198331269368,2.5025259114414258,-11.869489422323982,-4.732246192442026,336.57372833815623
83,2,5.609046440558849,-7.888557701865336,-2.4070001701160293,-12.007538052320667,2.6783075977614277,-4.296958433706695,2.76337057785041,-14.416566515754818,-4.671570157349466,340.45424777675316
83,3,5.360418195963024,-4.469639890690678,-3.4099155293404397,-10.210304127337702,-0.6580295970925081,-5.684556029251423,2.9034701870293245,-14.032082053361012,-4.850704309161298,351.2334776581175
83,4,5.737800951341917,-8.984039501862348,-6.741368932652471,-10.620523717731649,3.24999756120427,-4.722021487705908,2.7305892300057018,-11.72074674678414,-4.7072388996053585,386.35856285094144
83,5,5.604052346786848,-7.227742359617224,-1.0649665995024804,-11.156113363710151,1.5346133513911928,-4.1435661274990325,2.332952289596036,-11.913388216024503,-4.338891157651466,313.47506208444645
83,6,5.13465031551563,-5.7657963628475875,-3.2167785935491047,-9.866855844158335,-1.3279767421214141,-4.44370097223495,2.817259108255556,-14.186376517740287,-4.530396964656343,358.4148258600742
83,7,5.18663299310841,-7.399086456635723,-2.993811067216107,-12.009727927171285,0.6377044727456646,-4.7513890715513805,2.5478704579598657,-12.602949551559275,-4.795655479528169,354.9247501458991
83,8,6.007645447533526,-4.907969607522701,-1.3214530116763907,-11.029188967342638,1.8034340808926639,-5.193272964654943,2.7732066942351516,-11.882044387039802,-4.671535343100331,323.67818799393467
83,9,5.825785335012907,-7.274987789839254,-4.9141405296049605,-9.907516348430992,0.11338495814970717,-3.8965714395984956,2.3050186198863822,-10.979418237384307,-4.242379397698814,333.13124885997183
83,10,5.663641951553651,-5.259647140814529,-0.7929888567540864,-9.742858484050604,0.7846917895430626,-5.524741044233627,2.3619143744476805,-11.582470938879696,-4.356904634060456,311.37966351419544
83,11,5.881941765720729,-7.193500733318733,-1.7930907714318085,-12.478216083642968,3.8618868527769776,-4.385299647335076,2.7233949040022347,-12.669830469148524,-4.705776687907649,421.67334812986513
83,12,4.811212747480801,-7.199908350354446,-1.3741561146554397,-10.665811184054034,0.2639141270078631,-4.573862932000028,2.5550794039409066,-12.351458139707947,-4.393248397504805,364.49734093138693
83,13,6.023249411953717,-6.45591114149725,-3.5399441809104295,-9.497572616468757,0.22101282384993948,-5.015281503450368,2.8379103957630507,-11.064178862983928,-4.999701393854011,378.31001402156744
83,14,5.276335853005944,-6.9788559209774785,-1.015769936787991,-11.846374150010586,1.3356800689620163,-4.7894060153431175,2.4625640275186518,-11.352612253915177,-4.573520987828603,336.48846159391087
83,15,4.89986320551505,-9.15483305698207,-5.019619450823749,-8.63566319496174,-0.7518324524696243,-4.593270210746592,2.424933645639131,-11.603450725733008,-4.647050358104283,377.7256737033488
83,16,6.557243471161316,-8.153452619932251,-7.3689411729347025,-11.486256197117152,0.37666351653654284,-4.265295527237156,2.554038137646303,-12.418448038281264,-4.835255190750942,362.02759632057433
83,17,4.494157936423925,-5.7835365560575855,2.431451984425503,-12.184391257919655,3.1850749276736545,-3.779848134434374,2.2955620946979827,-11.343066290776845,-4.1795198957637405,458.14512701769394
83,18,5.445617062836862,-7.065068438110674,-6.755931607359365,-10.9167701984045,1.6068085230610292,-5.388620399266031,2.7775990080053896,-13.185497400299361,-4.922695753576891,341.2121827517866
83,19,5.355343187583216,-7.205413932982573,-4.211603651235979,-10.854975979941146,0.8121057206438747,-4.814977572180464,2.4853042116364406,-10.156617576913925,-4.470583713254559,323.70796426572406
83,20,6.160007607609268,-8.242006879030578,-1.4695843827073773,-12.086676480671436,-0.236224776179635,-4.265220424123826,2.3889864561183938,-12.189148447588373,-4.663113660423498,332.8102689482354
83,21,5.752892192038023,-7.697035949969284,-1.8632803828085311,-12.472524111437629,3.5646356992591643,-5.169517492712812,2.7472910945180162,-12.75563672809723,-4.782387109155203,408.79022831024827
83,22,5.307985767939589,-8.524526029319475,-4.501838710352772,-9.079553063226864,-1.7273097805018862,-3.9331917687748352,2.5221110099593416,-14.07394573869605,-4.71819100239015,337.0550544694687
83,23,5.224063723818869,-7.235121080102918,-0.591615689409585,-11.562942352979437,1.1464939563282102,-4.43840743687832,2.395828316940603,-9.762169720639156,-4.691852386915263,350.75195616168344
83,24,5.946228883858049,-9.093461330627914,-2.7795575321027886,-10.688206645637557,0.6073288248190092,-4.905119099644384,2.4840255852471747,-11.90967946856073,-4.552811737305448,317.6382576113432
83,25,6.208531407996935,-4.5380736851304455,0.8364666974950481,-12.879705650529594,3.099070675532086,-4.713643763591692,2.6837583317198836,-11.763317081584443,-4.747981033558998,353.9836389100498
83,26,5.461136994940645,-7.22307275774772,-1.9929712301449376,-11.117801626360418,1.1770907538046602,-4.582156605540285,2.7980238972110545,-14.85413882197203,-4.665592500505302,324.8183830071241
83,27,5.330990415146366,-4.6902748925594935,-3.6412309644134,-12.199467459098841,1.2892611430529748,-5.225783777939519,2.9194803532544875,-13.43796432101888,-5.020363376509712,350.3014667081393
83,28,5.789737212690915,-8.289654557728223,-3.377346428176687,-10.171996453987827,-0.5325042553993877,-3.659739802013676,2.7033035012243154,-11.827062268047015,-4.697695761625875,327.4500747780987
84,0,5.8180326668072055,-5.222951017259652,1.1474055244711918,-11.086351753593922,1.0486168025740674,-4.2081638407102515,2.360104570056702,-12.899815782389895,-4.2866404463462136,313.7177783521629
84,1,5.890225416676671,-8.498174095438323,-3.2306106922746896,-12.140044410804526,4.245956344112453,-5.416702432204739,2.5486296338939103,-12.445712074081154,-4.702769798050139,454.1636925573064
84,2,6.218805600394279,-8.730679614063648,-1.1837671613627538,-10.936966023846521,2.7670023120750242,-4.697584638185786,2.5991964042899935,-14.689904571597358,-4.7462521164178035,335.8006536907154
84,3,6.365913051314964,-8.771874663045224,-5.131507676457252,-9.760180508729663,1.1622940690983135,-5.460327305689395,2.741404864226884,-10.093877869425906,-4.714584855939561,432.9921388241048
84,4,6.042376183926579,-9.940031426727346,-5.248293756819762,-9.888935244460681,-3.565119170355107,-3.4847121582506246,2.188981818224833,-12.424774699634755,-4.540838521888756,334.2178761151936
84,5,5.4766164042267365,-8.989191955753746,-4.952074432584109,-9.528420828886775,1.020250460716982,-4.139945165401735,2.1522901752884662,-12.736989797730239,-4.252060840347375,324.71478231145073
84,6,5.409411752485202,-7.264163180184245,-1.8513738947939884,-9.914364909000954,-1.7060818763437,-4.032130321389596,2.2981669930533233,-10.226714224419162,-4.4577768381728315,329.0967999655105
84,7,5.950145344528727,-7.677423348057854,-6.6321305845308345,-5.936602594365262,-2.80684014826019,-4.7284080913902375,2.7298842016174243,-12.792456429551315,-4.657391252661927,405.1224721099863
84,8,6.047675940468324,-5.904509188537978,0.15292760135704464,-10.48230882720972,1.8541081525632581,-4.963793227262471,2.445047376404511,-11.819453403211082,-4.342879616495327,318.1531225606809
84,9,5.446643838786271,-4.578159716114424,1.0511417312112998,-10.446249765727467,1.6942478746538034,-5.221075346009597,2.5609421394202285,-13.6583888529825,-4.323568550870944,315.0737691938094
84,10,6.002085957149875,-7.860605613660276,-3.16151022027419,-10.548398410534448,1.3375129961109757,-4.751904425338047,2.72647872793522,-11.032844939993193,-4.585787818281962,350.01960204653295
84,11,5.581726072176626,-7.664323837502735,-4.984470296739955,-11.097145464384402,0.9329892934260989,-4.831903076364807,2.4558621844394115,-11.258783757560169,-4.608790716120967,320.17292157061115
84,12,5.769537644413793,-5.679700926186999,2.4360624569527336,-12.835280034671642,0.7900389170380028,-4.197541677228468,2.197240722518272,-12.611579134510313,-4.333442214873076,314.93474660156943
84,13,5.655713100908674,-5.182725255145918,-1.683103757710625,-10.048745431904571,1.3185662807493763,-4.786868340926517,2.5128341501566642,-11.462439335155622,-4.234784010178472,304.2879666761261
84,14,5.412598488734558,-7.740081271070853,-0.37839345875736785,-8.748425166234911,0.4549059878919859,-4.522766091067707,2.433067858020505,-10.856868442103154,-4.4677883862261485,324.3434843897388
84,15,5.053455814840859,-3.8825541871602267,1.2965147748514312,-12.747457815073556,1.5168274976708709,-4.487417270215604,2.532468247486284,-13.497782936315835,-4.323467663864657,355.4043043819063
84,16,5.193204820223246,-6.646965964702801,-3.5687055074728704,-8.090965527198872,0.21207399412177164,-5.384379935838468,2.4851299731199146,-9.09017883519364,-4.491052984146722,339.30658484126394
84,17,5.516875219616029,-6.421068640703303,0.18654145951529788,-11.154796724151455,-0.2026334832591734,-4.261998893721225,2.7045185800151517,-14.279658932628376,-4.659920135479127,326.93483090012376
84,18,5.5673097555482,-4.738645185089965,1.315927215121004,-12.80122926808163,4.042719937812073,-5.1691415041174675,2.8615388276925913,-13.908495972969156,-4.36760878394399,389.64738222544037
84,19,6.678495742865881,-9.377280506073934,-1.4507268459241076,-10.681969260502509,2.9555248310089093,-6.058938028822933,2.520008638020716,-11.942525844523237,-4.775296291865674,329.2605896971058
84,20,5.812139182588196,-6.754517696435179,-5.118098777527485,-10.968036181503772,1.1427821019000606,-5.663159402111723,2.600527112882379,-11.766827267796263,-4.666957481303543,298.7309925965797
84,21,5.248792919961698,-5.441082739827726,1.5277194072734122,-11.39633264864729,1.6299783790122357,-5.072375499394266,2.4998837889995276,-11.4795274638937,-4.294624436922753,330.93313573462956
84,22,6.244967043850549,-5.1292434329204015,-1.9234714876546644,-10.058723374368151,-0.10146123690683573,-5.298155516167413,2.942907247707928,-14.819434537725744,-4.834838890243626,509.52464863279135
84,23,6.012725258661531,-7.611361412601,-1.8589210686844928,-12.555847764654951,-0.4079323247451727,-4.179414041554884,1.9088466092357816,-12.972339036047227,-4.488214247844899,338.38190639181346
84,24,6.60015657665163,-7.514127573699753,-4.9116995754318085,-9.784202345666982,2.4360031577830092,-4.651403933022113,2.756002540765252,-12.019454444117342,-4.849204223300252,342.5848127578041
85,0,6.273103288407721,-6.866980293112406,-2.73899276282968,-10.8393015515736,0.9693595131187636,-5.490451583766468,2.522203266465118,-10.182873181897296,-4.602841732138435,351.4746869419762
85,1,6.472917214522172,-7.031748342968285,-1.7819660404988693,-14.156171452233838,4.1356790601944375,-5.0305185433362265,2.6953716947839013,-14.788863964110018,-4.488949256265657,439.59857588038733
85,2,5.3111420098161295,-6.0778212450518225,-3.20975621393263,-8.427314740059114,-1.2221273607147967,-4.51717865192561,2.1700684548342606,-10.9831011619477,-3.9643306848653794,353.9132461281346
85,3,5.776021793689082,-6.728016114750863,-3.7887054478777236,-12.610043200128064,4.009138749601982,-5.219366334639052,2.5773852314460726,-9.871601009142037,-4.452005953729908,424.65845450451616
85,4,5.531566357139106,-6.473230865739416,-4.668953421696392,-10.409915857386231,2.0069372517442057,-4.2590249778620715,2.458397745845151,-13.298970019349355,-4.540645983885949,328.76950098113684
85,5,5.43267003223015,-8.00186295227629,-3.838046273720127,-8.787604707656016,-1.2804321374629062,-4.87302302042147,2.247233988204776,-12.43505513110903,-4.613110277461033,334.3486426327752
85,6,5.396957327641586,-5.332664340052643,2.3298785441669443,-9.752832871152952,1.3091980597263058,-5.255491407025081,2.2534045493519996,-11.605222230677791,-4.036248881634031,326.9610593397517
85,7,5.6922174617117935,-7.021343984830314,0.8881057070084413,-9.35974544765659,-0.39165069019060583,-4.413321158872531,2.246930017368721,-11.8271078942641,-4.196477694695555,334.07032788617187
85,8,5.5649241815357975,-7.082720358870094,-3.841618708650415,-11.405060334245626,-1.0515471414300603,-3.6184644736869265,2.1677021842902606,-13.312973271364433,-4.276832740800052,334.66764374552554
85,9,4.988287119038073,-6.863312679392667,-4.119334705092551,-9.738385034329943,-0.3068865028727039,-4.730087567269048,2.3835219600329185,-13.567530597519957,-4.499410842244081,368.0545152322659
85,10,6.169199065974166,-7.396874975894036,-2.1462984630272937,-10.87448790842212,1.8481436786729297,-5.38488717509788,2.5376991387702112,-12.404184591822075,-4.55115525423159,320.93782373186116
85,11,5.778152013690232,-7.584733375428604,-1.040991637389154,-11.216886688934991,0.8232340064754791,-3.863927440589074,2.379066735033995,-11.350604788714557,-4.463749413381393,302.9487839492807
85,12,5.943926657335671,-5.845911428418058,3.4425729548417845,-13.85145746749859,2.477824275923929,-4.7211585473664615,2.2864619489314912,-13.305023524951567,-4.471115720717172,352.6524121191894
85,13,4.973494520241008,-4.854301192905348,2.9561259405545117,-11.337905451079155,2.078146354131638,-4.8326159452267055,2.7714425490118084,-11.700390126705186,-4.396701127786112,384.8955423840793
85,14,6.319667737149626,-6.7110235587690825,1.5827115180599771,-10.8578851812922,2.1239881620684793,-5.035661536822346,2.2665505129912233,-10.94108314766965,-3.9739363704551187,393.17196806364564
85,15,5.7546605046328265,-6.8835109336260265,-3.982789285284481,-10.640536587215665,3.965551258337721,-5.296507571929952,2.3131514921884984,-10.179989184453136,-4.214952085953165,435.88606765617294
85,16,6.178563295870746,-7.349696790617998,-5.148404073943465,-10.424383732776374,1.1409500015773455,-4.498447893347156,2.3357288275938592,-11.870911360929455,-4.623819035302589,330.03745178645767
85,17,5.887650030158232,-6.197408874504584,-2.0045538215493277,-10.472091446993545,0.05435279939698012,-4.431425207980581,2.649398482112181,-12.231679751812699,-4.730166277100907,324.2130354311878
85,18,5.236445373333917,-5.218363938561156,-3.311735585647746,-11.820318673078608,2.579255479409948,-4.943290701712368,2.3256632855802364,-11.992239107793907,-4.378652957266153,364.73091902367173
85,19,5.708362101362548,-7.79867442373978,-2.2698183430687773,-11.260792249278827,1.1844932735172755,-4.3536334048613945,2.2800600104293207,-12.95880996745409,-4.178116904830759,316.02491046597527
85,20,5.067556073533515,-4.906936629664955,-4.825682300265102,-10.958712818588614,0.13764737543765715,-3.7882002263357633,2.7905662463946634,-13.157958105972611,-4.689698662842051,358.69948241957746
85,21,5.151425288413592,-3.6333353246571694,0.9578913561854445,-10.498175377652428,0.46689466214862707,-4.7730027409764055,2.6203144422994455,-10.17725455498042,-4.284567231444995,342.62992581617914
85,22,5.392632066954951,-7.14759817555524,-4.486502216298421,-10.429859266375603,1.60753242604898,-4.810639420219398,2.1145348822943277,-9.823201956174215,-4.095738487123512,329.39990934852926
85,23,5.859455738099792,-7.027061909457307,-2.6338012847354344,-8.605612596989376,2.6553351733234773,-5.665162594128449,2.403107167254807,-10.380046214007962,-4.304735002488274,324.2324624010888
85,24,5.435009098461231,-5.105353739327835,-2.134333394368729,-12.77455365845078,4.362430899458129,-4.4791128424132705,2.4275746336925654,-13.237881461346788,-4.189285095244778,397.424903687692
85,25,6.154150829797384,-6.727907964780809,-0.810104887348406,-11.993511483573336,3.1270014772395323,-5.067605576238367,2.2367250890779085,-12.467161285131475,-4.361648494643193,372.7788985297943
86,0,5.329158441306535,-7.263326502859248,-2.5551827712145685,-9.647532175976483,2.0748171787043805,-5.168933150145751,2.4027127352431292,-10.110905045083172,-4.570092706521068,345.57305138503966
86,1,5.959957746514412,-7.610004994040076,-0.2873617032711775,-10.87482066514069,2.0202091508508926,-4.75354191599379,2.4693979543981097,-12.676559910904256,-4.452734035288115,305.85856993614885
86,2,5.98680750956333,-7.857473729032554,-3.506121528907336,-9.55555004509062,1.3888661450359785,-4.74798185679428,2.5285249355638997,-10.873809655600583,-4.589956574775925,311.4727741559984
86,3,5.753662449841086,-8.311536855476142,-3.1019974629623173,-10.39400957210905,1.8266117270205833,-4.421934549358968,2.378217336601032,-10.842474861977822,-4.277155333776818,299.09067557201763
86,4,6.105307066388379,-8.226494353589969,-1.2886715620095102,-10.931953819338185,0.8997386368893692,-4.551387337832366,2.359442709138417,-12.757757557530077,-4.341949451391592,352.2752733906967
86,5,6.265041903426271,-8.175381741065271,-6.812423560649089,-10.852890241211101,1.0799411220888215,-4.48540035250907,2.5635736725393583,-11.163396413938608,-4.675838752439796,346.928363862879
86,6,5.692041758013074,-7.296127399993974,-3.273169470181326,-11.64055981391798,-0.07796153049355725,-3.54669842243019,2.5168522283881964,-11.816524831206552,-4.676767853645432,308.15412623731595
86,7,5.241903188284331,-4.862145550464232,3.906966454549217,-11.941012511991708,3.05995102758065,-4.93204343227307,2.457955308315117,-14.181360507818638,-4.322939744809613,406.1629170128229
86,8,5.9043372197459245,-6.434452961034317,-2.3462391519449475,-11.33974810950624,0.7292848397503602,-5.159331037358553,2.509304266565138,-13.797519329142196,-4.562906296189919,311.5039294160121
86,9,5.540228951400891,-6.133338163820103,-1.3563400589724055,-11.60827769985361,1.6080425331987205,-4.109378752366397,2.5261113397977866,-11.64099036470692,-4.45294226120862,314.67431933674715
86,10,5.692556992565985,-5.7124210692045905,0.9401755395215141,-10.559063269143403,3.4497837297413474,-5.6046440951128895,2.290311176839344,-13.369304912946886,-4.168417245461932,414.484857514737
86,11,6.000013726455327,-6.389638354038199,0.6095528473218539,-11.509783784351137,-0.21047897114017622,-4.139357662421848,2.4964478191593784,-13.21454950450281,-4.54063727912561,335.48848228011013
86,12,4.9258521407065095,-6.613048616489767,-0.4964507802067393,-10.847992758571081,-0.2765367831443424,-3.2227373456487802,2.314108349962213,-14.413099423908974,-4.35864464412835,373.3400220768715
86,13,5.820301984702144,-9.399372865929728,-1.9675008175817128,-11.561423305936236,1.2329497860084035,-3.817294001367418,2.615945191108146,-13.719322766212997,-4.498719500160103,299.1106898860588
86,14,5.818845074466056,-8.01127712309261,-0.1952885240093667,-11.123341061128205,1.4884447079465477,-4.075255365730655,2.213693407827628,-11.288570285529593,-4.196087480297909,317.3506360710795
86,15,5.329816400052394,-7.357115855690959,0.8173361315945917,-11.737581844842575,0.6200833908522076,-4.8665103464666375,2.63274368722069,-11.791371583217567,-4.344782638166548,321.91633166847043
86,16,5.470159708384711,-4.544610120037037,1.2727177103867033,-11.511833352791902,3.3008736975222686,-4.893818685241845,2.7448269518953534,-12.056781984308452,-4.1061435326279865,362.95551755961606
86,17,6.326619129740358,-6.690360289198594,0.17329602989624782,-12.253041218354475,0.9989467108348024,-4.565417887010683,2.2135055273564745,-12.604717193347948,-4.398856071933847,351.12889302453686
86,18,5.832073186775745,-8.002313813576862,-4.877794381957365,-11.714308235323614,2.9939926513906796,-4.8881513878233545,2.3960893728812165,-13.219395594213552,-4.627464226865306,374.6228566285328
86,19,5.849919837992554,-5.4285363987668855,-0.29492229311882756,-11.10387892332038,3.7076026662768866,-5.573337718277503,2.533910585824868,-12.37106487095266,-4.411371067526545,412.6157797711527
86,20,5.774950395287309,-6.51736041545258,-1.8348901253391208,-12.822496133406442,4.124506155903815,-4.49302316114164,2.4511018375670854,-11.93280313774332,-4.301482395496274,436.09605550762876
86,21,5.4254550777589445,-6.90197712651871,-3.4035144361759246,-10.961904674203327,1.5169688412627003,-5.018784605070911,2.311422025429297,-11.212626731758062,-4.32954049267505,322.54938749951646
86,22,6.009469714642713,-8.28854367546004,-3.3517765400280424,-10.051828362507466,0.8878948583666297,-4.235568666235086,2.3335536460917976,-13.572710960012206,-4.299365447342652,342.8205020434151
86,23,5.313726498843932,-6.475941808659002,-3.7906594371593467,-10.295600982223805,1.3386296514226492,-4.662067415900204,2.4432760996268215,-10.619234214167943,-4.444775613567042,326.95992074497474
86,24,5.324780839829333,-6.836009741623202,-2.1683696677966466,-12.379699038021583,1.847704044885743,-4.051536289602722,2.2408848453360166,-10.4913001947112,-4.461877628422462,341.38943120465285
86,25,5.20175523415129,-7.318926741118129,-1.3612928068065848,-10.493677931336128,-0.2699170952390104,-3.76431854274044,2.4672568549157656,-14.538473864924942,-4.398129428803236,336.6428361557597
86,26,5.292751954821656,-9.086263359880075,-5.728040499038684,-9.721658783301312,0.5301149020480952,-4.432563281608424,2.2433414186136282,-12.764241267981367,-4.558086843630811,336.99964215383505
86,27,6.215463124959002,-6.884959054766064,-0.014276483045564836,-12.285198066733042,0.21635136950140954,-3.8942213355580595,2.118346636563821,-13.331434997529087,-4.441617762286697,347.6079157318163
86,28,5.9848059379298375,-5.630301452073199,0.1712885291090842,-9.58327585224135,2.139046055212215,-4.894179149473765,2.420516825456041,-11.45061147018495,-4.230533167624049,309.3081276405352
87,0,6.08845271504191,-9.231478564787954,-4.06012149363166,-10.423951803645895,-0.49647009943096054,-3.053173659667862,2.3756821936764374,-13.242667238581976,-4.597482615179837,332.16907851287374
87,1,5.799093381612646,-9.932337263049064,-1.6298318583835834,-12.56722715164446,1.4915379364280612,-3.642737776705042,2.1355460942245363,-10.995664375397922,-4.2701638092204215,314.6556987036811
87,2,6.121045869169146,-7.3476601934437475,-2.3300786341992934,-11.70872577708327,3.048737482451649,-4.071298985823228,2.653799733497577,-10.854546477856015,-4.36702234804638,324.257832774137
87,3,6.315765381347914,-7.222136943936423,-3.0980059817554766,-10.332246309748257,0.775529838239977,-4.833670374510272,2.4453937392576703,-11.058724962646755,-4.548728703056502,353.48644998146835
87,4,6.2771572135493905,-9.234980788037573,-2.6207836392318433,-9.220280827466398,0.9414513039850436,-4.608528514245858,2.2938433967155243,-12.820364331579814,-4.432749488084624,349.197313651074
87,5,5.886507475697112,-8.612563068364798,-1.4611950465843109,-12.209124625497838,1.1720169809410064,-3.986298830527519,2.3865033686807475,-11.378905185192787,-4.552453472409728,309.02612154067054
87,6,5.1969753085735935,-7.067037105394341,-3.802962742897531,-10.483709568765464,1.600126540536918,-4.561724878195714,2.862528789784464,-11.908923367118026,-4.667151453068392,342.57001301491954
87,7,5.106965657930977,-6.390488524202887,0.014353907378741537,-10.335404153567806,1.299107516445298,-4.961763085120901,2.3977812774031952,-12.22612701338626,-4.161773961316009,351.67130458454835
87,8,5.836725363799267,-10.550640822907937,-5.003776183138111,-10.333880909607496,2.059795462930757,-3.8756127574230423,2.3833808784585435,-12.023526955315656,-4.429902270593278,305.4599453014828
87,9,6.137252118480351,-7.549197233679198,0.16716997682680979,-10.533963026755199,0.5991464152732414,-3.7448605393834224,2.287909412528837,-11.411379144670402,-4.511969577008452,337.17877927357745
87,10,5.945516505371717,-6.121935127886811,1.3014967452886588,-14.926574937455962,2.608178919670692,-3.6424738113524278,2.5965765597011834,-14.677448860248505,-4.356527446819781,304.20649810849363
87,11,5.376784792681246,-7.893732411812517,-2.040923611477888,-10.24543184475853,-1.6086777937130565,-3.3539724325230456,2.360959175420892,-13.079003481477319,-4.176476315290159,337.10398876268187
87,12,5.600347361121199,-7.942745087459362,-0.1560121418596936,-10.581317605160244,0.7330440588192357,-4.48865096586615,2.466430289451094,-11.954129537099274,-4.415597447253163,312.9295425359894
87,13,6.157638802736434,-10.118580282154907,-3.455604350934836,-10.743371514166553,0.9752926433368438,-4.263367608955759,2.336790580409777,-10.956318603204133,-4.541538431464189,333.3919798098183
87,14,6.334099293524923,-9.071534902012239,-5.229203966430748,-9.671855674594088,1.6923498975937006,-3.860648474415717,2.312585453287662,-10.889687716371224,-4.0261438528520985,435.3980777978014
87,15,5.926754047479581,-8.008251562198154,-0.43112023297577173,-13.086251685626507,2.999227402733183,-4.670531265551056,2.529830532846347,-12.886783979787044,-4.628528419729253,360.64779695890445
87,16,5.569274067657872,-9.804510848269576,-4.92417547631119,-9.695039566905255,-1.2418318485674418,-3.801203858389761,2.2269107776008363,-12.73430821492845,-4.421387993872869,328.9138828861368
87,17,6.232960387262732,-7.226130535321324,-2.5400731903496774,-11.411532042751823,1.801783872812778,-4.140921635748097,2.598982003499542,-10.724393767290998,-4.60873804560639,330.5300607198815
87,18,6.24583154407696,-9.47860847556339,-5.749597905341963,-10.231351906917466,0.6860834863634565,-4.410210397861571,2.559779447499291,-13.484940240223487,-4.707844496575501,348.0007691135688
87,19,5.883527637282676,-6.813108040704278,-3.166400759414328,-8.460875820678385,3.2501247720057016,-5.641978834379961,2.4425871695586348,-10.340144543621214,-4.2127372601598605,378.0015934604834
87,20,6.075969958726773,-6.896679010317801,-1.8962384184912333,-10.434086192468763,1.2891544230089953,-4.7306466493881,2.3624299632152574,-11.397629403571555,-4.493741298545869,326.40737107729797
87,21,5.406885425237861,-6.265580255858456,1.336654566736997,-12.729993828112232,3.7366078198919084,-4.758941391118864,2.310414365775127,-11.619177940266393,-4.111186062885693,416.3025123943388
87,22,5.939910964365886,-7.2179313284316065,-7.1442973767248885,-10.08188008780128,0.4932185016584494,-4.512595315534566,2.760489959446276,-11.879293660479915,-4.736559462025185,365.5155670990905
87,23,5.464865094201124,-8.20404308999964,-2.2989326972415167,-10.383613427783608,1.6245977446216338,-4.665186883964922,2.282425455460201,-11.48787240487308,-4.348958190345622,323.4849226243973
87,24,6.251258138557764,-9.539468048163243,-2.186027253722681,-12.216534880541543,-0.15652239272631308,-3.294523661353932,2.436709085211431,-13.030257920948547,-4.820034852783472,331.6046856257428
87,25,5.627802973115938,-6.15096982764166,-3.8914263318000244,-9.934528286611915,1.2363790380163244,-4.439985755880667,2.611558745507032,-12.405690625769985,-4.385264892779219,301.7065842678865
87,26,5.827070684234786,-5.528086295433436,-1.0913333430365384,-11.610899673330875,1.217035893204014,-4.7953493592645655,2.3565205316548488,-12.675942258148563,-4.45479124966955,305.32457635076105
87,27,5.827466846541965,-6.837358516009312,2.2824926101192924,-9.57438593822599,0.7981907379793668,-4.676491016694241,2.270105778732327,-13.082689677932528,-4.284907051862963,323.376661295042
87,28,5.7936466800837225,-8.410377989267216,-2.8394690858145486,-10.503649019421534,1.9240345425896845,-4.664106425398338,2.4732120198195733,-9.275946826295964,-4.401450892667645,294.91274714027725
87,29,5.661179674602379,-6.186343765018691,-2.6216486849612846,-8.097676293674382,0.7582241635859428,-4.996959663145808,2.2825736765391667,-9.315944522029582,-4.235442121387128,320.06267514674994
88,0,5.8102893546271055,-7.847044028890947,-3.583634038124835,-10.728065956949553,0.4092180567999595,-3.7357168705448327,2.5554449541992175,-12.367448909847694,-4.554290536921098,304.80875116726696
88,1,5.52011793807891,-6.705147887635541,-3.7335875466251167,-9.440897797419943,-1.2672443602062968,-4.157879666025027,2.323272498582314,-11.822274591138502,-4.270499591886182,335.7484069717575
88,2,5.0678439526075625,-6.882087784367979,-2.7996939606104005,-10.959767512541188,1.7784032520008755,-4.692667536706935,2.732055440796561,-11.414427202110298,-4.558938392808742,352.4965796912888
88,3,5.60160654799493,-10.063681157740433,-4.3276450698545625,-10.83560536017159,2.310524645762967,-4.107869463634574,2.3959991251227133,-11.52957170141555,-4.276412311923426,325.6507324257035
88,4,5.754719078258776,-9.485646283932827,-0.25583134029615184,-12.455778032478058,2.624354432137771,-3.712084948437134,2.4948156796107592,-15.249838862835194,-4.368056839138295,325.5968832934476
88,5,5.807991962872172,-8.42316274652043,-3.1035354636240795,-10.069507905691623,0.4379076757607887,-4.028087169496809,2.3610942248366915,-11.71404730471195,-4.375856486947421,311.86357827712965
88,6,5.564659705624455,-8.63372170851301,-2.501674950474837,-13.122095570195514,2.788901183100073,-3.923834839710076,2.362554008201091,-12.46388865988579,-4.300801365797352,351.10959923072915
88,7,5.881790101704767,-8.109508910595206,-4.233427384962863,-11.916423955812142,1.2792812976978025,-4.387352329197595,2.443578611341179,-9.859875269006722,-4.507597953696857,305.44731799655665
88,8,5.259544973855833,-7.754857136244071,-3.0608143172638362,-10.824459526967802,-0.36305934975055454,-3.9622085170266867,2.4257611501142797,-12.844751350222142,-4.346398981199874,329.7106831133574
88,9,6.264207680504732,-7.564981119019314,1.9101863304508473,-12.30013436182498,3.7833179321706885,-4.20451401345609,2.6910947556290816,-10.429770370313186,-4.586124192460983,435.12417261217706
88,10,5.651092822245052,-5.756004351889562,-1.1456137743246406,-9.706021005136652,0.8734666837012024,-4.66444134943134,2.1318511177301978,-9.10724787199629,-4.106941510740401,333.92365599424454
88,11,5.179446867654626,-7.488652975769682,1.7095951178236406,-11.969439180218338,1.509305829146423,-4.629115686013446,2.4539462080788024,-12.32181575377235,-4.14566980541452,343.3510641572208
88,12,5.879805041191107,-7.898841267321635,-2.1692592598740834,-10.60014340164268,0.3640132466448731,-4.28794242836519,2.5642028756443955,-11.35908576997567,-4.440322160410823,329.3214098197085
88,13,5.926839354090835,-8.573413931591645,0.6899397449525602,-12.848962655372302,2.813188166465264,-4.191034581244256,2.3308654864843463,-11.472534224365052,-4.324270129703775,339.1071889350608
88,14,5.817486378107367,-7.150490064022417,-3.0174981836049675,-10.801805681161293,0.059813389429215214,-4.148539918141079,2.3338709852050052,-10.355315521891672,-4.456811120657067,310.8836679612741
88,15,5.428472896353372,-6.781182631165466,-4.147702097609298,-11.200200192329874,0.8635102827289668,-4.234232382765504,2.435521386043692,-14.023230519401459,-4.54076039170829,326.1607789818322
88,16,5.71244593406808,-5.510658137050614,-0.051878934509290486,-11.97026828675811,2.0932815626133037,-4.065433360646631,2.686543587702775,-13.702951794789323,-4.302255997405787,286.0089351046504
88,17,5.710952114226808,-6.339076342995104,-5.161974066061634,-12.553728797772504,2.8604037206014463,-4.3141866310597665,2.56607319763972,-11.243207546472627,-4.559457246759462,353.06206426453326
88,18,5.767293321617232,-6.733110714082414,-0.9105677513008485,-11.382917309740757,0.24449340704460143,-4.474641947833263,2.516391984405635,-12.93034053398813,-4.476733296827479,304.4921610207715
88,19,5.721422511699007,-8.515359194457423,-3.430980938128019,-10.036877519798974,-0.3051202987122801,-3.756434800218312,2.5549005219646617,-12.77657344237784,-4.423638838618752,314.5324002941418
88,20,6.121586725397763,-9.908458613937704,-4.61836502084421,-9.147503162642524,-1.043636271580078,-3.264770595033446,2.0946415487250927,-11.058672646632623,-4.389842031223096,351.41037183874533
88,21,5.395651201467293,-7.957969732702608,-2.3600309894152667,-12.102242280349861,1.8484108559509758,-3.8362981377273293,2.447242334696804,-10.142535195747111,-4.292921864132534,322.2365714638406
88,22,5.930589016044398,-7.691172884236411,-3.8760465727133706,-10.375498074288549,1.042174157025777,-4.38653333405088,2.459195472824193,-8.196190450718237,-4.62052003702227,310.35036345968643
88,23,5.054266088479379,-7.053050812748733,-0.5542487066227808,-10.211676576300317,1.6578604698207393,-4.9693442812387625,2.671545140303437,-12.007066361774871,-4.439783382433419,350.67607304905243
88,24,5.278664105440021,-7.362651615171328,-2.7101874082664343,-8.501164029398907,1.0389492231010786,-4.913969526127612,2.560779554021759,-11.99350225234559,-4.237153449020078,322.40662445089174
88,25,6.443552129159645,-5.628706374106453,0.2972548972649023,-11.070263375847308,2.227136931079873,-5.5916288618174335,2.671152813137231,-10.583501271008233,-4.666216117073088,341.8024641050153
88,26,6.1520396146718,-6.662028005006888,-2.5049530525667882,-11.729688751348727,3.0043396541483993,-4.25076825541945,2.530544085006088,-12.169926819676975,-4.340160865665439,328.6527211016933
88,27,5.56766640601171,-7.998692857294349,-2.101002970618368,-8.918509132422638,0.6704539522761876,-4.194678327241735,2.058618027149856,-9.674413739211396,-3.837650303191851,387.43902214023467
88,28,5.8399849202631104,-8.673678586339186,-2.142398389436765,-10.372625839275399,-0.1819685590175384,-4.2507277691976535,2.3574388728709796,-12.772203088967204,-4.56229634552747,310.1743212215431
88,29,5.4972641310605805,-5.869374863659786,1.2526861308179977,-11.649989115049896,-0.019066778385929295,-3.8666641739530956,2.6296339827796644,-12.957391239884984,-4.365541329448154,328.9169284802209
89,0,5.787782298626259,-7.8006660625457345,-4.2624057907887725,-10.688662865524096,-0.6881410614087109,-3.683758645218701,2.534791948349738,-12.545833655799429,-4.659392280255822,304.5766526957498
89,1,5.830899433382176,-7.872374631540617,-2.5644218130732184,-11.591222789500108,0.5448952395083655,-2.9834816383939864,2.5093298688509598,-13.778667206399797,-4.388896495043863,315.3403595039198
89,2,5.6065607279406535,-4.821847021990937,2.103017750325033,-12.081446136605994,2.3540185732784815,-4.256986351311894,2.5459880870117004,-12.634022951693007,-4.283846197633668,317.24905417963237
89,3,6.460247526720889,-6.884800213289217,0.17460915726030724,-12.310253826701592,2.549657782548004,-4.402379763946854,2.6272026979785745,-12.62021755593946,-4.545916901399053,317.9457784991588
89,4,5.744018462576938,-6.938061698754463,-3.391152536291303,-10.4007381174149,-1.7015682195973016,-4.005322565023265,2.180866806818507,-12.615093576579588,-4.271083456444433,329.02351495198354
89,5,5.622905253256525,-8.183464294089275,-0.4814166258199326,-12.087049799759024,0.5828627335979003,-4.081703976198503,2.4547053422283924,-14.406020148950173,-4.299718354361783,316.1324437334313
89,6,6.149708627322912,-5.4347377494152305,-1.1074631717861654,-11.899872228510976,1.994601102685609,-4.020924147117673,2.1912584567068705,-11.453333545570334,-4.294562022892658,335.92923472319603
89,7,5.595077172132243,-7.108599505546683,-2.062643019591794,-10.122142113366847,0.5468891007052246,-4.364090081529016,2.3459759009912315,-12.051914413853439,-4.24799687696916,324.0316355212078
89,8,5.280949801692859,-8.842148788869812,-1.7041459009378057,-13.177432826635208,2.0231495247645412,-3.527856325823646,2.5791552462054312,-11.380460886634932,-4.332776221260298,331.0555782062643
89,9,5.304354566875898,-7.6499103936424255,-3.112723732887843,-9.5951202649488,-1.2310104856836728,-4.497654959011795,2.190272564478862,-9.373196376277264,-4.37285357508865,330.49047052983497
89,10,5.625025052276747,-7.2805593025618345,-1.2989129368300794,-11.56651799296905,0.6590735369050114,-3.5804159228602357,2.655747363592849,-14.415629373971178,-4.472488447652654,310.778613196411
89,11,5.3532619555634575,-8.2875748541511,-3.43638784297434,-10.073284885832946,0.5944165996074091,-3.5418235599425874,2.566436310821966,-12.928405578874743,-4.391272738098307,321.2559770028673
89,12,5.9128052242498415,-6.528926838638553,-1.7422808390044624,-11.577846866535468,0.9113736132008874,-3.93725386193379,2.567966692555956,-12.26548656700287,-4.491955071582658,317.56670214000184
89,13,5.9785743808849565,-7.196064207121245,-3.366615000133808,-10.119630154200138,-0.14937836881844802,-4.061346800847801,2.0848386959522776,-11.74225598671181,-4.294660890783586,346.8014467149967
89,14,5.8839472466109815,-5.144870662298185,-0.3517341553605655,-12.543078900827188,1.8565720907750953,-4.725617854037129,2.3783381630065183,-11.2387009470553,-4.348014229538048,305.5471461862134
89,15,6.03045747530309,-8.403107963277346,-1.469900990004657,-11.193938232648824,1.0461351570403659,-4.017908796597408,2.478034632309934,-11.378192236493366,-4.406364445732292,335.9824919292504
89,16,5.3116297201118,-7.448298158201087,-1.0592119722783548,-11.885703297550752,1.1025920366752544,-4.359132041598621,2.4827381611151838,-11.592133114532684,-4.392654667198164,323.08600992373886
89,17,6.273941652745386,-5.935949445663799,-0.11648064916679779,-12.563701956840472,1.8641960461880487,-4.444805376652223,2.577314082188995,-11.880088472765564,-4.522208922991569,338.21725423990995
89,18,5.328429802871728,-6.852658321617141,0.05291103577807288,-11.796475292152834,0.6460575336644931,-4.478133118827099,2.360160349047878,-9.67319222095907,-4.4321545761143675,326.0026865828587
89,19,5.910115802698236,-7.414735620524413,-1.440746138068982,-12.405039454396299,3.391201693685474,-4.336603136712491,2.569231787536917,-12.803029818464923,-4.370723658240714,395.02617948042365
89,20,5.894070865483642,-7.917447155912649,-3.603520446417017,-10.91574313679626,1.031843818746455,-4.420615528420668,2.3077496709330503,-12.482636235475615,-4.357054717242277,318.62795154440425
89,21,5.2595353811605445,-9.175946828341413,-1.0121988440706646,-10.969468345062417,-0.5423710499505483,-3.397228103157368,2.6325737059599033,-14.71567176353319,-4.453078454170098,330.303185602016
89,22,6.095325893254799,-6.481413482715314,0.8792394397836447,-11.891410787632136,1.5212167312222005,-4.0455099681592115,2.6650640998019353,-12.063040295774394,-4.537297819803318,344.7740646956787
89,23,5.812134321541546,-8.943420343258579,-1.9772069024521242,-11.508222449015763,0.9194942294136313,-3.792228990145509,2.5686332801170395,-10.420849786086501,-4.586056515833029,299.5627635731531
89,24,6.014446693898294,-9.864703799468598,-6.153719523057337,-10.777261872073149,1.066543259729789,-3.6728647970387804,2.5437948241736965,-12.299925832211759,-4.511886907407382,326.95510009237523
89,25,5.771475213422243,-5.006743127908994,3.4884172619063096,-13.260287148998094,2.2677462315462593,-4.532072923324242,2.809240941403344,-12.481583385326045,-4.476755233861979,294.6296657723046
89,26,5.617147947205106,-7.742026991056256,-2.7698352696886914,-9.185055176057405,-0.3854034099580059,-4.219509764655071,2.4500748062510693,-10.226462109346496,-4.478763825681348,317.17055264626833
89,27,5.94046565273823,-8.905960525877061,-3.972471589199856,-11.340450551642219,2.1733606778057366,-3.915180995840758,2.5403502482599127,-12.056730749032543,-4.448265349498414,300.4553396006752
89,28,5.376344702297777,-6.7393941980621905,-2.5978349798902585,-11.895829772187877,1.640440313506223,-4.532537255758945,2.3374162133529444,-12.042016435857233,-4.301177762028211,324.1071221068722
89,29,5.967526096177547,-6.823313909456324,-0.12845110738119425,-12.256822535604474,2.7717680489946073,-4.069869555520724,2.6265428800014803,-12.253564962475263,-4.12761081728998,297.4942030251093
90,0,6.195483510034418,-8.559938823021286,-1.1609866983993895,-12.295353846690386,1.7446337104259477,-4.1443414562303404,2.309963299901108,-12.070319716042087,-4.170334210055895,362.6450569847258
90,1,5.671044134886133,-5.909972280024077,-2.885337424468049,-10.627993306947383,-0.8943383400940867,-4.034633749753668,2.4467095701572927,-12.007064789445131,-4.549543615713107,312.2134174370099
90,2,5.816597283404217,-6.996611360085868,-1.333538686405145,-10.832312942614848,-0.5307874310342398,-4.738145432616372,2.5819011913422925,-12.82488081872334,-4.524296811578906,319.9509172005256
90,3,6.086548964521881,-7.243710615159424,-0.9442142006535734,-12.664747033961381,3.256057069031081,-4.214957363975962,2.8813195478002624,-11.727538541222408,-4.568887468585328,341.1493633328172
90,4,5.765325238021025,-6.822247499132863,-0.8272672752846638,-10.564009864380033,0.5234894210803398,-5.320648418644155,2.6309022529767234,-11.810977903416285,-4.518893991128799,307.42162286203035
90,5,5.79531701814849,-6.677408983319303,1.296799702868721,-11.355404460341667,0.5347654767210851,-4.426547560454445,2.72720220257814,-12.23426656834832,-4.461316604727683,352.6634051252055
90,6,5.76490348996522,-6.564727558636055,0.7393191925338783,-13.287690501754911,1.2496974285897744,-4.289506655142575,2.7803583944336325,-11.1723924015599,-4.416502202446852,335.04970259143096
90,7,6.075280959401003,-6.310337764884778,0.7768471399375089,-12.813844306653458,3.3780084976315012,-4.305103881457483,2.7676322703752176,-12.349074542384631,-4.454148653109538,373.6741522510781
90,8,5.72439581337438,-7.088684995500196,-0.4890093765988357,-12.172868529247397,1.5392097927305743,-3.881758405804319,2.657504148521656,-11.797356728840272,-4.3200149997341475,293.63386903767355
90,9,5.840235004468232,-6.140577084507389,-2.202269483603565,-9.633674292565697,0.1264301729865398,-3.6591915604599348,2.5009254172005777,-13.306445207951809,-4.413879302508944,320.0412952609256
90,10,5.815065197771255,-6.070774267591358,-0.9223216911005364,-11.32943844114624,-0.2694634138352754,-4.2288907639025775,2.341479543620908,-10.08115778053088,-4.444159463527246,312.452185982023
90,11,5.977100203391494,-5.744860061722526,-3.0326744602887246,-12.044764385568666,2.0390834609462143,-5.008431932276131,2.5634673401675787,-12.557411422790507,-4.406765291357398,300.784858430608
90,12,5.688354297205753,-8.72797720727862,-3.602262476913162,-9.71467517220436,0.9705426513554316,-3.703453160737356,2.572808688845872,-10.54759569446409,-4.542471872322096,300.35024636601287
90,13,5.9225734207794805,-5.010195484556228,0.7944040940798679,-12.176740626786279,3.4747968621436853,-5.005409089818824,2.7067569830200666,-10.303010040899094,-4.473682350561536,400.22112122553875
90,14,6.005227224842775,-7.664208213982876,-2.2930442392021915,-12.339568581299458,0.8231057653870015,-3.8674169570773116,2.318449988818327,-11.338810364867633,-4.158670497500215,372.4153074702882
90,15,5.7002778955879085,-6.1166567742338955,0.46783890400898664,-12.7262764170303,-0.7049013448565182,-3.573319513456245,2.829205815849224,-14.099196875472394,-4.675990315787419,366.2690792521718
90,16,5.727140774445701,-7.4467827916241465,-1.1043664080267646,-13.451893728119886,1.0484914348753238,-3.1924870743150096,2.543052296028136,-14.622236953519103,-4.4917083852085735,296.84509159724774
90,17,5.546150138254529,-5.770538571363354,0.6277856600062418,-13.246369315196675,0.15075465695750734,-3.4892616232784217,2.4764104351024288,-12.827546803853604,-4.3363691239154685,323.7537469973042
90,18,5.7158605829258615,-7.190937078270309,0.8331083796503215,-12.49013468856353,-0.4245606289104866,-3.5735234689860893,2.5993909143143066,-14.802809054537846,-4.648475276417586,305.9333363452656
90,19,5.7709361129156695,-6.161726129059998,-0.4129822556343759,-11.937787200783685,0.8542036634396628,-3.999521574093459,2.384758295311791,-13.027610349779605,-4.2367652389195465,315.57779807877137
90,20,5.542485902894627,-6.998005989128748,-4.423052136086792,-11.091057899108955,-0.5084322817074314,-3.693188145494344,2.47357803349594,-13.101626131100584,-4.634508910674432,325.8373763226785
90,21,5.936945819584599,-6.281180353979394,-1.2945798629341416,-12.335159466642505,1.4324009374518627,-4.010313980650808,2.437961376531052,-11.77129706086269,-4.392484699076324,311.4812808098916
90,22,6.076269324128196,-7.958268395941831,-3.632731807257005,-11.858833949992393,2.533656844835358,-4.544999592452258,2.6655504989216334,-9.590890670183946,-4.625907255167192,314.2438882315337
90,23,6.048413458135021,-6.9533525565242975,-5.115048515482567,-9.860342695996682,1.19623092289891,-4.511791200248775,2.334700985204189,-10.468489310420383,-4.556925279631125,323.7270786952626
90,24,5.640286461986007,-7.574612842602279,0.06265970490738515,-12.024136614860184,-0.059542270086941684,-3.5210556902491223,2.576086965658319,-13.958252120586055,-4.54440890728158,310.840764502099
90,25,5.768403257071286,-7.39852913149993,-3.5649465969138365,-12.23225737853571,0.06519693889476041,-4.131138975432164,2.541589887159783,-13.927626119461141,-4.618693075695905,301.90449282509314
90,26,5.742956263748107,-7.476303411519011,-0.6658899556885737,-12.031766493962056,2.4208356128266186,-3.5285326791975367,2.6577597227043,-12.246634532672244,-4.315629874572849,295.62034366924183
90,27,5.664877974714353,-5.9584729978433995,2.454677429189648,-12.183877210810085,2.1269143991534807,-5.066350188193542,2.622548318266139,-12.336994556811414,-4.370320284973348,297.9228332108539
90,28,5.68241281506643,-6.142877010846108,-1.585827128965413,-12.856279918321405,4.386044374536998,-5.107517259647936,2.5661042365899585,-11.312410557703227,-4.3669296701560265,432.39326398859737
91,0,5.658811674729738,-6.897345474801084,1.0427249982524935,-12.185995761824877,1.5521274778787486,-4.059530262781216,2.532008152198054,-12.388727442677641,-4.294128200179648,296.89171054138865
91,1,5.934158872009511,-7.179357253112981,-1.1167217245589949,-13.353772642260045,1.9843610440178,-3.5464410297159508,2.657465391030915,-14.515982348369862,-4.62853595556265,300.64295883127954
91,2,5.9978452569624485,-6.071896969190304,-2.9422230042807813,-13.094268449273933,2.031685355534397,-3.5490320429307003,2.908300368193312,-11.802315272284353,-4.662800574575672,350.5562948774218
91,3,5.368544217535554,-6.236979848635699,0.8363283126166865,-13.232214328118452,1.5457747859781195,-3.6483027638703343,2.6591159193630927,-14.430576079335726,-4.347355013988966,315.71777394653884
91,4,5.923652276306593,-5.7477388435611285,0.026318952423797337,-10.737319156299208,2.2050030022588984,-4.244131081946963,2.703039887239575,-12.47235703461135,-4.27345120649182,291.73456664348316
91,5,6.058292878366862,-7.672925426894591,-2.643683090386843,-10.769902730981457,0.18599418684497104,-4.2831108176696935,2.3657954440696214,-11.587278510367614,-4.465640738834613,338.03908543814
91,6,5.617863901131887,-7.0521328920087445,1.0077850467209735,-11.434741182369244,2.8895971671998937,-4.088342685213482,2.6600585513419435,-10.857878509484898,-4.348067189867791,349.7343113214739
91,7,5.521699738653897,-6.248213282758416,1.8548965895170162,-12.174175786562584,1.6392794505019455,-3.9590699947508363,2.684953654703556,-13.05903630300647,-4.299278938329872,305.03099720686583
91,8,5.282304664631559,-6.678448601053347,0.24534570781866805,-12.08528082144414,1.4232507637997334,-4.1287622460994955,2.8502860958728293,-14.136202096168073,-4.573877191617498,331.19979309553116
91,9,5.690492318679735,-3.9033384007007417,-0.147208870471356,-11.64532044378147,0.35162208236083603,-4.602232226319825,2.6968419050615524,-12.223913515246103,-4.594262324646549,314.5614751093332
91,10,5.8492042141058045,-6.687782056229258,-1.3825393113179207,-12.639357282252288,2.3736911287739693,-4.2767459878340475,2.796472624142647,-12.977035774898303,-4.548366499060388,291.56096002656994
91,11,5.7080493243848585,-5.220395184360995,-0.16912025229784233,-12.257840720633912,0.4984352690434687,-4.118357452957168,2.783118470405101,-13.055812369173466,-4.32402049850134,404.5344531497092
91,12,5.389245082136609,-4.941754830880997,0.6666960706291696,-12.1081963911482,0.10450944540707785,-3.787392201293676,2.4924235651308417,-12.254596251886548,-4.241253301169656,327.83643758092427
91,13,6.007657220306454,-8.259394355278648,-2.4252321504562744,-12.209232868542577,0.6864051021148142,-4.162095300302115,2.5886044541122812,-12.467770516269278,-4.517549753744334,344.01485261313223
91,14,6.0493761623182385,-6.620378959805883,-1.2048394996451397,-11.938242268994117,0.26809237143252584,-3.1974323340832,2.7742732030632125,-13.380176860182479,-4.59107215078358,461.9930479130725
91,15,5.501564780401859,-9.379193464038545,-0.46262022902839617,-11.609711162249074,1.4099657109644583,-4.070184272170277,2.6530476546373123,-11.150824132579622,-4.417710592572843,312.28768469588204
91,16,5.761800335737738,-7.462032266287249,-0.6671782361287288,-12.12637105048203,2.567259591363739,-3.439718540335414,2.6196300332563256,-12.464885705754158,-4.208869900736524,303.43865924106524
91,17,5.77313406103352,-7.677350651516095,-0.39078078537041694,-12.430660738381363,2.3082033700925417,-4.378155599452542,2.5485674443159185,-13.885300033534666,-4.4354888699732244,301.142135954302
91,18,5.529361796710201,-6.294066439488491,0.5825375462038422,-13.368327549909347,1.2788723128558395,-3.925474953062188,2.549766415890749,-10.741434753034174,-4.41797551411069,313.2092195767529
91,19,5.696112227377477,-6.880019754098167,-2.0586969187217172,-11.681298021084615,1.3293352505496838,-4.189086858107647,2.718431353028107,-12.757561988457521,-4.470231975983567,299.7146326507111
91,20,5.872979373402265,-6.932152830465719,0.18497450372945545,-12.864871224946636,1.8066549172601012,-3.7750781568907157,2.862433596663451,-12.711481884018948,-4.620377639954964,325.4287774511689
91,21,5.956282111323491,-8.907968354304263,-0.9987402988477418,-12.542406520031003,2.5515516612277525,-3.7679450405816026,2.5870411159201883,-12.685133218000693,-4.466901319310222,308.70358653853316
91,22,5.773819599994295,-7.087466954006002,0.6238001613821864,-12.890315966539701,1.9133171833752018,-3.5088533018255985,2.6647092340086638,-12.831567782884607,-4.364344642580274,284.1304085309393
91,23,5.773551828803517,-6.668240214439474,-1.9083512273675587,-10.86931857266752,1.458151020878312,-4.518871644039237,2.624168611650138,-12.926376618385419,-4.5116132599363805,291.16842433795296
91,24,5.654023541248747,-7.545541494045634,-0.046784710171122956,-12.096926407590576,0.9902159324514116,-4.019538159046577,2.6852468391229345,-13.111641522318743,-4.532322170890275,303.92382871181593
91,25,5.649202406192946,-5.529558817042575,2.7046940382094538,-12.550974424268059,2.7576358209773764,-4.4263702674399585,2.7650764937726238,-13.421764273631688,-4.324451001821294,324.04732438716405
91,26,5.643267899223841,-7.700761690857993,-0.2962291738865802,-10.782454420557555,1.6531353634761778,-4.096655459440472,2.610283386334776,-11.408251328406484,-4.236663744470361,296.21821991869774
91,27,5.687618494241425,-8.127447738516492,-3.0902517451974383,-10.785221093932215,0.8987796151046346,-3.9383058617134115,2.5637739353806914,-11.310890027211146,-4.302780314804867,308.88056237458034
91,28,5.790679360650445,-5.087158797015789,-1.2369738171514382,-11.179816044223978,0.5540809027828351,-4.19184590173657,2.6311303838196722,-12.619196909094422,-4.415500610763005,322.11964056256136
91,29,5.443522923949197,-8.087537202433305,-0.9670823478586922,-12.022357761576515,0.448849044598688,-3.0070292304448047,2.6919972174544227,-13.57675080079779,-4.49080330156734,324.3958824091891
92,0,5.820274217241964,-6.831347799572343,-0.08007647448875271,-11.54534811917925,1.5835707299422979,-3.6631986044800278,2.691309597503839,-14.230011346009931,-4.40730228699062,299.0876707520474
92,1,5.848210779568341,-7.773466057579093,-2.387342333508105,-9.771475402630257,1.5077202608532394,-5.010923510009375,2.481469981225524,-10.219860442626487,-4.3208505682569855,303.25353435464154
92,2,5.769199843505541,-6.851611898093362,-4.555635664587874,-10.419466331268021,0.9224710604700719,-3.9991111536362025,2.594747460917892,-10.877227371139996,-4.47061243192281,299.60988012611057
92,3,6.127065444352501,-7.106567911952576,-1.8631902623281849,-12.33732380508667,2.203279179021368,-3.923897727994608,2.5193329986804223,-12.799176682037738,-4.408645867947472,311.8701382779141
92,4,5.95221325388729,-7.580497211792791,-0.24357894797153123,-10.826341048346837,1.5717831459010636,-4.142106943684114,2.544616526491955,-10.554177143802525,-4.3232062608332935,315.9566920467339
92,5,5.778332264530777,-6.799075578249503,-3.2621332654269297,-10.549148412981776,0.38062161314779863,-4.5158647949255295,2.6878322665574452,-12.16602945644828,-4.609192073905855,316.49254294002696
92,6,5.423843087130359,-7.88921563445933,-1.3021075975045169,-12.651990510134587,1.4449754574624563,-3.396236584716561,2.6756954097310337,-12.455399336999228,-4.397182221606167,314.8968227853295
92,7,5.879636702002965,-7.458998519169554,-0.9738153806173944,-12.814773472753298,2.330740382419881,-3.631487520836915,2.741106615531977,-14.669150873375845,-4.3698932593578315,285.40016519708655
92,8,5.63483976114056,-7.264023681386654,-2.0870198433789495,-10.919288888623745,0.9132046524961377,-3.8694042286716295,2.69572368826852,-13.785281743915812,-4.400067399654148,313.735308700092
92,9,5.671526497928027,-5.71266379308117,1.9681952635680429,-12.070904213185587,1.5575970021803265,-4.171383449321398,2.91676949889235,-14.439008568583827,-4.4133642073503765,360.48956086604016
92,10,5.894636194329266,-7.136663990718935,-2.197516193354271,-10.578464761445822,0.9098370294612329,-4.659536578801811,2.476076262403491,-13.106726559306248,-4.441973318600285,313.3774054384534
92,11,6.11216458155006,-8.114134757760429,0.02005998651508878,-13.76226260417669,1.6593193476178874,-4.763516083551394,2.5818846123759003,-13.526558685748135,-4.740380658511874,318.5263203320903
92,12,5.829059902250543,-5.867198926571078,1.5277555182556186,-13.38309103870478,1.146510415760261,-3.966622703178514,2.5353192996904848,-14.319102139548955,-4.304498897002549,313.4500219216087
92,13,5.81461301646057,-8.255662281479157,-0.9078253687470736,-12.494632191588073,2.3246347622113963,-3.7754147335197397,2.575739450560262,-11.794780803400824,-4.561039045813156,306.36777179246457
92,14,5.91876241137047,-7.522852303080752,-2.740642358848424,-12.65105406465945,1.572297482134342,-3.2213990835790742,2.6715147458051347,-13.634301055796032,-4.550785188436259,305.3757584005521
92,15,5.660010621170701,-5.800307950629252,-0.2594842319167844,-11.813954910999453,1.0411869688500013,-3.9037770675247843,2.4552355545394557,-11.409992566755864,-4.225598998586355,311.16482630603036
92,16,5.723576784380529,-7.309261042069826,-1.5712243545923792,-11.575274901026612,0.9274140464237134,-3.98276374795221,2.824328927289988,-14.005456155005012,-4.6537947578001715,331.62028306842956
92,17,5.647586264921505,-5.041977563073909,0.9148458602111849,-13.061832191168486,1.9763251490385543,-3.856730920193238,2.820526893450319,-13.262385902785931,-4.230574285195756,298.5292748816365
92,18,5.616804344387951,-6.595501463907637,-0.27820480603296893,-11.637413762587688,1.6608006362920107,-4.371845273084801,2.5314720692154427,-11.595429363216905,-4.407795795450518,303.5729256167644
92,19,5.826809911341959,-5.425102630526736,2.349470324268646,-11.540960745877328,3.229522586591826,-4.66918988771513,2.862116075656957,-12.205643610067666,-4.19868314637557,356.47013460126357
92,20,5.398989281424289,-7.168043182571545,2.541017363257838,-12.058121010859765,2.2089190778173946,-3.7201153468220935,2.4722185612748566,-13.313435986815868,-4.082792278022559,327.89299302854215
92,21,6.048605950686715,-6.785968494202303,0.42404803942716207,-13.358745465930637,2.857618072187562,-4.109757913606711,2.921281657742419,-14.177857723205832,-4.502852501260445,301.1373981544231
92,22,5.75794844393745,-6.1236942122489895,-0.47232577646082097,-13.06557315526832,2.518958815748076,-4.368558441404332,2.7027581889234766,-12.831665794678077,-4.447410895470915,301.95796080400123
92,23,5.996288740988086,-7.0360596399793405,-3.664605499612211,-11.12655155462152,2.151254132333316,-4.184977355156743,2.5216718718366256,-12.955170518890581,-4.4632984254813,305.54681544265674
92,24,5.846523175044382,-6.868713520885077,-1.3200704458354955,-12.894697148047175,0.8322131265156385,-3.8725303062601126,2.5909182806294786,-14.02772134367555,-4.621207349131957,304.53927906521204
92,25,5.539480821099403,-5.9740649770014596,1.797033034015817,-12.045969918160536,2.203441429476438,-4.6109979850876375,2.664807494939922,-13.222148162959794,-4.326848522081269,312.48828825489636
92,26,5.78906719791917,-7.393854719991335,-1.5626632125838686,-14.279245522207273,0.9803223855123974,-3.546495602761372,2.5951429254158787,-12.209391646142256,-4.666243618916411,298.1594434803909
92,27,5.878983384976774,-8.694393969311434,-3.7363246772978034,-11.224260815809467,1.9548297993865562,-3.508535472876873,2.6950396866099315,-12.208054264620438,-4.50020367705152,292.4216480201535
92,28,5.699376766404176,-7.60184993529892,0.8908724802507924,-11.187472296374366,1.524681379303952,-3.9771693653022986,2.7785984620516775,-12.995605424487168,-4.4370796617416435,302.8466305953999
93,0,5.953062355902411,-8.895384182461939,-0.38042944956808555,-12.552874026051361,1.056316603742085,-2.6050601483808578,2.524110903257167,-13.048514436468816,-4.326624080479644,335.6335114794838
93,1,5.569600973077792,-8.033610882177776,-3.2462190714711383,-11.689676565052707,0.9596279836254727,-3.614874044389887,2.925031726215955,-13.536729788627685,-4.653152389181788,352.7015987541073
93,2,5.832171360909022,-7.589775544324057,-1.01247720760766,-11.574206315331399,2.9505612588133157,-4.071049170402143,2.6435226720671037,-12.422045337346756,-4.195047558939521,331.348056624824
93,3,5.970394117601305,-6.097528553354625,-1.5004461132121463,-13.03693282075616,1.35526456681824,-3.7891192367831974,2.6997416990025527,-13.601912428883455,-4.437763111364754,352.4964342530186
93,4,5.89540827005984,-6.978384856648941,-2.085653730459771,-12.631625150025451,1.4484136444619404,-3.7360232639174784,2.6061946485346894,-12.954831337021318,-4.433399088863048,306.4254744553509
93,5,5.689187743129384,-8.591084625078931,-2.808498242862491,-11.622882918136622,1.1249244081095657,-3.533609878768892,2.6092740112801116,-13.889463600507854,-4.416205382885678,298.90115725287467
93,6,5.822008482148156,-7.714651384177282,-0.05921997324309314,-13.662494649803817,1.3705840744536655,-2.5033853759683167,2.830548342199726,-14.668793461263249,-4.415169453586174,373.73080282056293
93,7,5.787501172752357,-7.133369726098374,-2.271019932669114,-12.904080643742477,1.2819621258988674,-2.895326491440494,2.7199968107719403,-13.504341056514045,-4.551246710823325,302.10636236616847
93,8,5.776333363351489,-7.584138436122789,-1.8123806171813392,-12.849960466531586,1.335188410942459,-3.173057020868192,2.833926532019719,-14.67962706164961,-4.655540070916219,322.74417062690907
93,9,5.6243466950842365,-6.924185114470487,-2.387163492469352,-13.332858485142095,1.1852235039018977,-3.3515349612043943,2.8534997159399285,-14.171743897147831,-4.7557381127833445,321.1959388476821
93,10,5.7047996189801795,-7.248881219979183,-0.3529865276383979,-12.07976272090099,1.879952192565247,-3.631441129011011,2.6982272537941396,-12.9791057686597,-4.4526568034627925,288.3011699513952
93,11,5.764235140740933,-6.120891121369954,-1.069059560506283,-11.469038055473579,1.479100139161329,-4.056901905846127,2.7299661733844,-12.423840192295271,-4.447312708189824,299.25669821027356
93,12,5.375253239018418,-5.512698664060582,2.259734593299293,-15.136154866438835,0.7999853185384493,-3.006979754785865,2.8019262163346865,-13.311808858551302,-4.51086731073759,328.4830174963078
93,13,5.594565917999691,-5.945588397558378,0.6661682580413029,-13.678054265142828,2.10814925722459,-3.836302304137071,2.715240678272502,-11.695306380215701,-4.394309258011678,301.5686650041588
93,14,5.702002322920033,-6.534367987745305,-1.9195888236178646,-13.008693969702156,1.260272330969505,-3.8981280664801727,2.61065778606495,-14.322099296498457,-4.60639677753624,298.22566429318823
93,15,5.984425476369331,-5.56009359528294,1.4573674144093558,-13.438882417270953,1.981913695941806,-4.433038313200796,2.7921156823035065,-15.680111549094237,-4.500000500683408,320.3390145419717
93,16,5.626373488182052,-7.422410979413363,0.3547165029301331,-12.625992657207933,2.3408729194841635,-3.635236025324213,2.930099623738905,-13.269054707647994,-4.30065328882459,300.35023502883456
93,17,5.734477937330662,-7.273615796799884,0.561026657921921,-13.527355174226567,3.072853521258393,-3.444648226559831,2.6329815323124253,-13.184402440329396,-4.221820927742395,361.77032517134984
93,18,5.9438225025470945,-6.7095940806744565,0.47208828239276035,-12.905352655494982,1.3070982611797435,-3.268345779208225,2.709530577500074,-13.645771505686008,-4.431872771565768,352.05025144126523
93,19,6.059111185499551,-7.314336220975731,-0.5685143826475347,-13.678078314374956,2.6028516854074653,-3.5188815328363523,2.9598048756283086,-15.059935061780907,-4.562783624329148,322.25983213231984
93,20,5.949308487289621,-5.483799880106294,0.07951357080204113,-13.506013141759368,3.8657109467122046,-3.76745678462991,3.0366786516290123,-14.567651082991084,-4.441452634576651,398.29549219382545
93,21,5.7918640968345,-6.384235645603147,2.2825128437646796,-14.598217800868529,1.7989333955358608,-2.601183912439949,2.8753772526787045,-14.237668539473841,-4.470547475873785,322.09268652278536
93,22,5.979337119638149,-6.794593146763035,-3.0592667844587775,-10.527312938311713,2.263476424970577,-4.800151294436023,2.482646605075202,-10.661604182852919,-4.228347218144085,302.6929732338294
93,23,5.863354489592967,-4.9977446352409665,0.5535402988278053,-13.187633349921162,2.852274568620726,-4.806025129024323,2.8569234501193415,-12.491177399642332,-4.572556397904919,315.182343208253
93,24,5.837927900286668,-6.152260767851734,-1.640717571916593,-10.459317208284004,1.8267699649317277,-4.8061292885481155,2.683141460705714,-12.386195342610824,-4.299025265459195,297.2399423156143
93,25,5.81531323532266,-5.710282098274608,1.910049093055615,-12.804438324090905,2.2008867314580325,-4.5341455932168495,2.6684267276827422,-13.54727865821038,-4.3381007099591775,285.14141988888224
93,26,5.772278737772995,-7.536357131810939,-2.6462807150968666,-11.2187052188213,2.8249814668777136,-4.01777827330051,2.681159797054337,-11.945354841596272,-4.396581271663213,324.64444513266085
93,27,5.943643039906418,-6.275079027005306,-3.3971198523363206,-10.927033080056924,0.6404386065125394,-4.0899219727719025,2.649825996971657,-11.298359567982471,-4.414668440508768,373.5603324427801
93,28,6.275874128435843,-8.223823375324192,-2.1357792635832027,-10.363274355264364,2.742243412468375,-4.333722154700057,2.58854941189427,-11.73474028434574,-4.376816867841668,306.71591999352063
93,29,6.069041642587443,-7.242885664176461,0.7043249299532857,-13.375158815389247,2.9676570968891713,-3.7529627201899562,2.8106967586163534,-15.386257026955077,-4.357219948453435,301.58270397201625
94,0,5.678989454151388,-7.923005831283772,-2.05205545047091,-9.682620400512791,1.7659235292478812,-4.458768856869702,2.602073514093324,-12.375332380822499,-4.299517564820616,291.7890469469333
94,1,5.598178339477554,-4.493097385339739,1.6996995478120107,-14.043840239800282,2.81881535426297,-3.9518643304036343,2.7755757078896823,-12.509570689696984,-4.326717452011645,334.99249561592353
94,2,5.7410961030780205,-5.6380662411303115,2.5616815552877075,-12.22117952321285,1.368023515558422,-4.338698293643685,2.591399829489561,-13.322311290496392,-4.324684652788529,295.4904640220261
94,3,5.758027552620497,-7.29536310455457,-0.5274806945353202,-11.448928500371164,1.8894670673523108,-4.292268491224724,2.551873878424561,-11.926010906802407,-4.402088586033512,290.1911970392289
94,4,5.983171722897753,-7.753465855896169,-3.648344193203993,-12.030721540256398,1.0816462528137192,-4.084148095003089,2.687374231183601,-14.906167390597044,-4.59721110004461,342.3601506085981
94,5,5.763739816453544,-6.190209175330751,0.11216825623584836,-13.755691000614117,1.8862879326508324,-3.954497136515886,2.754369007990204,-14.720488577009636,-4.508575618908585,286.4832979217546
94,6,5.7991017778395,-7.3165928061905445,-0.21225623478256322,-13.760954629810664,1.794326636266101,-3.464133508577186,2.767840196055423,-12.5337088011211,-4.550827627684457,292.44579331584146
94,7,5.66370196429265,-7.337700357148148,-0.4487815237986963,-13.146232125307328,2.493988870926845,-3.684633496637861,2.590303962727271,-14.40912258374472,-4.421582565746897,320.81910016747935
94,8,5.830957112164782,-6.702626718349625,1.0962880261851202,-11.204158279178735,1.760092980731404,-4.0554676247578465,2.6512091146034074,-11.874642509393295,-4.2901923055271425,297.3892353131712
94,9,5.450075263410278,-8.348861153790294,-0.8197497711950736,-10.606386628193672,0.7748811434370066,-3.069635434328827,2.728587950623809,-12.72766211649739,-4.231105943830141,339.96153564866415
94,10,5.993358661581181,-6.372906369755912,-0.5886838301625227,-12.53789893733073,2.511658662622342,-4.529217647222097,2.657447409739539,-12.007643477668474,-4.460052198376588,301.63576627772227
94,11,5.675703562691789,-6.707323181543669,-1.5648833909802997,-12.011340565630421,0.2610601347120347,-3.808717323225348,2.7270580846978523,-13.405265597815013,-4.588314416240261,322.53234483282677
94,12,5.617213204607526,-5.185925182850651,1.376801861341209,-13.880429719713971,1.3181946231497506,-3.477167974185732,2.8223345845322076,-14.755349918234117,-4.418361598363293,323.0512979033177
94,13,5.824312393391911,-6.001283120711872,0.08655752292905505,-12.551162761742907,2.4864475198037987,-3.976863815726094,2.6074268413223534,-12.937815594228473,-4.211441575492386,293.5485345337486
94,14,5.706095569356494,-7.886306364741569,1.9380696229347296,-13.659952004901934,1.8729071919670404,-3.4356877195456508,2.6997760730782763,-13.031754377497732,-4.378519939192402,285.65319934069316
94,15,5.786575075901989,-6.085155622390468,-1.1044079363039652,-11.48243840504609,0.6156364444848756,-4.529087054471234,2.5577825110813857,-13.064712953034523,-4.400162423577283,309.96944408196345
94,16,5.824769838937223,-6.813007330396376,-1.3040191826278273,-13.288553338871022,1.756061348553579,-3.6286630944360487,2.693309991036221,-12.121072317812812,-4.409293440574428,292.75575789052345
94,17,5.89864958800706,-6.931082911393483,-1.8429535043623204,-12.136984326451909,1.8050476959456887,-3.798807433591505,2.874385186913172,-15.358612541962584,-4.500199462347323,357.51985978913604
94,18,5.835306509569552,-6.752564421960241,-0.7550164085565786,-12.255526805016993,1.7020690830385956,-4.1440619046603135,2.679336840711199,-13.820592819240105,-4.460107557804415,293.6751514536802
94,19,5.802766152572008,-7.312805444210469,-0.39044549542177576,-12.661905677289191,1.7284662104624458,-3.3090373586543476,2.971001304599399,-14.47652489884419,-4.476048432837563,411.3099962379281
94,20,5.715590424937021,-8.054369010879867,-3.4485959737263596,-12.649537161753054,1.2624098006980002,-3.790762083090197,2.5724501044601116,-12.11175526971215,-4.562156901578489,296.87220816301647
94,21,5.8806432898544285,-5.110135217718249,1.1817356718647622,-13.526846067395132,3.429424116246138,-4.39833828529608,2.7728758148276755,-13.812812418036295,-4.261371830600192,386.9342010027249
94,22,5.922183850458881,-6.46417819534443,-2.6207670329492054,-12.121684893655587,1.5121945031373616,-4.010783476195482,2.6171769149196438,-14.776641907756797,-4.465530823524378,307.2017868183116
94,23,5.951496146533218,-7.572004667185139,0.22273896557911033,-12.057047199845993,2.9147315814147507,-3.4653496753371114,2.7520887755631622,-14.019784887488493,-4.42730261623105,314.1219900745893
94,24,5.820453340380981,-6.814382966995795,-3.62693711683004,-11.423637805630804,0.024712513716095952,-3.8018288864207834,2.5779080934160437,-12.765558761013958,-4.641260965397628,307.56698786994014
94,25,5.886711656177305,-4.9299531725208725,2.9757487861055836,-13.052116192888958,2.2265259779845463,-4.19107646313657,2.71237614468463,-12.603696170778456,-4.253668364450453,295.21920560977526
94,26,5.737462735251195,-8.506172805365232,-1.8611828735536275,-12.560902869327572,1.4927171501433614,-3.120990186295284,2.574567508212255,-13.501251584724061,-4.532372506375467,293.48819400666747
94,27,5.923968639909928,-6.411835659032772,-0.9501698184042857,-12.673811475490744,1.929758436955574,-4.265378466719699,2.689695942697505,-12.670548919427397,-4.525411923536164,297.15235119171217
94,28,5.558349196934711,-6.4754334183520825,-1.3288768195085452,-12.855719647442687,0.6920999601742228,-3.6545271931927052,2.7431945437392753,-13.383020963357797,-4.462275325755605,325.6364385365074
95,0,5.65301531318164,-6.959546967075497,-1.12959736085045,-12.448158866259448,1.3115029563818261,-3.7740081247728186,2.6322725047499604,-11.985730452959546,-4.4136195046501445,297.9044207740903
95,1,5.650218408064728,-6.7440299355974584,0.22086919707257163,-12.73364058643686,1.8779754749893036,-4.081282354080268,2.7514273827711024,-13.212002786898909,-4.483617173183264,292.8177464735362
95,2,5.948392031172799,-6.662102569656417,2.6107801551538543,-14.342244160328589,3.507950796204521,-4.070595431479031,2.844214106592334,-13.881878422078234,-4.306646068404436,393.1032351366537
95,3,5.751240029934299,-6.9534775683333425,-1.001844218198448,-11.60556197182318,1.8709385902968283,-4.015794955485549,2.5975663206548627,-13.295652238245118,-4.204156625494654,289.9073604838482
95,4,5.704296230864083,-7.2869006813294055,1.7280935770039432,-11.348113555707148,1.9737664142586364,-4.39226850677145,2.6940598184583555,-11.966486371250909,-4.258349353972014,286.3112762421237
95,5,5.650389179804261,-7.1784900952447614,-0.0409740967267271,-13.545139354588306,1.2232760625319847,-3.2576157393357326,2.579126667351506,-13.315431959530711,-4.445682083531104,299.6174643352552
95,6,5.865373462518671,-8.654354824159544,-1.6646757209558694,-12.592203249292993,0.859087004920383,-3.2175862205569397,2.585297374120333,-12.934020419030325,-4.529893650951886,309.51202525244076
95,7,5.805312999311559,-7.755668435197135,-1.1329315377797466,-12.93939863353124,0.7745543833438637,-3.864941274200156,2.5891206720372852,-12.961412167152222,-4.606784639728623,300.6047602651032
95,8,5.660042097536448,-5.93486382153674,0.3766985696097165,-11.875542269810722,1.6098142298346974,-3.820033158698268,2.757782710743844,-12.891545205796838,-4.229258158692225,309.83530751575375
95,9,5.528259059197491,-7.357503408433734,0.3614821348311508,-11.577091376709063,1.6742537885013318,-3.9863284588056027,2.863478812369703,-13.918455121333285,-4.399405546254852,318.3206970718552
95,10,5.8273903992454,-8.817417664273563,-1.191100609739264,-14.49097225773939,1.5231552579697638,-3.1463601957169187,2.69671090001613,-11.450748430769734,-4.668619886701347,297.5473896705546
95,11,6.091558400911413,-5.660776236382402,-0.04670860857404413,-12.372409983103523,2.808525130471609,-4.441323876174609,2.769453656877939,-14.15965226515526,-4.4486129065111495,302.64005859111
95,12,5.719158004528433,-6.955988465458933,1.532564782790118,-13.113323299967531,2.225094305083526,-4.054361399622737,2.5781499923627385,-11.012430152941805,-4.409284887678122,299.7761674840971
95,13,5.6951572331044815,-8.856230799545715,-2.4499462747820795,-12.67008030649458,1.5651938348430336,-3.6564107838017605,2.583916343719517,-11.791085963998402,-4.399370795895612,292.97875855042884
95,14,5.523675008792498,-6.546204509528497,1.0143350198491436,-11.886323349828881,0.5637152135187853,-4.374991977013756,2.487853270623585,-11.311383604456859,-4.3904573636127004,319.8003404564397
95,15,5.681875684591693,-6.950234771959054,-2.2713408670813977,-11.04627157350682,2.178248856607464,-3.7592618693262816,2.867322916951037,-12.680099794956652,-4.354346259569101,292.13350425173746
95,16,5.655264120056329,-6.989327006395749,-2.0837580910332902,-13.761689014590214,0.46954001136910484,-3.426611143377864,2.5688860442065105,-12.018297576243489,-4.503597922720382,306.9752825085411
95,17,5.813801944300911,-6.943642948742168,1.8915574419188605,-12.494236295146939,2.813105663669681,-4.3340058754748085,2.6815796914573644,-11.809612717340732,-4.246682325105911,316.0381349422123
95,18,5.940742353055701,-8.117377286474518,-0.7027395995715762,-12.404345458436593,2.2991931178817366,-3.781485463269571,2.647975690033574,-11.438673069398808,-4.416993671274542,293.5370128943187
95,19,5.912715176215959,-8.192113497361397,-1.5626949224223898,-11.605896075606521,1.3370709691732068,-4.120291431557865,2.580613778978976,-12.70407884546856,-4.413036117396365,312.8253854466956
95,20,5.879976245043362,-7.102759790960681,2.050916965567785,-13.941862007421998,2.353733665360642,-3.8958593312505303,2.731802475136753,-14.22842569980626,-4.452436984325609,290.1635082164945
95,21,6.0281151114676526,-6.659267822745376,-0.9162563233798515,-13.412830487376738,1.8503653510095426,-3.805948659802305,2.7816695845452513,-14.614037216407867,-4.627486612300589,329.68499462323496
95,22,5.697945938232344,-6.135624445492719,1.4517872561493095,-15.192408853671346,1.8381195889781865,-3.4151815724182586,2.6880600438060207,-13.83217421248765,-4.401671928185409,287.18450541086133
95,23,5.493611504727427,-6.056486360657364,2.028835436196551,-13.044370561107598,1.8328758972320887,-3.9012714225863525,2.556242931710071,-11.798109229850688,-4.288252809542853,312.1337293731933
95,24,5.6423587464117215,-6.239370166343369,0.29721533399595806,-13.248159265599936,1.471640822180596,-3.71424860922545,2.7491941769179373,-13.992693968329377,-4.470760781937228,299.24140606484946
95,25,5.910034391652302,-5.963154652707111,1.400999170655736,-13.014602798438721,2.4063619172876183,-4.145551511660217,2.7815985848348497,-13.755554634719912,-4.449587961114983,289.0745867105022
95,26,5.760140955418541,-6.891268025606045,-2.8147591966812615,-12.244080420381952,1.2461991620059285,-3.8124656162787094,2.6735534125437233,-12.974844659060977,-4.594357071689825,295.1841290911782
95,27,5.9908695993333065,-7.852003258873531,-3.32388245250185,-10.521000440004025,1.6373490623966305,-4.287443451638596,2.5931152747556587,-11.930628651979223,-4.391548714079992,317.3509976399822
95,28,5.634492804774915,-7.561534785817491,0.7279613236299745,-11.426432423053905,1.1040351093500873,-3.78958499948181,2.7016090890253093,-13.04313378276027,-4.26749607830912,319.86432937325435
95,29,5.881943034717242,-5.463984246539576,-0.31183075930555676,-12.354610363851899,2.0960393904358754,-4.7570462146282955,2.6463908458055063,-12.31300783475196,-4.43073949324302,290.62560639434776
96,0,5.639256706211265,-7.253600697033782,0.09565155043429852,-12.778714527532836,1.2279790453115877,-4.016864226233709,2.6993486415821644,-12.426354361467041,-4.461337358532103,301.7091674735955
96,1,5.795406066085855,-5.40761625491162,0.47335865268815225,-13.307546440403156,2.4880119838641335,-4.443425594514674,2.735365750989279,-13.054093092594995,-4.28879909138876,286.5200639970194
96,2,5.64148737828583,-5.79615945233112,1.4161559993516424,-12.1631063531183,2.105801067673968,-4.064437832390859,2.7408623641099155,-14.024769598824582,-4.318526098732938,290.776431685139
96,3,5.685016848042342,-6.0204442117585,0.5489134564960483,-12.734936135225238,1.495078386673251,-4.215472087466812,2.6563685062835085,-14.24659932767219,-4.414464106874898,292.6992011666332
96,4,5.739635596646185,-7.316890123576733,-1.7753944227554062,-12.111448478978215,1.648013563404704,-3.581324798152408,2.6822751630343995,-13.403656889464308,-4.3154862287305376,291.99235087022663
96,5,5.890616870313223,-6.957280125982935,-0.5038154431099575,-11.7917620826371,1.8742768597937158,-3.922667483498995,2.6183453784835162,-11.846644120412746,-4.3517143921389705,295.768584815662
96,6,5.83644317281362,-8.354677826121147,0.43265572967880583,-13.033239744917177,1.725401134204394,-3.4815811759215616,2.5737409581435795,-13.717422312504867,-4.318112246178643,295.4224948631152
96,7,5.899496369441909,-6.0585463069341,0.5293221433756884,-13.815071598709325,2.28348933709291,-3.6808659403699213,2.750501346697257,-12.96604579921526,-4.364395672971414,287.04043983328324
96,8,5.720209486346217,-7.594545913572951,0.5314830545132068,-12.464841124142417,2.2345881767377374,-3.743076780244226,2.7966633418998263,-12.570439650700427,-4.389254287510099,284.94101739335196
96,9,5.875433236595533,-7.1943469035644885,-0.3869737996487183,-13.20872849890265,2.504361867885971,-4.261509767236034,2.654033604444063,-12.538032503189761,-4.618797847708542,312.62108261410987
96,10,5.7796238228763235,-7.7108673148244185,-3.3899137093594467,-11.079542039739486,1.3941918502235824,-3.559278974829439,2.6304244687886484,-12.479453991319549,-4.312292298590682,301.581599275092
96,11,5.880954149717155,-7.073370302833719,1.3365793743122891,-13.536958071573435,2.047445429909308,-3.9638970912921034,2.7459645904030356,-14.02483505206946,-4.522623430309926,292.4085369647572
96,12,5.473098614129748,-7.051520186288563,0.3150791626004865,-12.18818100917103,2.0183243920183305,-3.6696523773035405,2.6849130149605585,-13.877954845312892,-4.180613528803238,312.81889596588644
96,13,5.679415551045186,-6.414630584407167,0.7625746259105357,-13.933264778382581,2.078485145342611,-4.195486613464308,2.690091979602375,-11.9990299988815,-4.427035160811016,292.24228538195996
96,14,5.692997742024113,-7.033477837410984,-1.154419744943888,-13.713036563042827,1.8843558958490971,-3.6647204583156676,2.6143422506724763,-12.129020176938786,-4.3776617548341,291.10024109250935
96,15,5.759976246498571,-5.324686060973921,1.1786783134605117,-12.340520653074705,1.7124289957169034,-4.681863445419636,2.6706378748204083,-13.10060957236552,-4.3747844452039795,287.19864818631584
96,16,5.831883853337126,-6.116923951164275,0.062210886133875376,-11.995359376139374,1.777234374068458,-4.217695363586218,2.8274772982659786,-12.687138554065651,-4.366269796159023,335.5534592892481
96,17,5.722616093449019,-6.1033321266579,1.7020773249055665,-13.950500958392483,2.198127219249422,-3.831396872533885,2.7218817386791065,-14.73491051598635,-4.374032400669623,285.91041463032127
96,18,5.9062289824345715,-7.0201766810459585,0.8223254295130545,-12.708876045432639,2.9815682376866803,-4.6564354894397475,2.64814990652556,-12.147155151789665,-4.374389276558669,333.3596667172812
96,19,5.625177835736396,-5.467992211605273,3.012417936111738,-12.118827376444221,2.3634822129915194,-4.412295700366546,2.6902006069091304,-12.389223918043983,-4.194275703248211,307.3911582440692
96,20,5.964026432466532,-6.663239770177708,3.076231109134181,-12.15757556542556,2.1873251972693075,-4.751381974996457,2.780887329761142,-13.592322045348213,-4.425217946678225,302.44189153009756
96,21,5.65376913220334,-6.632910718717312,1.1642323966175394,-13.4433292390077,2.52679029083153,-3.762841872487957,2.830659836950677,-13.17474356436553,-4.41193925065406,302.54114805433977
96,22,5.679061909118405,-7.904271986751786,0.8722283391699492,-13.224354928360624,1.750837280438644,-3.5954327021224817,2.6678791950299985,-12.491024855993812,-4.501294428885689,292.7756323686994
96,23,5.545699933731275,-6.641666272423348,0.488422189535943,-12.177049816109488,1.324920640569402,-3.9574179036151462,2.569406790223566,-11.486845311893001,-4.309025477991842,310.22340063608794
96,24,5.8644716408193185,-7.344969730307115,-0.5464060555651917,-11.905744980881067,1.9035244897267993,-4.143428733620722,2.5775845420641272,-11.950854194645036,-4.467207574844083,294.25956047640506
96,25,5.642337799295981,-5.672267867278564,2.750766085992656,-13.279144785145926,2.1440332209518025,-4.3049101463004655,2.6872293881530034,-12.707343066323093,-4.311790418453763,295.50010061552695
96,26,5.673928255243124,-6.317822950980515,2.234902571029114,-14.423281754365151,3.042056002577649,-3.794935185089184,2.7346084085900446,-13.352156051050567,-4.285182188667021,355.5457200682325
96,27,5.807987705100159,-6.312490921437452,-0.9898420288806924,-11.376904772698696,1.3022819435028419,-4.476690287318089,2.679573774436853,-13.37700576966936,-4.422961244156742,307.1649677655781
96,28,5.73499304058449,-6.858713212108986,-2.1573925915592547,-11.343941537794667,1.8332527489865593,-4.711433372907772,2.727228199039062,-10.967681061586816,-4.444567816791753,286.3755086584484
96,29,5.809748147496275,-5.671255850680163,0.8780268255967334,-12.653241627126565,2.1152172298126612,-3.8483366451998577,2.8333621612979716,-13.771002120049516,-4.405183514593342,291.3056325442223
97,0,5.794994214115141,-5.543680787406925,0.813193042672659,-12.640117017198296,2.4013313004865706,-4.697965318764695,2.831583909567355,-13.180589805572463,-4.383636571123559,282.633047543733
97,1,5.682673688065558,-5.971445275910256,1.3691846239074055,-14.007356194785183,1.724468157907836,-3.9431247523951525,2.6710536677454746,-14.415852427515482,-4.468475881905925,290.74763050891573
97,2,5.803340137931051,-6.334654640247947,2.1054120505613128,-12.389595497181737,2.300726478244985,-4.5901318885069635,2.757335317903598,-13.327609751701376,-4.242449997357232,282.066581633576
97,3,5.491857896141046,-6.304357805427464,2.276794123387385,-13.370177225956672,1.8549249318450631,-3.565380130798078,2.7629839447043025,-13.56966863607015,-4.324370188285413,305.35317770203517
97,4,5.63880680747422,-8.599257698030172,-2.097057945902758,-12.03098488546677,2.188364482524605,-3.786564159081117,2.6206913595985064,-11.05970380404763,-4.452136264916203,307.94014086959965
97,5,5.832215386390732,-6.227530920673932,0.7653039148628418,-14.096766119080804,2.311550340068861,-3.7175246823587185,2.972195180218833,-13.60128044539783,-4.617524045583476,312.2080568711061
97,6,5.830174922078718,-6.542576832506492,0.0733876299741481,-13.598053510314905,2.65245130303103,-4.040385431082648,2.6990114783715047,-12.645274025715606,-4.417996030672457,304.2166742081468
97,7,5.953414193183071,-5.447642073466026,0.06348704511381842,-13.0395360830294,2.116063403325105,-4.297664708637163,2.7491991254671317,-14.062572886066887,-4.3999921338572765,300.172145981491
97,8,5.852987790521444,-6.08154619645893,0.5177073261087518,-12.800976089394265,1.853289376486792,-4.1967127403550695,2.6312477072794387,-13.105712668033963,-4.281750019211063,295.99507043505093
97,9,5.708120067149651,-5.7070861630038365,2.1889682420730145,-13.542744061437386,2.6062988789840498,-4.017427245934384,2.7457798844178654,-13.239458916131872,-4.239487147617771,305.137282377656
97,10,5.637680459632482,-6.850945763982704,-0.7359641523450174,-10.679845597083158,1.7479672009580982,-4.411822335900586,2.559583499880381,-12.623068060985219,-4.327583558933551,297.71719859236276
97,11,5.610680056733144,-5.279157985378215,1.596758887355926,-12.483768532637868,1.7862395696135356,-4.484558348951024,2.7729787219150883,-12.751996631465259,-4.349206652261638,294.4372747644985
97,12,5.788980775056837,-7.164542267686408,-0.3679525491129809,-13.681308136473406,1.7678257388782113,-3.6143337865424763,2.6553207688488745,-12.510147122744636,-4.39372323628238,287.3303486855127
97,13,5.636532253828954,-7.095807919132731,1.0416887401069272,-13.365034134930793,2.1523813658702955,-4.048261402953821,2.704885915126924,-12.889240872242167,-4.389376977172907,296.69644784773345
97,14,5.668723502339026,-5.522635444977128,0.8300368143075609,-12.965632891287655,1.7540259657116044,-4.151591948592583,2.784756476996248,-13.08381592465655,-4.443916935056398,293.7818230343395
97,15,5.906439762094226,-6.461712558700791,-1.1338157350842173,-12.430195261658842,2.5237670646550705,-4.25715211812829,2.763202096058893,-12.254851631663241,-4.235511544463833,283.46787254055573
97,16,5.796977835250455,-7.233962001422835,-0.1286590222893178,-12.80471033836812,1.8290008937245756,-3.8473411865268226,2.5955100986818134,-13.436950727139633,-4.352404941116409,288.07959979044256
97,17,5.90075085631299,-5.828355235833023,0.16459477252800167,-12.66549451090037,2.6398153004763363,-4.42987299998509,2.775034999282691,-12.709994965744936,-4.268667446556636,286.13010947097735
97,18,5.713415993809711,-7.370446720617461,0.22371992708425115,-12.312488043516847,1.59540708904532,-4.087838586860932,2.7411273299753427,-13.058425000752415,-4.271604470983399,305.9939939279668
97,19,5.716853417473836,-6.7595091621026,-0.11786046778705844,-12.257414416477515,1.2616860169101423,-4.2275547623572605,2.6356418496532434,-13.427674565746178,-4.550699556415479,294.7158884361585
97,20,5.84295590530244,-7.511027140443511,-1.093623877991246,-13.245732862880363,1.7336542074307706,-3.5114960020071035,2.7985137922190764,-12.8656727865155,-4.556187949888764,307.78663072083
97,21,5.693508290377484,-8.209773081842783,1.4398973024760928,-12.736744659727272,1.794277327957099,-3.777987222582976,2.620277624546186,-14.340751484535412,-4.373425077070463,289.5851261282605
97,22,5.60674627846442,-6.5213394354419165,-0.4593621220963152,-11.910280124264217,2.501371942732817,-4.400639645315905,2.753180658883696,-12.129677287143183,-4.347604882714161,312.96544954122754
97,23,5.658950771049491,-7.231456887412925,1.3069050518551175,-13.26882419545558,1.9667949007223215,-3.9024610145226286,2.676535281133648,-12.302571928753666,-4.281003294286771,289.7636007886332
97,24,5.703185242082426,-6.904725912768705,0.578454100320448,-11.780532052002464,2.05389487858766,-3.989373467806469,2.62576529309633,-11.53062090195859,-4.3074410066846935,289.6116531745473
97,25,5.7859121648056755,-5.1990106509672325,-1.2469913981538352,-12.343914396881464,1.5314754045835912,-4.555242771729469,2.7490795518995608,-11.789181009036954,-4.380281045248247,311.3032611685039
97,26,5.771003918394068,-6.16696099925411,-1.202402293835346,-11.479255680449691,1.6251090134863981,-4.563047470873501,2.670971719700828,-13.831813030020893,-4.412323060459591,289.6539265010405
97,27,5.7832710304151,-7.984020930664614,-2.660236808279034,-11.376056293392374,0.8517850045160447,-3.958719811441183,2.5400759173868663,-12.848438453036856,-4.486908203778979,299.285706129868
97,28,5.619857835729406,-6.57959588415829,1.2975043536509703,-13.526857289852765,2.1927001533134365,-3.8812887946429075,2.678405809500451,-14.387625841444047,-4.320424305329878,299.84111854947434
97,29,5.928749480585706,-6.585747473677239,0.2426721811083842,-13.206630186373571,2.6516644401620675,-3.6726271646358843,2.7721793664222765,-12.418200122454198,-4.372388888194526,291.58362007043695
98,0,5.652355780756245,-8.274776460607363,0.5278226415638999,-12.882577390377515,1.082972765445802,-3.73934507013245,2.647376648230805,-12.090624289531876,-4.338290206154708,305.87929622504294
98,1,5.716533053591291,-7.206719953156819,-0.24875324509412156,-12.157920635444109,1.5683269965274205,-3.6322857763868717,2.7118058192292067,-14.107966083514201,-4.38076227392987,293.6208225879401
98,2,5.673559534686915,-7.452248701798132,0.5422095862799154,-12.91336334277441,2.2738034570406582,-3.9160260824904474,2.662555924074804,-14.105871705629704,-4.334213123226457,297.632972435319
98,3,5.8358334896087225,-6.735221136240702,-0.3673154707823647,-11.058759684491584,1.6220822707019766,-4.27761550596747,2.6583359286583073,-12.934811373375764,-4.233627256855202,314.3347756007154
98,4,5.735923162629472,-6.491954998563596,0.7892012770543475,-12.511036739852848,1.600957231044676,-4.101979482200332,2.6262545172700205,-13.840044821059982,-4.2892068515659805,291.9524600454835
98,5,5.824828836993746,-6.130383858867061,0.8054660788767529,-12.14187243762145,2.6876871704079877,-4.676033608210496,2.7586718085190927,-14.120036436443858,-4.151987281415497,292.6636837376292
98,6,5.743600339472856,-4.889054540157511,0.833233202521555,-12.018861196583753,1.6156567867688305,-4.910884229212942,2.737585289362798,-12.22974914922028,-4.342280854230609,298.8170446398618
98,7,5.8681727582414895,-6.539575881911277,-1.3542919916078853,-12.23894724395525,2.2892452393005676,-3.8508577622058184,2.776010161055769,-12.071218981595063,-4.26535291055494,286.7145574479425
98,8,5.820828196197995,-6.495989656760093,0.06948983392536046,-13.312377006282288,1.8333218599813403,-3.956349925971658,2.8332986124198247,-13.368827291535041,-4.450113240324783,315.3263379211414
98,9,5.767047038789501,-7.3761592166256875,0.26546393483737163,-13.475213785560952,2.4029045745448974,-3.8403099396520664,2.637922821463934,-13.88234792303167,-4.464245937393135,300.86609464358014
98,10,5.758670127148143,-7.231805098032803,-3.442957541345387,-14.243142695278243,1.5589634260761802,-3.6183999437743326,2.678925793926191,-11.361667374750878,-4.4574561011822675,290.02854941619387
98,11,5.788350168798311,-6.6168745922111984,1.036410215760945,-11.88463363558421,2.690237677660295,-4.7003797041759805,2.7242901811447746,-13.262670539944164,-4.341833245415763,304.1204444611426
98,12,5.870103059767732,-7.068848590313403,-0.7169162299108334,-11.98990303111888,2.118079178718193,-4.718385150852128,2.6650501465064034,-11.928708698182522,-4.30956435030925,288.1026296204954
98,13,6.005685554557941,-5.51272968402197,0.1567375331651164,-13.35682300272877,2.40686419989531,-4.308835721838933,2.7671298815492276,-14.824647045108001,-4.416464541531385,296.11085879726386
98,14,5.776015584295301,-5.981379550566373,1.734174633634331,-12.98120818276252,2.3244396875824447,-4.375054945765914,2.8635900239644503,-12.428104531556272,-4.240409498588654,287.6800134785112
98,15,5.870860823413467,-5.149973437383203,1.4490231618535099,-12.42436451453344,2.5155461436639275,-4.539747563201426,2.7681227504168247,-12.048698053413474,-4.233133551086029,283.4349300961271
98,16,5.69814922239142,-6.475378470159239,1.2373268475033883,-12.56874674996778,1.982903095786432,-4.231536081093094,2.586556943928895,-12.27743014491044,-4.187480336307189,292.1561059768122
98,17,5.813660306512453,-6.20831329327704,2.4534651192732273,-13.420744493150558,3.411683715477946,-3.9309256101781354,2.7894208180925975,-13.036834786323416,-4.1838541226163635,387.6314048633733
98,18,5.759815397684801,-6.79577801605016,-0.7345343896163865,-12.21763990182234,2.318066957682617,-4.282722106630999,2.644377578057024,-12.522626830971808,-4.281901763860526,288.84671348583345
98,19,5.821896857027151,-5.821153283496493,0.6293952376445994,-12.33814810641647,2.646134383046114,-4.3486634806643085,2.763270405562859,-12.356801651438218,-4.251611643714473,290.8466232624856
98,20,5.851292016495847,-6.879697603869593,0.07202287018132636,-12.722847081663236,2.5018863684671278,-4.087572785225934,2.6731827665018004,-13.372213062953987,-4.379304327541812,294.07690512763673
98,21,5.9223286163647595,-7.164221768291993,-1.9319160886127251,-12.787896584707577,1.8976911095729219,-3.9580983773726968,2.6222388478437315,-11.69299713288885,-4.283439548122768,302.3688164503033
98,22,5.6185069326518615,-8.033922198500207,-0.6319792933823034,-11.80609614686584,1.805633054565506,-3.6801147558892886,2.7136344157207843,-12.472935064860023,-4.35502827584117,294.0581506916001
98,23,5.748822237780935,-6.155433456550028,1.446109625488545,-13.357124449146294,2.058270550927484,-4.038265889359012,2.6759366008445484,-12.972931857226804,-4.379740039864887,283.96291580264426
98,24,5.842538962318032,-7.154960174367501,1.133583435359105,-10.728382800060299,2.1959444578237552,-4.114129942434517,2.791710461155975,-12.78052371881663,-4.196362617152993,296.33777037193715
98,25,5.648971789529838,-5.663964083893809,-0.4676002030365092,-12.548776134194819,1.8509100520901614,-4.242112133832204,2.860896123956967,-13.859304044316213,-4.335840603489033,311.6956964212752
98,26,5.968669957762139,-6.007278308490141,0.5397614063245499,-12.691167661190908,2.5939232741795815,-4.636643536160312,2.8011119801218447,-13.525783602479065,-4.237761984680845,286.6009383595733
98,27,5.762016593764121,-6.243807167080378,-0.12923038928631148,-13.179665337331677,1.6282067413589598,-3.6616536349368456,2.6958895176407154,-13.78389029203537,-4.369970210054768,291.88420458252364
98,28,5.6893812167413405,-6.610878062415653,0.8034369025016643,-13.324669965558677,1.873545150559204,-4.034245582130894,2.6719240330916727,-13.147241486141455,-4.420603197553787,289.2565790185662
98,29,5.81120659433564,-6.47515502288804,0.055558482220603556,-10.553646393548327,2.162033625925913,-4.926633936591375,2.685115614209173,-13.67393655731294,-4.231072838628682,284.241914026363
99,0,6.058901410665838,-6.158491414026486,0.6424046259369327,-14.353128297863744,2.345879049452135,-3.6633456967649987,2.857226221051475,-14.020061156893242,-4.259976401267652,356.14340796959067
99,1,5.9825196389127555,-4.926395274105083,2.2850563581548418,-13.038266325984724,2.1113988680016966,-4.08436600853876,2.6211324210960605,-13.738331357257866,-4.07636937456186,326.4574755419869
99,2,5.704902730209454,-5.0972263701202944,3.46661841580115,-13.426028373247505,2.6359689880367663,-4.401684903034733,2.7708202824532644,-13.042800561624373,-4.131978946156247,333.83131982807026
99,3,5.841006451338851,-5.185141782327958,2.112290549532366,-12.936970686446733,2.5430325001441805,-4.8555081736417804,2.7766502681657537,-13.453759409397613,-4.2955675973078025,286.37606792800455
99,4,5.7221840447564505,-5.783151754506891,1.0895320501549206,-12.779907832035974,2.526833661260275,-4.724789931992606,2.732858369907647,-12.742653978719513,-4.2354075950388745,296.49934470294204
99,5,5.902378700991103,-6.235800051903139,2.2634208950773815,-12.02947526878364,2.9115798890827715,-4.7247821655905815,2.802854318655377,-12.95646791569035,-4.153367147510979,301.6145679356529
99,6,5.9119806844607785,-5.990640623507909,0.8134663933205313,-12.84858749776088,2.9045068814620074,-4.482296431382175,2.7293845276372504,-11.440332380653883,-4.27894708430691,308.4345312513039
99,7,5.892377480463457,-5.94085207151779,-1.5354256346906645,-12.46300547954526,2.293891383050068,-4.266917412943173,2.9123132196778605,-13.201799735638044,-4.347475784146001,323.4490071131301
99,8,5.807176633530258,-6.438920212521589,-1.6221885945698924,-12.35825699240776,1.5787721573991988,-4.325467887118223,2.727205750436688,-13.025276694270895,-4.360571109259669,308.4636819528255
99,9,5.750205264858913,-5.420338734143836,1.0267075466005744,-11.1018054669711,1.9454176270050059,-4.768907416264197,2.639873351803399,-12.281268914714277,-4.141225993233146,292.0929936838876
99,10,5.95214010034357,-7.697161468504912,-0.321646033864361,-11.902298692668015,2.045526229781589,-4.28215385026162,2.7033623866088874,-11.574906308206604,-4.325506821413356,302.6225132796663
99,11,5.859691199529758,-5.544192727116354,2.1868373653654394,-13.255700575172169,2.7509687735767407,-4.7765786832858,2.7564922758148582,-13.354606117242872,-4.266393628113845,299.8418310102
99,12,5.816842858589936,-5.915207356072457,2.372107302570005,-12.484299416781527,1.5916109340172433,-4.253055436773898,2.67212147761336,-13.453292237498358,-4.319450965242604,303.1029504841305
99,13,5.757809045160426,-6.619716754019793,1.0848261074981056,-12.793116712655646,1.8356489543739183,-4.397330362987327,2.597814011505107,-14.123898588299589,-4.315066714230882,286.77636142096736
99,14,5.690782876916623,-7.815093120864963,1.1183713819313073,-13.335543835622614,1.8518157908097599,-3.5095169021802244,2.8125592668007577,-10.779268719666378,-4.3583249518885845,296.0208871546636
99,15,5.989787552234338,-5.727496758196674,1.4115206705284067,-13.324261825124003,2.957583212810881,-4.2885672794233125,2.7933396671109647,-13.66085705194186,-4.269445967718341,299.97119694561576
99,16,5.781093711196209,-6.710623606839878,-1.5047576786743029,-12.129022618133016,1.8172702512917704,-4.573899939338333,2.644450982619288,-12.38225235535087,-4.417664088422709,286.25002551297007
99,17,5.870178121414224,-5.67310662639216,0.18037971492414495,-12.424194448822698,2.135773193549819,-4.037636303034337,2.7833348306344208,-14.580480991850578,-4.243217297921196,300.61597662559575
99,18,5.707289370772677,-6.886010249817938,-1.1388823670026003,-13.163836735588603,2.0964981138453234,-3.712918575676377,2.7013217861825587,-11.593757044063496,-4.364507702734629,287.1623756037179
99,19,6.064087502829524,-6.429053036143189,-1.791008457019395,-13.352055838317064,2.860261250459041,-3.556581460441646,2.9157833983973656,-12.47808959285909,-4.2657781761519455,292.4080536562918
99,20,5.916484979231904,-5.999452517442471,1.7009645593344362,-13.061979310751083,2.816225440815645,-4.728545120020463,2.7869824352348003,-13.520425403197992,-4.358933417221929,300.70478700198754
99,21,5.8258676847922155,-6.734317395195766,-0.8536783857305641,-12.262763536470818,1.5061566453722737,-3.958144578366015,2.595533500131306,-12.673492142303022,-4.407201658369181,296.2571702329135
99,22,5.8857204202212525,-6.182233792363149,1.3823729983839794,-12.521795405702816,2.979245054974288,-4.683453146880504,2.7480390214234696,-12.856879536784191,-4.229662753721368,316.39151408519166
99,23,5.658652653267393,-6.51497807703201,2.675500642530111,-13.853174549168331,1.5151549219973357,-4.0072345720460785,2.6228688102883537,-12.211271427818007,-4.3127409998842134,294.36271967230726
99,24,5.785921608815455,-6.655219542837473,-0.017914390425391002,-12.334512658982058,2.3506266410414844,-4.152513499974938,2.6937572183161675,-13.17164493274323,-4.330877178188802,285.79174023440436
99,25,5.775577498218101,-6.476723171413812,1.348330497021379,-12.592868699825182,2.7502256977834776,-4.424212626289086,2.726404840411078,-13.313520275413993,-4.25676688399039,308.3945133692515
99,26,5.703082532435621,-5.4106809067212644,0.8903132080095717,-11.939796000109403,2.251650584104947,-4.741567856922828,2.741260539317477,-11.129281926676606,-4.173524010497816,288.3260689103507
99,27,5.8585106172894665,-5.853149582030739,0.5295928884481069,-13.410760994230438,2.8884329751922837,-4.359231178893359,2.9281558710520432,-13.550493972572534,-4.300116989379,294.0977218771813
99,28,5.932154729825284,-6.396646384238737,1.5067143177504585,-11.434346425706252,2.9644119762157333,-5.158660550924159,2.6829456944006944,-11.540149975121963,-4.109282720549328,313.9935591498772
99,29,5.588632839924508,-5.352259046271498,0.400606027607028,-13.511201366323501,2.033171053555665,-3.915673467656897,2.688317526708625,-12.86312626473676,-4.172133883818652,300.5260299120695
100,0,5.753812049721305,-6.20975332363224,1.2776471130174536,-12.626110703197503,2.0641891087017847,-4.540480115884112,2.677463266868076,-12.57448528523646,-4.303914065777822,282.7907387331074
100,1,5.770411474000362,-7.360757873381625,0.7971465860486001,-13.07455966544504,2.215071812886069,-4.317824655032172,2.72091172300767,-13.476510180446901,-4.404508840921218,283.74063223194275
100,2,5.85299588801714,-5.758752144530181,-0.020424494499995255,-12.556663232550669,2.32265674598252,-4.676789746225832,2.6721214157672297,-13.188745686436524,-4.321969667345346,286.0283193865277
100,3,5.850991293070222,-6.584654095197177,-0.013099380233891483,-11.393439366462493,2.055908272125888,-4.5790449501622525,2.6883274569292626,-12.755438678210199,-4.336286337368462,287.7533037789905
100,4,5.702131389187173,-6.750524308291709,-0.30049889998645396,-12.58397143756927,1.7105429898175053,-3.9884507868352066,2.5452318627504598,-11.81978151460138,-4.239112088505605,293.9050628306304
100,5,5.839783726053677,-7.595994983742515,-0.515309363030661,-12.718383398309351,1.7819612104495655,-4.169760687364536,2.554464218712632,-12.065337128290228,-4.3257544362011915,294.4523263781416
100,6,5.798435925057632,-6.522284545743558,0.9708143455568499,-12.333617323573998,2.264668075742271,-4.640850419363635,2.7309451755986114,-12.956871691888495,-4.247937721903538,281.5745187233217
100,7,5.82146085842359,-6.4604483344585875,1.8855768105373725,-12.299899039240746,2.392438985890874,-3.841267674399497,2.672332712521034,-13.570952457732854,-4.215390403875634,286.9712336738628
100,8,5.879555027231334,-5.483891278657935,0.5122140831352232,-13.771594905393634,2.4806421732054598,-4.177350726762265,2.7483668633729317,-11.652884819818572,-4.271454234649893,283.7676653978691
100,9,5.637910190809021,-6.489013688954981,1.4797096164296013,-14.154523390267862,1.8792744796434837,-4.1241438970143,2.7879210398510326,-13.213113558819556,-4.455766828364166,292.2594626025799
100,10,5.761719509031657,-6.351696043261523,1.2806276568283586,-12.270283991114932,1.8545977181812368,-4.625668511752537,2.6248374444760447,-12.601719925946433,-4.302905925105345,285.98674920067504
100,11,5.768109975248705,-7.370985150551786,-1.3501607297248295,-13.112191087391198,1.9587706457221001,-3.8272020062479077,2.6220301328655804,-13.76532871695702,-4.467696922133385,288.5657732198441
100,12,5.683855142915493,-5.19728270546598,0.4205119056750898,-12.940283224783665,2.063975530899387,-4.6799627199942915,2.7549828643626295,-11.874581590331168,-4.331647119552488,286.7719835585549
100,13,5.862297820593155,-7.31096674199541,0.8965792843824157,-13.559085522019483,2.2375395830737688,-4.109303927740417,2.6598318698059513,-13.936113557832504,-4.4053533412937735,288.9473578268273
100,14,5.870566564674737,-5.933321123236505,0.6558737490128698,-13.56843778566274,2.5780852497431628,-4.209810195413056,2.733218816269078,-12.488227960654637,-4.30483066648901,288.91162206350486
100,15,5.921450157670988,-5.965291131442674,1.5276105268685778,-12.502054287956652,2.856050981515887,-4.804850515156949,2.8377229538941338,-13.01298959051806,-4.303812025307037,294.79411358394646
100,16,5.871692059918895,-7.602958439982823,0.20694368358371287,-12.8227251289019,2.2156125044676975,-4.26471791124027,2.613144570883638,-13.189128416868737,-4.2476279749727635,288.8589501562603
100,17,5.904335524583245,-5.839957006931985,2.54854428446665,-11.636922910005627,2.8639221766868643,-4.8180470555951915,2.7732484325959152,-13.06573398010604,-4.125634055322941,302.8539497998363
100,18,5.751481638666329,-4.196108943475898,3.6369014270072593,-12.589152417563524,2.086233632105671,-5.197340165648198,2.7848829626531444,-13.655875266972439,-4.272079685989235,298.6103035088761
100,19,5.6378753545758205,-7.2158206253174715,0.10157073319025234,-11.55380025904317,1.8077934628591183,-4.282747699431354,2.672126681088065,-12.28481977540857,-4.343117915369325,292.5663488771062
100,20,5.8363333027832,-6.3537557559108935,-0.17965736785450045,-12.448028565738628,1.9233711487593375,-4.252582127435073,2.728606474953302,-12.241326227607374,-4.306768410902643,295.87837477448875
100,21,5.849254850073142,-5.1619185588112995,0.8995079476218244,-12.571329000056167,2.6269548235775217,-4.848208693466881,2.828606192875462,-13.19785297841661,-4.443698673294556,292.3659512746197
100,22,5.649296149980138,-7.3695845968695375,0.05380581808593496,-12.692205773521165,1.4409491836434327,-3.7165395484388033,2.5626996002595392,-12.69021630304869,-4.377180725366116,297.78973114810793
100,23,5.766647564894842,-5.630781274440694,0.6955780517824091,-12.91076931826808,2.1008896865625935,-4.4404572644798455,2.788566761067873,-11.56417541089021,-4.234050931668554,288.80542459793855
100,24,5.809456480153098,-7.104887415488851,0.23423798600456022,-13.511941109624509,2.2680517197604853,-3.578695742176498,2.721226872923149,-13.402913639422744,-4.362002519903652,283.0371280332733
100,25,5.710175736173171,-6.060246088954295,1.2784496231521445,-12.889540968991545,2.2172157858956205,-4.359832698819292,2.6476197733630666,-13.344137119469666,-4.309164285945938,291.2306186581929
100,26,5.881969966923185,-5.856214428180545,1.4126257579647392,-13.044968654060764,2.77385639443404,-4.3200405637230945,2.8029920860929676,-12.966439030863864,-4.162533856725948,290.1007085846112
100,27,5.774775385656159,-6.183072396486669,1.3386466100798022,-12.929356474631687,1.805201552406077,-4.593054094891644,2.605781619038703,-13.131530994011232,-4.295278511384484,287.9738578224266
100,28,5.782552975900553,-7.680621407105942,-1.7669582568352904,-12.099993118209605,2.2877645681274186,-3.439508813595567,2.7483328126232043,-11.900937256838153,-4.3185135968063015,281.49556912516493
100,29,5.813651983934237,-5.414930512404864,-1.5451725427147847,-12.619993297887884,1.9463047896107042,-4.250821166650783,2.693314276029442,-11.597444713448056,-4.359995705252352,286.713851944308
101,0,5.729386962680691,-7.154360702322123,1.33255137748821,-13.808825047901674,2.160010831375361,-3.7121782227257745,2.692173958760918,-12.65274018839233,-4.335844926117773,285.17607193158824
101,1,5.921247079224877,-7.87046898111881,-0.6967565700784955,-12.777441180325008,2.3986459845284935,-4.036712241810715,2.6944597162237773,-12.452985662190686,-4.33416737538687,287.8485462559722
101,2,5.777135120514204,-7.543099166224274,-0.14612768701923282,-12.84145549734723,2.2303603517219925,-3.8480348330788567,2.6704002921065157,-11.992275084396562,-4.287424271202384,283.68301806850934
101,3,5.78812029259076,-7.572867142713729,-2.4949926712622896,-12.362628685403122,2.516561393949152,-4.058948283596917,2.735216014135392,-12.854200519828694,-4.263977513130344,287.86533194771664
101,4,5.686775562649914,-5.767752963178712,2.246658067792667,-12.767301272227966,1.8027127429289886,-4.8172936341005625,2.6849124448469306,-12.203020436261856,-4.3005789905216645,288.5358461466227
101,5,5.724831509667359,-6.428620884448154,1.4972573646032126,-14.112196346418338,2.213501498131478,-3.837486756602881,2.711588296982595,-12.716202216335738,-4.385655076277546,287.15636816288975
101,6,5.844077863242401,-5.9509914619258595,0.3201695682578472,-13.397050817530861,2.7962907381687483,-4.2079836138806135,2.771398850332226,-12.859375663851536,-4.274012818758966,300.56653687197945
101,7,5.843195290576848,-6.090008890469177,0.4988657466157499,-12.870427357699322,2.6286079044091677,-3.898946266848718,2.8053346382395796,-11.686845406382151,-4.30653538750171,287.26741130767857
101,8,5.642374860735977,-7.360222194748317,0.7456838854164058,-12.321837095957083,2.218038329762782,-3.8752294660199347,2.763589488543653,-12.043954054181711,-4.288141216595983,292.08905184483956
101,9,5.738428640576378,-7.060185706431488,-0.15478071005880026,-12.795021179883596,2.5932692337215575,-3.876806228238974,2.7595173487839983,-13.26565993629847,-4.326026159823447,298.52183103490324
101,10,5.8602913534566285,-7.3406692756677225,0.7681335318256285,-12.277117894388372,2.3195988068299562,-4.204988817224559,2.718676252150411,-12.641003460054128,-4.376073728822403,285.5807546424312
101,11,5.808769878965583,-5.93005273968834,1.1535371154117724,-13.023213222409984,2.2105022971732495,-4.5212033331703765,2.703090177114266,-13.309545586514181,-4.379800276080096,283.66630116248734
101,12,5.808344223613408,-7.036629683721963,-0.2560785744438193,-13.063310393687168,2.6756019505378217,-3.775672664352871,2.826203497967387,-12.496887382112531,-4.333342651061428,291.3833921393036
101,13,5.8222789157943176,-7.478587763034062,-1.121084135808105,-12.674507774913916,2.278595477929302,-3.945366072863429,2.7269490169489075,-12.397608026370918,-4.445530994803422,286.3597321169939
101,14,5.844706714624482,-6.829499560907401,0.26424800317660846,-12.606374878031279,2.25525488161537,-3.900098085570677,2.6963954001197927,-12.065124066483277,-4.325993014519505,284.30212729523987
101,15,5.797708302434816,-6.746695311768813,0.5904907443918636,-14.417210211847756,2.0775256119905077,-3.6451345484763324,2.6385195241825845,-13.260731553332485,-4.443021615161599,287.65895349843476
101,16,5.762598347890848,-7.2430561745916355,-0.6283189567444915,-12.635536983255552,2.0279133045085005,-3.859276150405101,2.6780207854454656,-12.982715572588914,-4.337613805442387,283.036152633485
101,17,5.794806657804682,-6.445267555589517,-2.0656091457381267,-11.502196932267392,2.040257455814263,-4.229851593384534,2.6838484507822287,-11.687364484456742,-4.3048815303732795,283.7899490688882
101,18,5.854623245292164,-6.248898329737369,0.27525849108437794,-12.397850016438966,2.4342158258040265,-3.84190150919109,2.730448452296977,-13.166391928695209,-4.219126578718586,283.213622875757
101,19,5.855177812948272,-6.750501777502106,-0.9416027488433133,-12.65115830691245,2.4788015927841522,-4.154475857806581,2.764757341316717,-11.545657747576284,-4.290186929139646,283.298924695437
101,20,5.77853656588203,-5.719590312216946,0.3763894815711866,-12.12519890216683,2.2011507644407247,-4.381619191014053,2.7471212570234465,-10.813429837040275,-4.263428656685136,281.557718180801
101,21,5.820479404429687,-5.941827438515635,-0.1401606720043371,-13.40180607901436,2.3667704408548818,-4.321864679700015,2.7068124027566705,-12.771280157856364,-4.31211440066166,284.15678176833546
101,22,5.8583739567823825,-7.27905085487358,0.17265795931887717,-13.649397847042783,2.542927345874252,-3.8227922868973114,2.70651282919611,-13.050104052835271,-4.273239981956456,288.4490728243204
101,23,5.791071163124844,-6.192056565159508,0.8206337301710037,-12.885903075281385,2.5356211904309585,-4.158305941892248,2.8020674787413196,-13.343425307289406,-4.328540506338533,285.7587865940793
101,24,5.852099196839143,-6.070122707999054,1.665553475332533,-13.1705258292354,2.172308949812974,-4.601250196828063,2.696418567863386,-12.61959352265368,-4.350822369186163,285.9468137075937
101,25,5.768517689537081,-5.459091378923524,-0.7861139731567719,-12.820194914596422,2.1094420175783664,-4.378156230357174,2.6943852072496437,-10.696150563351027,-4.294948554144821,282.2590798127044
101,26,5.874841527143451,-6.86707974989639,1.2466710649786605,-13.345682443361712,2.545383219804295,-4.03712858334393,2.7569197003806156,-12.30469568252638,-4.291944972315313,285.731976155708
101,27,5.807229163838049,-6.493624494744357,0.004876090805945393,-12.147279316058865,2.182652744799201,-4.685373768109632,2.7461448147776166,-12.949862081070458,-4.260288787901136,283.5743167966706
101,28,5.887773410410539,-6.85606839449444,1.1994022266264437,-13.873398524098913,2.2520698243137685,-4.191559529709815,2.7032820249743743,-12.514562589381237,-4.401630140695842,287.9469587459837
101,29,5.875135473525327,-6.7558433328166645,0.3748528658772778,-12.101278934996232,2.3673640729585994,-4.216514408707837,2.740953119734486,-12.169722410382498,-4.314756193186457,284.0460196517506
102,0,5.715585339346474,-7.2561343171595345,-0.8701429754278305,-12.710328986330051,1.8586736139191045,-3.880013944855833,2.6587561019353747,-11.640580526608336,-4.360679632301177,286.84274363352415
102,1,5.877231306915088,-6.168895501625457,-0.3179072656959832,-13.01018408641327,2.4184214348465036,-4.038265984137368,2.746976947455535,-12.23921819454401,-4.405532669063126,287.2136593204377
102,2,5.734941818070824,-5.974631071688143,-0.14776738512650642,-12.098466095313338,1.9675772217403564,-4.512068144087301,2.5479008481720786,-11.752087169985344,-4.330897800261139,290.9266455515394
102,3,5.828220365772528,-7.303445752309285,-0.858882082174244,-12.436545033418458,2.0499220577090234,-4.16530237402959,2.6705661145022637,-11.993025139804478,-4.348423320712089,285.75293477841046
102,4,5.877514469749348,-6.363318638588676,0.2822469574688383,-12.714167263807685,2.39576164414284,-3.7305255638596195,2.7046084520460747,-12.689859162111935,-4.250962831338289,284.437839612267
102,5,5.89204360975671,-7.159352643245396,-0.23626892286069456,-12.571127100838888,2.0390287334132147,-3.7850189145740516,2.6717361488679363,-12.909439152763607,-4.330209494020402,291.95306059490923
102,6,5.7684101507464085,-6.6586447764764785,-0.2620608814798633,-14.155746968205088,2.1769500701175577,-3.752610341934139,2.7196984406299824,-11.07344360463203,-4.38571126557754,282.8984243484194
102,7,5.85242002615493,-6.886380047028398,1.0181621843552502,-12.712730230881089,2.2449509192499417,-3.9750591721406723,2.7420091477883277,-12.481588800284607,-4.1762849438399385,289.26989507606334
102,8,5.913785471351962,-6.115013909682134,-0.2437485561022092,-12.330664693658687,2.4322165916720175,-4.475992191946068,2.6970658383901123,-12.142526420989324,-4.278303338841669,286.1941668365605
102,9,5.70353891113964,-5.839004099499754,0.12948655492977093,-12.782175873759387,2.2038358503549045,-4.109895259736421,2.7520466778954438,-12.332646866034944,-4.29148512189297,285.83520579340393
102,10,5.790850913336337,-5.685953655070435,-0.23367901203056263,-13.103967153022655,2.596918088595314,-4.2385297731816625,2.7827080345386173,-11.362496022500254,-4.273830605929981,288.7784881795116
102,11,5.900185881226302,-4.747774549247445,0.6969791154880083,-12.580174385865368,2.578819098693463,-4.755666806546456,2.7618700774774267,-12.38442429717745,-4.315747715395556,286.721686127697
102,12,5.775357760208087,-5.522663666886958,-0.4567306490696724,-13.477168078101593,2.0956090706425665,-3.920630007132326,2.700159532375612,-13.443741898590027,-4.37371084763496,282.6083799230417
102,13,5.86774045193971,-6.232508558578554,0.3943478339207369,-12.10332077974665,2.2691031928005523,-4.609221345604866,2.7580305207892795,-12.188996243744732,-4.265123675433987,286.31185447947973
102,14,5.840452728830177,-6.648137257428535,-1.0207403882238204,-12.752646360713621,2.049003120998603,-4.090981484402915,2.672083839945202,-12.184353730707025,-4.348258562309174,286.7316118617203
102,15,5.716004310469364,-4.908022679722217,1.8095636652187708,-12.183417708305495,2.5425854016109417,-4.981738712801695,2.7411937782163918,-13.179082337934945,-4.129750649716112,299.7878646727153
102,16,5.915056574408033,-7.0246490303187015,0.24243563526159925,-12.312526921949871,2.339091733135946,-4.176908980393563,2.71362662395379,-11.476981855106168,-4.370375671330559,287.80563555469155
102,17,5.755632259305044,-6.826036047596231,-0.9681215357416396,-12.242599340885304,1.94172209027619,-4.130668695944363,2.6879441647113715,-11.595636332578092,-4.337894912750996,283.7794897917372
102,18,5.83315386449666,-6.45805166048336,-0.7671838297383335,-12.646781334771456,2.6687505476912112,-4.031321934284316,2.7790457291779385,-11.594647998438967,-4.385119722380857,296.0020033673986
102,19,5.849384569401116,-5.845956421869346,0.700345738613241,-13.163277680174856,2.7148215488045557,-4.159629801472834,2.772498319854269,-12.323737034365491,-4.258575797111037,293.14910165044887
102,20,5.762441114581425,-7.257646753670064,-0.49230955499213624,-12.08386168097974,2.2724192259597626,-4.058847346336042,2.701682367904,-13.41878994686113,-4.311198089277871,283.9203401735815
102,21,5.872282881938309,-6.54417094804832,2.0735635298972537,-13.65725545902732,2.5477631557665994,-4.012046478148233,2.807016356002121,-13.816206999857751,-4.367724755334221,286.9059294124199
102,22,5.8686611441558085,-6.242816157638676,-2.8147092210826363,-12.49649410865489,2.293650065077297,-4.309311800138038,2.7557341346274424,-12.051604267534879,-4.282048528476155,285.0149441353508
102,23,5.879165718379842,-6.577689925947702,-0.3673782058913981,-12.139042902680346,2.0994574106153707,-4.2672009454041,2.695940647462995,-12.037340000093746,-4.294711401190181,290.30307511214176
102,24,5.6541850314915205,-6.9137434599645005,-1.6791214470833722,-11.775283564743823,1.1446338744388362,-4.002930084809864,2.5289504742126496,-10.142164627047544,-4.270914656925063,305.73074850536295
102,25,5.767360462984708,-5.893196687179918,1.3986236670219134,-13.475034654589955,2.628814097163259,-4.318291804784276,2.754817978751639,-11.712294494386407,-4.155443350231212,295.59907755378515
102,26,5.893526796472002,-5.722249494943111,0.4836946625971239,-12.65865091183847,2.9447364920319066,-4.482625564700949,2.8224101955876737,-12.35257910059358,-4.27701250747446,303.9192944746832
102,27,5.839826510740733,-6.140066853031212,1.0723021134166724,-13.61704233558286,2.474241223988848,-4.188800248095528,2.6391409242545607,-12.740879779379569,-4.3122507782701645,293.0560164564826
102,28,5.720008138342725,-6.738503665466627,-0.816924293034229,-11.990240587582798,1.5879165699737388,-4.031163971692053,2.661837172823243,-12.1493084924797,-4.272812490885156,295.330867248805
102,29,5.778168892072813,-7.2058348136228005,-2.1348612997370537,-12.323929664079795,2.2623613764378643,-3.836547977804272,2.6716548302632726,-11.940004232048553,-4.3280357932645055,285.085803279568
103,0,5.7216214224565904,-5.912310140846839,0.3577881560050604,-14.01752953255697,2.09479409702497,-3.740631638386526,2.6702239823190883,-13.283599351740387,-4.378036169517685,287.46546114295245
103,1,5.807134091856781,-6.144174393221799,-0.02698665492309238,-12.960071746110296,2.1260229081214073,-4.052874094187378,2.7383594382954115,-12.568450448312015,-4.3852613167936205,283.1249265466541
103,2,5.7340802634943735,-6.69813759340095,-1.154766583811476,-12.402784522686577,2.2656622140686515,-3.9293462538801585,2.713603159731432,-11.328213434355018,-4.34985140545832,286.8190453823811
103,3,5.82293619478327,-7.178290383346712,0.06768745681938404,-13.607684929696052,2.331896970992938,-3.729327941002813,2.744472696272272,-12.9600271733846,-4.325141614365218,282.3230021777102
103,4,5.859417748387856,-6.308864789299196,0.8944773379215603,-13.5564551690133,2.407818597687296,-3.5563617500320657,2.7391971320985378,-11.58210217422072,-4.333937492686888,284.49361628049894
103,5,5.74785354119338,-7.773184192251299,-1.545981160162003,-13.792822352644517,1.6618650321625374,-3.441033162490113,2.6816111553936572,-11.93879518061123,-4.391088579450489,288.5263419447275
103,6,5.705008325131297,-6.878807567233133,-1.978257544762102,-13.012720291377484,1.742754105182939,-3.675492705539638,2.7327689794264076,-11.515666099545284,-4.3830949997825,290.05030541465544
103,7,5.876456311426103,-5.925658704595551,-1.0435077681038032,-13.001125544696237,2.2667086156671794,-3.8481555934369642,2.6366273774259685,-12.488358044178325,-4.3178219051320745,288.0127993183936
103,8,5.77546378934566,-5.773952875848786,-0.8855792498318547,-13.90415781468176,2.138223760818511,-3.6428382453054673,2.750059022209086,-11.093022203492627,-4.426046465790261,282.8582057673278
103,9,5.876971746019671,-5.543356637014806,-1.543933951442814,-13.05611202335788,2.4519669065061773,-4.13835167361102,2.7159798655557377,-12.136872313795507,-4.325481835863614,286.1469437079501
103,10,5.695806939220263,-4.868769490838998,-0.1538956613434087,-13.486654932815295,1.8318651503210566,-3.9911716712162884,2.671661462512306,-13.129853989452638,-4.427377490171718,289.1075158706901
103,11,5.771028975161284,-7.33556808503433,-1.3038991169596592,-11.848202729256752,1.998639313993884,-4.151546550498237,2.696274088909798,-12.154722962700818,-4.349887240519533,283.0219033360589
103,12,5.792931485654188,-5.928945298282727,-0.9539469694195577,-12.766361721596441,2.199688250497256,-4.237956050796493,2.639259073114192,-12.388346289424637,-4.390097619416929,287.4138048670257
103,13,5.6905870435500585,-5.506113642032534,-0.7997664158623634,-13.300394916619815,2.089609991200975,-3.8748369629180655,2.683577457771471,-11.78309910996727,-4.375719972666076,290.02330175202303
103,14,5.842183993254614,-6.1705608006264665,0.5712359325846177,-14.01381113206207,2.2267591737969434,-4.039426325651243,2.666152299882162,-13.37428133619899,-4.4265423687556735,288.54502441105467
103,15,5.813295607534134,-6.187901261391228,-1.1551663875920632,-12.760372023169346,2.520559757122731,-4.252228411796803,2.769405466179368,-11.590730720629988,-4.286139746785554,284.79304219370454
103,16,5.799584850816544,-6.8493878076721195,-2.4092316020182034,-11.521412589169971,2.519473919611456,-4.097966716642006,2.6662609391129233,-11.440184612413487,-4.2662697238694705,292.8153976911485
103,17,5.750148654675168,-6.703069104087254,0.4394603445659879,-14.670846240005705,1.9742129839965104,-3.5840282042639537,2.7214075576998367,-13.520455659649583,-4.472445967561659,284.85615789267547
103,18,5.862512488677187,-6.735906119288053,-0.96693992005016,-12.295195581087341,2.4229895491626987,-4.319088027199743,2.816013493871906,-13.264523723541542,-4.351776432360795,284.2120888127212
103,19,5.816690201084959,-6.218748432186326,-2.0400511387572937,-11.603459552031662,2.5734105044160818,-3.8975044025211494,2.661020657179604,-11.227391360308879,-4.292565156448118,296.2824707791288
103,20,5.761190688740814,-5.595160530321757,-1.4517017468308193,-12.32276544205752,1.846058179184546,-4.799646373147521,2.6718596003414907,-11.724236599114802,-4.36721592514346,285.10045334993197
103,21,5.899854466029647,-5.3036251866876105,-0.6172741302614361,-12.456497804057534,2.317999073867014,-4.227100510419278,2.704943699438354,-12.433274228336566,-4.323513147952613,286.23779748934635
103,22,5.785496748351689,-6.356341667443821,-1.1266255241895924,-12.70090990264741,1.8912657354223186,-4.2940188543983115,2.654895007773557,-11.971026343050019,-4.359479482468246,285.28018204783586
103,23,5.984160986399837,-6.791577898982719,0.2865989328779657,-12.657168768668663,2.866936580339521,-4.315888557943947,2.7810047811935226,-12.326457843868182,-4.274154526829912,294.8046683728794
103,24,5.830087099849343,-6.741458826278417,-2.3763788021542913,-11.847556278838923,2.4547705404261735,-4.388015990424353,2.6541293106642643,-11.617604753203251,-4.238433079318934,288.46769764935016
103,25,5.708403981509608,-7.080992841546684,-1.4115881643235757,-12.914553494361368,1.9470741434707906,-4.039384541914651,2.693475120636337,-10.928258932399944,-4.3453296692535845,286.16098766426205
103,26,5.720509991969932,-8.28463307335787,-0.09145677082368653,-13.21304229994431,1.6993967926490823,-3.675217366130369,2.6653623309223726,-13.463776682233362,-4.412064485075676,287.9259476531708
103,27,5.679016693870662,-5.946042983158016,-1.0036307310660653,-12.029495674959819,1.8566433306560108,-4.38338050448,2.5702729854489155,-12.664632741996531,-4.375956097720452,294.739238464866
103,28,5.761598384096467,-6.511021135572217,-1.356754756242435,-13.39899448879017,2.278773853518977,-3.7630270588454455,2.700905994558059,-12.054198756832653,-4.3277935768569655,284.66642482051304
103,29,5.7597778608499475,-5.90543495855297,-0.542094378785908,-14.349907876195655,2.1116110578386245,-3.749543161153211,2.7840616284433812,-12.518825695453124,-4.410525383897218,282.96607208127693
104,0,5.772185703504322,-6.212641567208657,1.5980627449549671,-13.28023977023953,2.2846270316449053,-4.029177276673203,2.692331449042465,-13.95200211579954,-4.297114264524747,283.8586092483996
104,1,5.809438889868629,-5.797884685694978,-1.6774172193592798,-14.286282587305323,2.1200097528970465,-3.72287473284143,2.7681413172163363,-12.03245135138788,-4.4040176376002576,284.2985520902341
104,2,5.7167717647202085,-6.899051165652012,-1.0242790107567383,-13.999580842279796,2.262890134975278,-3.2102606895116943,2.7438580996412876,-13.264962862370037,-4.387944766803629,288.42319252072605
104,3,5.791657965359443,-6.854332518767241,-1.3574471191855233,-12.997458607050477,2.372698212140039,-3.917101950418126,2.7274096486262933,-10.90230026211919,-4.357343671746673,285.0364905173949
104,4,5.796194887881026,-7.67163755882072,-0.9350816105488727,-13.983505729099367,2.2989231160630763,-3.438709337009362,2.8146416996065144,-13.387157149645065,-4.417964257344846,283.1621814955047
104,5,5.739461951828795,-6.761687565105531,-1.1550560289355754,-13.201983952074084,2.4007089969687194,-3.8783436633667683,2.7479925911318803,-14.026938692113296,-4.41291347718458,291.64325839165866
104,6,5.68536437505934,-5.919006169124969,-1.2119943258174306,-13.680077007023629,2.1359699098791314,-3.754021829530836,2.743282540056213,-11.943751247774077,-4.372751023928305,288.4616666967005
104,7,5.71509771667924,-7.003759082952916,-1.8980347968866496,-12.695249422960362,2.4012921425481264,-3.54563779552771,2.782460541589561,-11.721981999680573,-4.301785338418882,288.6734925901865
104,8,5.811191422261956,-6.906809890743135,-0.3157607259130635,-12.756495980667381,2.1492689371319966,-3.935835381777716,2.6646419779915056,-12.997764854228974,-4.255692496846319,284.1488754523477
104,9,5.722896582398198,-5.547234412292448,0.08929547488155698,-12.243921363855758,2.251099156655867,-4.867281750139606,2.7512077776208463,-11.768824904460203,-4.307778963811443,284.6513933957847
104,10,5.762957509115981,-6.408186189510861,-0.05507672250254453,-13.794049975878105,2.0316555709380895,-3.939715342253307,2.69318303540514,-13.25249304340955,-4.5340229800159495,288.76405932841294
104,11,5.78178691331584,-6.030752998960029,0.6513299509112418,-13.190955194599574,2.3272260844932195,-4.113096717902485,2.7785846854094944,-12.175719978144143,-4.4021544816364955,283.0470123622272
104,12,5.73787433553482,-7.514431098615483,-0.692106998875152,-13.38806160295445,1.9029446829045118,-3.596878286102076,2.7422334554281487,-13.5229007464813,-4.436135319703939,285.29902115912455
104,13,5.8790945971178745,-6.354850554227228,-0.9632691853930391,-13.694703166514083,2.176967790574886,-4.09428042746874,2.7664663265875937,-12.25500817855671,-4.455447655449126,289.30086237036016
104,14,5.875650841682866,-5.950033272151675,-0.5894775484286313,-12.730007844629085,2.34839095089948,-4.417312993072355,2.6975401520562556,-12.56515253539947,-4.304756186183399,285.1142351136773
104,15,5.828520049261132,-7.0393659921920655,0.1371407816331589,-15.40035850159363,2.506464898454785,-3.1718634452461325,2.8224466081591544,-12.453513846925217,-4.534344123494128,293.54872588392277
104,16,5.825460624409101,-7.363340108337482,-2.8185275180695286,-12.193922449552014,2.1890663203119547,-4.185765539362392,2.752895517998505,-9.984590008122206,-4.363200992166493,283.63139923493236
104,17,5.839340716148944,-5.776643950755581,0.2800500345885695,-13.10711548012543,2.2789362982211627,-4.206128487958455,2.7306159681354036,-13.045018223037872,-4.392760105870144,284.57089058447093
104,18,5.7283810741398105,-6.3966111058356265,-1.6030830719355107,-14.567870983156581,2.18437207968076,-3.0974342584956336,2.7554454009915714,-11.70902213596904,-4.414399530238035,285.728852414216
104,19,5.855125979740493,-6.574571574611359,-1.191244657559352,-12.806167632124346,2.1493635481140565,-4.278246839565074,2.710087564372098,-11.617525944440557,-4.329091896815331,286.06074413055376
104,20,5.868076243969316,-5.894322214977618,0.876246233048593,-13.575809875856663,2.012520106966344,-4.119922629379511,2.743254107449419,-14.144486649776242,-4.471457023336647,291.47271445450065
104,21,5.661033258649206,-6.0980955062570406,-0.8485690811200006,-12.508179787646709,2.1071013128229232,-4.267956773282372,2.785158260253283,-11.128769904000084,-4.305178231635041,288.94533711221436
104,22,5.830825328176498,-7.720058888170205,-1.9593925556795913,-11.623483068450373,2.1191860139782426,-4.0681487154904845,2.7394976895448555,-13.050554096634581,-4.3742973106541365,285.09131150128957
104,23,5.876212100647835,-6.6446578928890165,-1.2637713362601501,-14.035609655021352,2.4826027533878734,-3.8514935047307874,2.83079261909957,-12.87218669955154,-4.442891353298019,287.7704319322139
104,24,5.800302374404427,-5.999321738754796,0.6285616788998889,-13.301968252529617,2.096157143581465,-4.181979881014473,2.8375981744965904,-12.810326104733685,-4.39793011665512,292.63973256868127
104,25,5.937954372337448,-7.999157117270268,-0.9668121537775791,-12.791756027106272,2.314409911262457,-3.6523829725180295,2.7241323414697605,-12.574915205636993,-4.329688868986905,289.06767032757955
104,26,5.709584457430764,-6.7561590864295775,-1.9807868485592526,-13.478412952121635,1.8273261548954043,-3.299509270964335,2.7378619916969424,-13.027340183068915,-4.551142950030481,290.78493470567025
104,27,5.647464582510705,-6.3725874218073475,-0.305889357576347,-12.453456661591552,2.1091626120246256,-4.332954381829659,2.7412906567036,-11.678504960741433,-4.270469462850158,290.5493750667705
104,28,5.801924514505846,-6.759569408054345,1.2516496232194134,-12.035303179736824,2.0144118263065196,-4.252727882393773,2.7637641206762478,-12.484779240340117,-4.353929883605627,287.0075860546036
104,29,5.811555320227317,-6.63497027399111,-0.04781066818047319,-12.279304921418651,2.198936480797456,-4.197820314458545,2.7113668271788223,-13.885487494962046,-4.347936125677499,282.7251028174071
105,0,5.823781996692377,-7.095076057421931,-0.985526282452792,-13.51447182708197,2.395156434499011,-3.7910829448763597,2.796056111991274,-14.785333888672813,-4.416421825364128,284.6169800640038
105,1,5.746986364465114,-7.911630219711251,-2.1169078770986802,-13.835781830519116,2.098892132643841,-3.28984961451376,2.7075145088344863,-12.610667289960338,-4.471870419409215,287.13647908042225
105,2,5.829628626570106,-6.67800108769753,-0.7804131761233375,-13.489361196602434,2.6265428262684773,-4.110381385116352,2.8388284022032404,-14.120745486875972,-4.365629613942848,288.0645510985696
105,3,5.806349265548924,-7.309621505546304,0.2276759652824621,-13.338823389928008,2.0146664721636367,-3.727193860281937,2.7076977391107944,-12.564102840204132,-4.434715636202345,284.88990628333806
105,4,5.769157503085199,-5.573181130421608,1.3006984167573301,-12.21008694406674,2.2316583186044423,-4.7656932881273235,2.8062002768855256,-12.429302496701762,-4.348768282544866,281.3833749533745
105,5,5.865592253780693,-6.542792933953413,-1.6417637115458072,-13.51370936768189,2.169296222357762,-4.058032811331525,2.7058503312278974,-13.782656941432302,-4.410438594662699,287.03943750435496
105,6,5.840984846823457,-7.019548387896069,-1.1714460459280622,-13.08446489267508,2.1191739435106767,-3.756709861491509,2.6618977273946482,-13.178533561306365,-4.366503354368802,286.22560462754393
105,7,5.778520097854874,-7.202383807170639,0.09291706471932198,-13.210650370054568,2.5080439138690003,-3.5741241715133834,2.832763908149469,-13.344678508471667,-4.3633055171218915,285.19748147813254
105,8,5.7665403950185485,-6.3043724642143095,-0.16003797981762125,-13.903210167183433,2.399883950221395,-3.8605170558779194,2.811040716135001,-13.701719783798353,-4.380678610184931,283.82414712915653
105,9,5.8582395133356275,-7.12678518132718,-0.992339908498616,-12.215754911544126,2.2542967941801852,-3.6604484192639246,2.7214788279184137,-12.57519381310758,-4.429433585769981,286.7413895245187
105,10,5.8996239676868925,-7.3701577646944605,0.5113096548507141,-12.846044615233097,2.5200556346656735,-4.1062581357790995,2.7668518965878146,-13.29267730279811,-4.389712994182585,288.1765130630831
105,11,5.7452899446682055,-6.958146381089773,-1.2427416248911387,-12.473561910596286,2.1770028871650817,-4.1680673059970355,2.7516659851629752,-12.041271910833446,-4.339047994002119,282.4020074163895
105,12,5.814143503207619,-7.519968969318931,-1.0751502536233661,-13.1256438512151,2.467396024097461,-3.54506629001995,2.808564210109572,-12.594952692606793,-4.329401632702841,282.7880699923914
105,13,5.742609574591973,-7.490255561105844,-1.209802839138121,-11.20079127094023,2.0931117908021477,-4.1468245166317805,2.658207682048945,-12.989681333445084,-4.24974803064257,284.8364575987648
105,14,5.804936543705751,-7.076579922845006,-1.336375189105568,-13.3589401597546,2.305566976474806,-3.5365412502893654,2.7007420020163195,-13.231012656579374,-4.351380243171101,284.3867898152063
105,15,5.714054611079457,-7.7420955683989225,-2.4766983620467258,-12.051963094448384,1.8978332661520323,-3.6426874571225483,2.7008633871501058,-11.509679461276463,-4.371739691865417,286.0964006200289
105,16,5.749736453654997,-6.5065855399177215,-1.1621146123191548,-12.602540915738228,1.8923074088544933,-4.049807176814836,2.658313436033806,-12.96920409488658,-4.270954112941567,286.07965646942864
105,17,5.866899794142953,-7.668950132034419,-0.18242352469562514,-12.953409769835186,2.332576789587963,-3.833530265002668,2.744991539639808,-12.233046213891653,-4.432151294871732,286.97650961380214
105,18,5.828887896915831,-7.154118548738756,0.48089241973835967,-12.182067980712766,2.238068188280889,-4.199417956729289,2.726411687233055,-13.856350211922521,-4.402877232034456,284.37343368171497
105,19,5.699214821172696,-7.875424071970186,-0.5856929362982926,-13.97853394715245,2.0810656784091446,-3.316980420347498,2.7548777607827746,-13.45467233443538,-4.42592016763654,287.54242931075413
105,20,5.844608836631454,-5.365995945252228,0.8777042705476659,-13.31003059330733,2.517981887728289,-4.144879227421363,2.828860710913341,-12.266385361735633,-4.421697165379613,286.8001736057962
105,21,5.8221551558450235,-6.772477099310188,0.1456340974274018,-14.130868411673104,2.106918354068717,-3.441692850395476,2.785196133083475,-13.307472659673117,-4.481198037557914,286.9696713110375
105,22,5.8221529183630585,-5.936926295150063,0.24004155713193592,-12.464406222450998,2.447134532739648,-4.502887828070711,2.718560831674847,-13.17159546092835,-4.355692282335907,287.4512892219291
105,23,5.742003235227196,-7.202435375249593,-0.5906809003696161,-13.09383585869896,1.903413953054541,-3.9417835164304913,2.754619884207664,-11.73364235519481,-4.438860148221735,285.6378513861423
105,24,5.940390509484558,-6.3320390508502085,0.32746143304654424,-13.526319608477312,2.609689732477369,-3.8008121810557203,2.7416336961546937,-12.186045375855658,-4.29893881030825,288.17117865244137
105,25,5.810731541383181,-6.471484716891693,0.10972781933153114,-13.27965920718525,2.153125467992771,-3.956982719577424,2.7220087153474744,-13.791034204453238,-4.358118878701653,282.80932948261506
105,26,5.7166943454249495,-7.408381668723441,-0.2319096791935205,-13.864158892484543,1.775365948049521,-3.778942346896722,2.7173652970679476,-13.744090384372,-4.443400464334159,287.62197859618686
105,27,5.711793603317645,-7.306586634496474,1.5858012548072749,-12.853244559098,2.065189073297235,-4.4368983290382005,2.722884706940211,-14.11986628527146,-4.295892293490508,284.3420912412007
105,28,5.748225060545052,-7.272652560131415,-0.20207273513147916,-12.827578956138948,2.058977119525901,-3.7525794490238127,2.7145904513023895,-12.969984127093806,-4.391750934402748,283.2676128059423
105,29,5.841450284023351,-6.883384429835795,-0.12138482939246398,-11.400488936550083,2.127530089842399,-4.367286216438348,2.7052689316963745,-12.298981966212457,-4.260597766811075,286.9843832358256
106,0,5.706614165922335,-6.5512235924768545,0.21126448845346163,-12.822026845046537,2.1114833979246,-4.157688766533713,2.7554210471923732,-12.68609878207214,-4.332797005388999,285.00186528803476
106,1,5.778376833684358,-7.42214688247218,-2.0359078090710687,-12.953525829768896,2.027572138746068,-3.9184563841150166,2.788517198416254,-11.984919302510836,-4.555856207164423,287.67433276310067
106,2,5.8032410055507055,-5.810316004562888,1.2059731955172104,-12.89001164206973,2.232760192024087,-4.393411076621022,2.747314338100378,-12.821612544256967,-4.279211368857003,281.64038039854574
106,3,5.783709017124677,-6.379970175656597,-1.1015582814634237,-12.2620780151176,2.335791484942382,-4.407553732984123,2.8011781973710406,-12.638735298562422,-4.345495450067468,281.5612893664796
106,4,5.787544292205571,-7.109551074138562,-0.10064876307169116,-12.682975640970861,2.242254705899727,-4.085175595875726,2.7570003713367575,-13.362770785235314,-4.348511738055052,281.31156099830696
106,5,5.820514972738552,-7.077671883873618,0.045110439432991103,-11.923681646170058,2.398458710720238,-4.378292069985469,2.7359498066362877,-12.046368795796775,-4.258128135888601,282.4169351977506
106,6,5.746730061564716,-7.681714114522709,0.4040999909607758,-12.593706617343624,2.3690607459546005,-4.2003667551636035,2.805892769187207,-13.157517561977478,-4.37923383577628,284.50679941440524
106,7,5.789897276476925,-6.8876164668914415,0.5995519220296538,-12.771268092550644,2.3391708234028115,-3.9520965509805026,2.7132597908237135,-13.553853967813533,-4.253226657975837,282.6330028953032
106,8,5.688933726441098,-6.818338203389718,0.22381676449654836,-12.763468156275257,2.110847312053935,-3.8284982966470142,2.792900733370288,-11.326811811038347,-4.28774329110445,287.3146916878719
106,9,5.791381007833945,-6.080827718389336,0.1570354470974653,-13.312359540692592,2.5204714866055182,-4.055019972438265,2.7879226121417933,-13.222662714428445,-4.316182121868449,285.5337292156012
106,10,5.802110806706273,-6.723336524877071,-0.19793675202374408,-13.74231963325207,2.1322710254241666,-4.019161125922501,2.722584853601592,-13.384662161449775,-4.415819524600161,283.50326687809434
106,11,5.7425786175239315,-6.558004258706287,-0.042429562502290866,-11.561704011432724,1.928151973831479,-4.566172618888364,2.743087879377704,-12.006933838080327,-4.3459228302729285,285.2940764773817
106,12,5.776267109516005,-6.813725427825008,0.1642888324760482,-13.012342542737,2.145507990277768,-3.908617217728286,2.7273803692340666,-13.528628997556915,-4.3715673846253615,281.88257174778465
106,13,5.775624631677507,-6.98149716177242,-0.43151644918666116,-13.109095000561616,2.3425034677412073,-4.083268111276222,2.7776494823856406,-13.275803013739054,-4.364966914121473,282.5771692941451
106,14,5.862674808030931,-6.464611022295919,1.340119585889996,-11.687761714159302,2.2456166281949703,-4.507835951903686,2.7495739524218124,-13.827804698732859,-4.265575717243934,286.3490367679793
106,15,5.769148193410241,-6.9107994555049075,0.333420466353873,-12.700910170065361,2.1506519851797927,-4.0883486244527,2.7394002567516362,-14.833405389272214,-4.370568637102121,281.6759617108312
106,16,5.794844133393359,-7.2078501742783665,-0.21484292147766498,-12.993328394536348,2.374232434550991,-3.5864121229062986,2.7493175827332537,-13.455098503237918,-4.338366885162127,283.1110355028079
106,17,5.764169857099515,-6.194606582047885,0.05563634412538741,-13.932580123636216,2.0966275139828086,-3.717086028068744,2.836421203710497,-13.792415589439813,-4.3775729412319055,289.1126078633888
106,18,5.6731307701372335,-7.197300108163006,0.30627439441817467,-13.040639110878052,2.078394068919701,-3.7406154078167337,2.761447423560336,-13.110880769919426,-4.343429364959335,287.7494500397496
106,19,5.803094468722177,-6.971166020991352,0.47181487355092744,-12.090313565870312,2.468517198927529,-4.143247907194431,2.821138511191805,-12.11813080040127,-4.289198696538487,281.9009303028538
106,20,5.755737508290431,-6.804907755539676,-0.2166205769871956,-13.507680916441869,2.117195406315558,-3.7655553937982185,2.7137657996544564,-14.766536568556036,-4.392084370747966,283.2425732959643
106,21,5.789680674599864,-7.172291562062013,0.4373059955265194,-13.35239884749446,2.2930660526961004,-3.7007525555195717,2.753984122013905,-13.946578216929666,-4.36281357370844,282.0024685468908
106,22,5.692569870127778,-7.478118258788994,0.20917868635789083,-13.625180835564818,1.9908415621781532,-3.533353833811024,2.744209904819418,-13.811283081879422,-4.362448022784744,286.51912834146907
106,23,5.792097232808396,-7.592344252988815,-1.869222006890565,-12.663331066502774,2.131738277356355,-3.8274815610250563,2.7312665777632987,-12.462573509604862,-4.3904238177506185,282.55184806124197
106,24,5.766152859028826,-5.098497618609404,1.168794879106213,-13.513872064812027,2.3023371129872956,-4.4662200031395844,2.7799114830192857,-13.092826817519073,-4.315247210820061,280.9411109780327
106,25,5.870431235480196,-6.830583795383059,-1.4259660112393249,-13.13459124090565,2.2470883132837343,-4.083250514190033,2.676721382693756,-12.602066715659388,-4.352751135296446,286.54947092281816
106,26,5.729455902056427,-6.466452863809654,1.1809756814552366,-13.211870038732473,2.2137894381673764,-4.381571405188397,2.795141674749505,-13.032010320580177,-4.3283568774443895,282.7923350211546
106,27,5.867398102749629,-6.387911895060843,1.6321854104868911,-12.548242802739805,2.3269109059266655,-4.599946735273654,2.6838664778791532,-15.138882436266105,-4.257255461907561,285.84254766579204
106,28,5.790976131276748,-5.504022638255835,0.6837493743330049,-13.645315356087433,2.4553904800782007,-4.4484913845074905,2.8886036204006333,-12.823660712751028,-4.314811621705083,284.9228476533394
106,29,5.817567065339239,-7.487875916105071,1.3691020945638854,-12.168106751625695,2.124380365249958,-4.590988979551289,2.769771972410132,-13.242391338733317,-4.491203970003494,286.0005230604253
107,0,5.677287123777388,-6.191125079920664,2.1062928348868764,-13.356668210971032,2.0486431450104856,-4.061861818699026,2.733554272104853,-14.009535406279065,-4.337520745739674,287.15526539001155
107,1,5.793884867391918,-7.21518021180207,0.5290523963980809,-13.280073031374174,2.300315259262752,-3.9215485669870107,2.7473460029182233,-12.89986566501807,-4.318369387119122,281.3461555158069
107,2,5.786988659199546,-5.546660054423347,0.6272620569058056,-12.900517436016685,2.211793720766093,-4.709416875926202,2.745297246990074,-13.048518488398337,-4.334080120292397,281.1301088447867
107,3,5.739970348390819,-6.65313478446976,0.6114327798856254,-11.80138670884431,2.068391322410815,-4.73242146448645,2.7952841113734945,-12.590680549110596,-4.267783332383089,287.9175235665758
107,4,5.752255533515231,-5.838577853200387,0.9614219263941078,-13.2187697279815,2.1314842040966413,-4.199651293677957,2.7255429233314254,-14.311474271834308,-4.313913519320436,281.6894667661362
107,5,5.806337754471803,-6.701189956418726,0.8759479157263136,-12.803854203829959,2.564293595277865,-4.191602384569783,2.829161851851783,-13.502972337590629,-4.306082598392673,284.3671369451374
107,6,5.7847764848396075,-6.4017544861243625,0.6146217881814207,-12.429995825350181,2.345055502428852,-4.2330602153349925,2.7942547616144546,-13.105251785832737,-4.245484015230551,281.37909598285677
107,7,5.778904078957593,-7.187788155178002,0.11845206348021531,-13.260540908316742,2.375664152787615,-3.688166427816716,2.7882660472867777,-13.041411776337549,-4.3221231065678625,281.75266311270883
107,8,5.77261836222123,-6.911166037316101,1.3478544233959342,-12.23777820746793,2.3096287779416507,-4.197778989837488,2.7806157211348084,-12.526237959844646,-4.332645839178089,280.9514225874149
107,9,5.8221217242433,-6.206363402056786,-1.523014892240886,-12.671172416134342,2.1782667331690195,-4.2902030220610134,2.7201863160363198,-11.357373261148016,-4.345009515170838,283.22559646351175
107,10,5.8248480148713195,-5.784305740293547,1.3564518178672778,-12.77095395058941,2.348378401465886,-4.809250880940809,2.7556027904992595,-12.560122427032088,-4.341921069467488,282.5767288466215
107,11,5.733085096294865,-5.222169953206175,0.848836014056309,-13.015584281321683,2.353180526217953,-4.660461695322629,2.7688410191034647,-14.179151467355634,-4.363960663281728,286.44325719673213
107,12,5.761319107330003,-6.287897557512272,0.30826245766088234,-12.672907491101192,2.0953135440349104,-4.411710546309278,2.654811721285546,-13.70745177699338,-4.290325621496454,283.64312443238686
107,13,5.74587705379551,-5.678088435403286,1.7284131084444159,-12.72146237360927,2.37893090249266,-4.459835877669304,2.816167983074206,-12.84881256136996,-4.332185125752183,282.79882632618126
107,14,5.7370919652788235,-6.480089637951501,0.01841148849900759,-12.78149916708478,2.3374756461637927,-4.490541865351087,2.8205370389930855,-13.26588480334409,-4.320090651595387,283.5471761569942
107,15,5.799315515201966,-6.353579406733528,0.946425900044932,-12.732327773075196,2.2678682480199366,-4.390665517010064,2.733387506927278,-14.025596650420542,-4.25165357867524,281.50576734535593
107,16,5.717795902155409,-6.132833505026082,0.5933586617571589,-12.890562303650121,2.1887422578613975,-4.4267107081518136,2.7821050591239374,-12.827182561774872,-4.357574389583238,284.21299130363786
107,17,5.832128577329474,-7.194144919723158,-1.3155140023794516,-12.336742490634215,2.3294234700300267,-4.089636150869262,2.7447567685058134,-12.957108127004618,-4.319609373535462,282.49515137137473
107,18,5.8282957884816495,-5.441106642270265,-1.694722331012548,-12.283585018345674,2.394852508431255,-4.357736925259335,2.7824676516544833,-11.543607669809356,-4.3071973351960695,281.98353245554864
107,19,5.794653363007911,-6.201802659189519,1.5215493726707816,-12.865167027181071,2.391083271261388,-4.566350863637343,2.7533358405839907,-13.255784755324298,-4.267243700504825,281.92050908093256
107,20,5.7405792620956575,-6.384334936370858,-1.0268299504449678,-13.249434171977017,2.1891408185742214,-3.923726250896608,2.75760603132557,-13.314079334511215,-4.377697124223221,283.36792409628157
107,21,5.7998504243179205,-5.765776937235287,0.6547592128853317,-12.72167877557745,2.1841476684670624,-4.483293749023814,2.757627489842009,-13.4667792964047,-4.266971562483361,283.1622354306646
107,22,5.912564105979224,-6.75553157270646,-0.05759552973198101,-13.133215178455867,2.2510524556221987,-3.96192595354028,2.6720475014747485,-13.958047952382593,-4.354273178086437,288.93305680441733
107,23,5.798332158586785,-6.4701479252807665,-0.2729525159379156,-13.754468018752554,2.2231911740812795,-4.022957002506344,2.796967786236036,-13.242158844968223,-4.403855436752015,282.8995822867727
107,24,5.832066475425172,-6.497721720826373,-0.9719469854303727,-12.927533039833195,2.523911543405512,-4.097574898830194,2.823250489436824,-11.913444677390046,-4.4084071991056515,286.61509839862515
107,25,5.725063440672976,-6.2560580621530635,0.5095738730532571,-12.75741656424751,2.0567639602432037,-4.2380475622507445,2.7172328964932544,-13.00892812091312,-4.3072995640127845,283.7979108422444
107,26,5.759516671759915,-6.298114006220019,-0.6411281149782602,-13.499594460762394,2.2974536669833836,-4.44788238560919,2.7927239222241242,-12.545022327924322,-4.447266702621791,284.98113889108555
107,27,5.77178721364038,-6.798058575550925,-1.1764197333216924,-11.168291389396668,2.057633913297919,-4.733411845617075,2.6827299526751944,-13.021198058015626,-4.283296375357225,283.01302005983223
107,28,5.816550126323084,-7.048384845131947,-0.35333378756574285,-12.250036618099452,2.505523394847126,-4.220483535915413,2.7394121204763677,-12.651395916962892,-4.2660577953761525,285.49044876743505
107,29,5.811195934988715,-5.835499503419936,-0.6368346626063349,-13.023074035164521,2.5448383251561415,-4.162530104770975,2.8246868880878453,-12.343588812605185,-4.320548474643498,284.1521220151718
108,0,5.7832011478518925,-6.799291850825782,0.9188040925094748,-12.909080170473075,2.2701408968787917,-3.960947427438226,2.779541995690412,-12.746936049354833,-4.310484624395207,280.76664490785043
108,1,5.815140142065241,-6.679894576718304,-1.1422169371931874,-12.668149979806694,2.0221091092090275,-4.514447644154862,2.743690346902875,-12.637338986370237,-4.37803557041427,286.4784067726355
108,2,5.83442190533087,-6.226291604489918,2.2946632925214523,-13.190212017652545,2.380315476701588,-4.408088517415029,2.7401482320094104,-13.21302561900719,-4.253700043585822,284.21455719304856
108,3,5.748645286156193,-6.863502091480173,0.43013904385854,-14.079564580500167,2.2209435870180867,-3.6914221058538095,2.7183740322759307,-13.570838399943966,-4.339983762744828,283.51290016372604
108,4,5.706225395389154,-5.643537841296806,2.4619328253895403,-13.910240381971503,2.17937767179119,-4.433981487223008,2.832823973911684,-13.581946285951624,-4.344696434059761,284.9763867223387
108,5,5.712064506600231,-6.662152812711014,2.024199608757002,-13.298475803063614,2.352613097162717,-3.8488371636183856,2.8099941894952125,-12.254839739421678,-4.28448106986091,285.77170531295457
108,6,5.776482478763888,-6.679832690259528,0.21479097757836063,-12.506305688551278,2.224796518260881,-4.480929158793132,2.788830458675113,-13.309936079963752,-4.3154390436303505,281.5539412239096
108,7,5.78376203963626,-6.844773327077808,1.5633567356879432,-12.69798176176809,2.301166459929097,-4.130083888826805,2.791823980306406,-13.47819682719405,-4.300848413496656,280.64899742704984
108,8,5.8678911625278145,-6.733849328026416,0.9854778334918783,-12.60071136983855,2.424340824888343,-4.474403713268297,2.75578947470939,-13.574236152401076,-4.3027044267091386,283.4953172071449
108,9,5.840744235547944,-7.181220394716822,0.12462398676955866,-12.83879018507865,2.216745800463274,-3.8175241026022126,2.6882605680141003,-13.481280811332768,-4.310220178646869,284.3077507853934
108,10,5.79286420020866,-6.176975121805865,1.8254638598673023,-14.162483446198362,2.2976483550032603,-4.177691557529781,2.738320878521604,-13.541321963685295,-4.3406567281864215,282.13820008860864
108,11,5.780803197851495,-7.320770494548519,1.1362753932786882,-13.074393841097725,2.3022933643014576,-4.2060053652514195,2.7967600904474343,-13.142179713290513,-4.354919165320198,281.0739150129067
108,12,5.760876625710921,-5.84355961531041,0.4038518467702942,-12.119446681533645,2.3566806895730212,-4.47019572183972,2.6703830382396996,-11.921326400657652,-4.20707511221479,287.42367182183705
108,13,5.7799261446381305,-6.867214546162671,0.004075630872177771,-12.900546497692842,2.0342266528862334,-4.380620569381856,2.7226803670563458,-14.12699467360922,-4.375159182109839,282.7238266446657
108,14,5.797089673035687,-6.176533749367026,-0.42243660232466673,-12.601521339530823,2.403253156916619,-4.423937463334113,2.7710424659535127,-14.269868235253417,-4.2756625387199785,281.6051171416058
108,15,5.837076217099917,-6.254460538465,2.0183274582165804,-11.97501380671654,2.4841169435652675,-4.501430586912314,2.8039254758286,-13.90891204119537,-4.237480946876147,282.89000677965157
108,16,5.789326441281961,-6.676889804135009,-0.17638779640037705,-13.024044747244297,2.376475472797507,-3.8910960314350294,2.7926037102056394,-12.493773098301752,-4.350180569901625,282.02785720806094
108,17,5.823880376673391,-6.5683295687859005,1.6726622824070487,-12.750958246325595,2.3912393164009957,-3.878993146797856,2.7964222740627616,-13.227764068390494,-4.264138428120453,281.8828493164135
108,18,5.793833848140202,-6.459839757920284,0.8425037476252557,-12.42565182606816,2.347847175535746,-4.798802033378285,2.755662309684176,-12.554620838889983,-4.226315059234639,281.4291266629672
108,19,5.745305206891049,-5.453831055879828,0.7056497521397671,-12.800752344420824,2.328234382002413,-4.463433985113714,2.8020562588140545,-13.710764600528545,-4.281741937805668,282.42177039784417
108,20,5.845411631334171,-6.490610119028569,0.03683947783793351,-11.878318811553283,2.333801112135088,-4.204112623112235,2.7441354455710973,-13.848888096399504,-4.3136390592193,282.8885862381584
108,21,5.738867072771648,-6.2286067022069345,1.1564918115265357,-13.086555970133018,2.1802259219105853,-3.997600416198366,2.7643687498307483,-13.44436825674151,-4.348173276604822,282.1343825534941
108,22,5.84434064207689,-6.841012314483633,1.3854598348399103,-12.751653591307269,2.1351804855583323,-4.486139447387066,2.720149212595826,-13.0149538793796,-4.325058234464015,285.8496066646044
108,23,5.784640709409637,-5.138758249617364,1.328856417442453,-13.591087789634438,2.4416842069834535,-4.660138519676166,2.7921364065762244,-13.374055424889217,-4.309056680648307,282.38500430333494
108,24,5.778161856298315,-7.376592874524678,-0.25851284143143827,-12.503008470218962,2.456844989048736,-4.161108620001072,2.773705809459353,-13.33587191784377,-4.314792823108355,284.4891871424759
108,25,5.763422465493744,-6.479099439960881,0.5947809514862405,-12.562084352612882,2.2593564409009597,-4.2947462363874775,2.743776990078118,-13.90447939476369,-4.279301609033931,281.37386611664874
108,26,5.768206745993613,-6.524581200895985,-0.5242286962132215,-12.03284864647143,2.341164261451568,-4.466721229388677,2.730485071478953,-13.07417965610816,-4.275395849050158,283.0217049217274
108,27,5.759233031273002,-6.728247134547397,1.0850172858263865,-12.80873945190614,2.2937847107647804,-4.308846706668942,2.815500765551731,-13.637644896262755,-4.3698413125270825,281.78487052448236
108,28,5.739494608830697,-6.662192668971635,1.573075360135171,-13.502967440148232,2.2274713264390837,-4.103747534032115,2.7680560883266345,-13.958741773123778,-4.303437052747291,281.82720954044134
108,29,5.838621098165509,-6.091852827809003,1.291525078847663,-12.40772526005802,2.4517264223294366,-4.23102924176148,2.809539197413611,-12.937763363447598,-4.282608963290242,282.2243036640261
109,0,5.815359475694125,-6.908819769170153,1.1813980698024666,-12.40559186604874,2.299949278589867,-4.245721376629724,2.8068451792956224,-12.38463802701613,-4.174324725531642,289.0561686262578
109,1,5.821694992921397,-6.89246058688295,-2.0223122233743593,-12.67474488172427,2.1115659311251056,-4.216651580183874,2.724777182347163,-12.010672867507099,-4.36457032353511,284.2130873869103
109,2,5.840522545960825,-6.461881918898586,2.295694434869452,-13.49157818968121,2.492602616497861,-4.000483102269599,2.832640557437525,-14.68933554295437,-4.357588685591098,284.606315548437
109,3,5.764935984169636,-5.723882089225155,0.3915063968307205,-12.514395210314278,2.5599507364781378,-4.570374976151652,2.877307420980498,-12.37859678327702,-4.272833960561407,285.24460633771787
109,4,5.744950012624447,-6.274578668873877,1.941662280747505,-11.600291570673548,2.195352606622952,-4.672186111859227,2.783028478679655,-13.812509507761124,-4.252608536060064,282.53112970522517
109,5,5.771991240639196,-7.064542929596216,0.3171754376906635,-12.435610972168481,2.0086646163636193,-4.3405088631485915,2.7332436692916935,-12.429859564970606,-4.369826927363346,282.95737915215165
109,6,5.801073391799452,-7.558875299555903,0.8012342713079361,-13.773494824127066,2.3023151874625043,-3.7678328196151147,2.7845044898245233,-13.553471946622277,-4.35344938411272,281.4484696769796
109,7,5.822324687728827,-7.572159478906597,2.413164510684421,-13.42609182292476,2.4668262349782997,-4.046038821401664,2.814222293450345,-13.243938012808863,-4.384204900069416,285.36500396991437
109,8,5.767794261860383,-6.86183545215126,0.30748242023014727,-11.929462987994844,2.330139913463243,-4.394694706562124,2.7943707390405947,-12.937986363710401,-4.270532101302654,281.35651670494065
109,9,5.7692701043728984,-7.662694529212265,1.7854328408146505,-13.178970293865733,2.0600161135896173,-3.9974136085605787,2.721717893399127,-13.601013692575446,-4.325768322620247,281.7727532119937
109,10,5.764523790949499,-7.18976910308089,1.5572012411145852,-12.678874206337168,2.2916533501819183,-3.9622658771769586,2.783555285770819,-13.434591529466477,-4.3324225046120795,280.90723192871144
109,11,5.811805583190806,-6.265687681342716,2.4533226592197517,-11.975638495746859,2.336766668747268,-4.600697803530446,2.751677739217087,-12.969750325854289,-4.250329561917374,283.4197018955158
109,12,5.718962638274982,-6.252373357732174,0.37528845353017604,-13.979407743768794,2.20516480855681,-3.9820827904537555,2.80683384797901,-13.478147210526954,-4.373787032346699,284.55444472705096
109,13,5.729063677948514,-6.497584972278703,0.7491298195186815,-13.554435480083841,2.0750494914830466,-4.146636259663973,2.7521317875762104,-14.36500273626365,-4.375516772627146,283.3268162611689
109,14,5.741316255656602,-7.207332416568117,0.2704034813510646,-12.191899728618674,1.8642018377116032,-4.229609707569886,2.7291126523055262,-12.41829635531524,-4.3352473962044655,286.5210220717029
109,15,5.83702275333474,-6.773453652540031,0.18874014824567042,-12.138450650598111,2.2437366179662073,-4.40645770484876,2.6997537138946477,-14.450885352099982,-4.205049912558739,285.0182100892559
109,16,5.803945129416583,-5.754222543329568,1.9741699997654736,-13.831745640947116,2.498816531466585,-4.174250662392597,2.837349946371236,-13.89565910858693,-4.308877463716207,282.64473683773383
109,17,5.821230114789347,-6.269424305206599,2.397037064416332,-13.025439468444429,2.711091514161567,-4.595207574829561,2.8220755384534804,-12.703979788293076,-4.213991960949492,293.59588275786456
109,18,5.811930652615227,-5.778696731059546,1.9397163494084544,-12.816217328807403,2.424784118641529,-4.663534746934142,2.772034343107812,-13.37451955436335,-4.262262036565489,282.19957222703613
109,19,5.8087293723645015,-6.929819302777509,0.4256956172895664,-12.289630913588056,2.1402049072394718,-4.067579629766266,2.7474807015300713,-13.301240728158948,-4.332352957565608,283.15920197085023
109,20,5.7435712865016715,-7.343980740253767,0.9261996784046759,-12.897926789431567,2.448588950549323,-3.887185573338327,2.861839471128196,-13.090283386530809,-4.2709140452911365,284.6398833710692
109,21,5.78554555437203,-7.344030375522888,-0.8111294974598238,-12.690802488998187,2.0257097182383057,-4.443335025869466,2.7248780816352065,-13.138405654265345,-4.383590014290451,283.2214547195372
109,22,5.728044762484696,-6.992094173273886,0.9292325184530945,-13.464119801748346,2.3051617494822163,-3.883993862380903,2.8067654373916895,-14.518623668282176,-4.360227470382362,284.21275809946394
109,23,5.775313917780984,-5.630648535747117,1.4674586199594797,-13.022955423304523,2.309000849562031,-4.434504161040665,2.8074462575381,-11.51130216963658,-4.263429868856758,281.4668944735422
109,24,5.800483016040976,-6.4119802145264835,0.8978464294068357,-12.21354165891824,2.3813754741506314,-4.320235125214739,2.7964305003928174,-12.747262770235972,-4.27448990137339,281.07399747730943
109,25,5.765334059338493,-7.37080602925691,0.058637439339872754,-12.613508252828142,2.279289189524926,-4.047602031759727,2.7511874362755577,-12.889064464344493,-4.251507761488231,281.56881841767404
109,26,5.732035610354879,-6.7132611245677545,0.696198041875798,-12.431388977741438,2.2939051104617194,-4.2670996331626965,2.801203963563271,-14.185333909569078,-4.374104891314645,284.1140914171193
109,27,5.804245849761408,-6.2725619502389,1.4667546599933472,-13.820663323277847,2.609153177541021,-3.6917311688720975,2.8273906790004526,-13.603197753110525,-4.332694251793403,287.6546510957557
109,28,5.769934741167839,-7.265419150479429,0.7864290579914804,-13.060873969443934,2.163636011307061,-4.096242697538541,2.740764184337662,-13.148525263474411,-4.337005850827941,281.14395050755246
109,29,5.769645291044868,-6.501700260743777,0.3944476559057126,-12.048813896302727,2.2130511784612743,-4.591885353561098,2.791252641018571,-12.637077707297411,-4.380743558845197,281.7044575820702
110,0,5.7608538871203105,-6.421465345384645,1.7152329813059273,-11.968452207951291,2.2048061329232573,-4.7034656097090135,2.8037400233770056,-13.656059913848676,-4.3085456236298825,281.76522477307174
110,1,5.817509099338823,-7.078773547836809,-0.07100443975968118,-12.746992998062806,2.367893224236932,-3.79210335810054,2.8478583712126655,-12.551450310022709,-4.33694391592157,284.2757976636139
110,2,5.754375955336176,-6.086935706157769,2.093355899864174,-12.565777743246649,2.406686357293424,-4.341086955124496,2.815435438483539,-14.28720666660799,-4.247757730492558,282.6251063904789
110,3,5.757927273660414,-7.649934365956941,1.3597226742367912,-13.356231415410168,2.367354475129707,-4.095075668014425,2.7739529443888125,-13.635748432217182,-4.347246760741455,283.48366655866755
110,4,5.772969195278798,-6.403172111976613,2.1583523612229296,-13.467748310577553,2.5728130646891527,-4.06216291930217,2.863387344962688,-12.641640263146794,-4.3027309788567525,285.46862032331035
110,5,5.7675918362417535,-7.101858948247247,0.6312782954027605,-13.648734212778672,2.157414606865963,-3.907038685692119,2.7363287635580567,-13.167033049726529,-4.331048424868591,281.2392280937445
110,6,5.680363647508131,-7.143904870855293,1.745944999861827,-12.275841524623656,2.0693036865010246,-4.187047079652954,2.751641683056997,-13.576790486524306,-4.26624564803747,287.0789671703468
110,7,5.78669740531689,-7.163560156927172,1.7107196355594287,-12.894293844317762,2.374968165851921,-3.7081210812920635,2.7697446198551767,-14.404894836115249,-4.285020425235959,281.38181935067576
110,8,5.758476601815595,-6.766848694446869,0.3519542046884703,-13.434691459187508,2.077508944573682,-3.8202513644241787,2.735355629188629,-12.814267443699027,-4.4036375588545305,282.53574368908437
110,9,5.794327992920793,-8.03880913847925,-0.08218645354235221,-12.568104543176831,2.1336109232861467,-3.783705050401177,2.7486667897366064,-13.043979788402476,-4.3157036429377795,282.5776029091231
110,10,5.781588291169455,-6.918692987087018,0.5731053499854174,-13.270548478596243,2.431181488033163,-3.9627333125145543,2.7912698321370017,-12.365771376571304,-4.336739249915888,283.0829500645761
110,11,5.768055333968441,-6.3556402704617465,0.9891897069225086,-12.197698613529434,2.1997569837919544,-4.4839769888238825,2.7241782858265333,-12.708203535387712,-4.296853124663493,281.2536616260869
110,12,5.72563242056665,-7.485913805520521,1.0843392142941708,-11.539755725739822,2.3403517621550973,-4.361274002783468,2.7940202008456083,-12.461447432656854,-4.313594873220631,284.613229173017
110,13,5.799728283734767,-7.5617013959786785,0.09515232604312018,-11.832466026188236,2.4269909183321023,-4.111538736535098,2.7804528029043416,-13.355522593586269,-4.318173830111951,282.4061819481646
110,14,5.7837590858823305,-6.096574549761297,0.5374384041327747,-13.853953133752725,2.385274482070726,-3.8928866354714353,2.7776184942691904,-11.843772333150861,-4.357186979441353,282.8785927409182
110,15,5.725259026625451,-7.125689495235739,2.778850346121677,-12.80755250472536,2.2363672630029,-4.483756979103451,2.7875939674860426,-12.829754381267401,-4.343788939895657,284.1276057824752
110,16,5.808902267277085,-6.612230454014909,0.31792678218700365,-12.471408210326993,2.13826140009687,-4.125454758464804,2.8182658493427075,-11.649888722503622,-4.355410144309695,289.209248054774
110,17,5.750386383088962,-7.522972775431887,1.416883883110074,-12.652595324964832,2.2100695600303983,-4.092769481448248,2.790467049573415,-14.41832407221866,-4.334024205723966,281.3039879875308
110,18,5.802726231685447,-6.343250592824797,1.1220601788879179,-12.304936729279792,2.3937404325382263,-4.68041087987638,2.786202402071904,-13.265973769611877,-4.2212803935005985,281.6000956539056
110,19,5.8126683187271455,-6.821760929651573,1.732969248399935,-11.929568690101954,2.4975965424932802,-4.1920435113672605,2.7929041458023236,-13.332307015783746,-4.24686968552561,282.7907594924519
110,20,5.8171809157006376,-6.733689550742806,0.14768260621787122,-12.751151943003752,2.403071179003141,-4.043281798453206,2.812274303208037,-12.986146416802764,-4.3170159335433205,281.9022202412859
110,21,5.8190803490495036,-7.07083298288515,1.9071587632155635,-12.331625882328144,2.3134929782578686,-4.376437705206885,2.735702051766757,-12.928899233371418,-4.266761444247671,282.40533309556434
110,22,5.771956642659073,-6.773162878123634,-0.18511443248798676,-13.48450343350154,2.2344819253374726,-3.7466759537721486,2.77100324689664,-12.577796398248442,-4.397711534068895,282.223548476858
110,23,5.720924894956642,-6.798489106312895,1.9792710549299675,-12.893860372133327,2.3754793843111432,-4.359976237621837,2.8007662379643246,-13.096849632893226,-4.275554221345539,285.438257099075
110,24,5.806770546243051,-6.064196994805749,1.3815210399334457,-12.265519275928053,2.39838736009394,-4.771805032346976,2.847010662110088,-12.046482884015255,-4.278876677034256,283.2536765922917
110,25,5.78532424244252,-7.483134642254361,0.20816422258483802,-12.419995106744741,2.2873348122669634,-3.9845627321421886,2.8082730340099618,-12.385703520306604,-4.332747657953651,281.56837312304054
110,26,5.736945396593041,-6.899487730259303,-0.20991443958116873,-12.711864154481008,1.9926481189548535,-3.952820428504266,2.7205727427843653,-12.853404257754999,-4.415172600102118,284.2351796642769
110,27,5.796922694672855,-6.302013403311763,1.6878158028009562,-12.393936347455826,2.48082923320799,-4.3983096492525355,2.853224504915728,-11.91619141899657,-4.276336946243036,282.3287971503531
110,28,5.775687602308709,-6.389522147774835,2.1465243055656575,-13.076252747254602,2.463262601991795,-4.26129850361613,2.8135918189061107,-13.611520295945725,-4.290833933543079,282.80694972165645
110,29,5.714767092480835,-6.919967626101455,0.7991390716940115,-12.77217606917743,1.8555638413878737,-3.764456669365884,2.758886514952523,-12.203378327611194,-4.394325896639867,287.44130168803565
111,0,5.80553100364535,-7.1407769444412015,0.5886650138488714,-12.679453085750712,2.265976784311807,-4.052780072932482,2.7592655386610567,-13.452648894763149,-4.348080268572635,281.61927218763014
111,1,5.782325526138756,-7.0869109482064525,1.185374815951056,-12.855457643144698,2.2024970966379533,-4.181045246421791,2.7666306892391073,-14.104018536314035,-4.330369722732281,280.9584581377874
111,2,5.7686063200276125,-7.048724526227889,1.0876184960659756,-13.729742056614395,2.192857964957369,-3.837487102668726,2.7673348047413535,-13.436486965647491,-4.381406122802929,281.3610829112312
111,3,5.814295079323251,-6.897878770024362,1.250507584715978,-12.933732075381593,2.3334179729842357,-4.415637592282973,2.7836771262252755,-12.674490953712969,-4.2719866815765615,281.601889958651
111,4,5.772473471447625,-7.1398869295200305,1.0325132468306577,-12.968229288112362,2.1681585025473984,-4.126298645506468,2.713384368826004,-13.717165432531878,-4.320206270777203,281.46912997018313
111,5,5.771280860813794,-6.91474511977859,1.809454143980402,-12.398929658620807,2.3039200035403673,-4.365594248331742,2.7886908106725117,-13.16997741365441,-4.258077031827678,280.97800022861776
111,6,5.786097023986468,-7.306891179960665,0.27710423624580505,-12.023248461439515,2.4266522845187115,-4.168188778649691,2.8058841358348436,-12.779184214413227,-4.299113243483609,281.72754626122446
111,7,5.768614645482292,-7.486582976071961,-0.5729447275685157,-11.930782320323605,2.2756231684641612,-3.8855025149955074,2.7502132459661714,-12.88832010848256,-4.278261727960788,281.37590685124786
111,8,5.792413507638878,-6.915468991364354,0.06784250844840345,-12.565634870122473,2.2885851261219408,-4.2539204461740825,2.780566210264198,-13.251436053276503,-4.313020254612199,281.06166645006977
111,9,5.812117623149639,-6.025435604526936,0.9976659301578631,-13.471773019044123,2.4021141108764357,-4.097208925263978,2.7830460201244493,-13.784494227336848,-4.330626764699643,282.0066924273364
111,10,5.772846997140254,-7.350235845292047,0.7642063027759096,-11.910610544275407,2.150202599352036,-4.458932384600797,2.7935223901265167,-13.999583852004331,-4.39664317735806,282.41752716105907
111,11,5.766379686301605,-5.908399768696604,1.9201239908426613,-12.874376905017314,2.2773724820830514,-4.587041758520488,2.78236872220306,-12.793878062953814,-4.284932847116935,280.6759287323962
111,12,5.780961942811175,-6.967298493251189,0.7426136045375449,-13.387937528996792,2.2223805633024534,-4.055425215687571,2.75643718996482,-13.492130861892287,-4.323222171770849,280.87387015944967
111,13,5.784435383293307,-6.648899835388232,1.0464577084394846,-12.864372759424533,2.371385252256826,-4.062515161630974,2.796656120576225,-12.420920061694181,-4.293340403592717,280.9277540143266
111,14,5.80637047782193,-7.000041359020952,-0.23282142389961102,-12.819438306528815,2.2900842158936388,-3.9903541007406154,2.757467392732708,-12.738361524138563,-4.3786780922710395,282.4980896501977
111,15,5.757571070235255,-7.244808561278301,1.372521570440395,-12.435622538412218,2.1807559035849504,-4.164111336802258,2.760276742481735,-13.356270742514672,-4.285666405018133,281.23662338789904
111,16,5.770521510792608,-6.966366625531855,-0.06008903212137484,-12.239884739771465,2.3429055757152377,-4.363879411368651,2.7805916027559427,-12.67984664509687,-4.281461733620331,281.3527898177026
111,17,5.785401552569349,-6.995655309829513,0.07225560522593866,-13.128902561114591,2.1809663327506192,-3.8919371541364445,2.7295377901678632,-12.748229345710007,-4.344881781401044,281.5412352497144
111,18,5.802974812021237,-6.479883253973996,1.0246643290989232,-12.842573052970904,2.327336468905629,-4.142218130621266,2.790405592327179,-12.926258708259514,-4.3028912401585195,281.1181312660615
111,19,5.780370771834206,-6.059960528934543,1.3401929423105603,-12.542682138382334,2.19514804078047,-4.438477211124503,2.7394662934062377,-14.064299648923122,-4.300307594583688,280.91880512214976
111,20,5.78206651922823,-7.589940101326253,0.7399469248895338,-12.149153094488994,2.2669108625644285,-4.123197644319708,2.758942898229872,-12.615609913442238,-4.3126870262448,280.8079424510012
111,21,5.825516018482262,-6.462223949753992,0.9028010940487186,-11.806817926323902,2.187262100903644,-4.378892182214171,2.702989127702863,-12.223982042051233,-4.269079722305774,283.7849348031167
111,22,5.7621273706466605,-6.066194634102073,2.655038097975152,-12.952416469738194,2.39079542034102,-4.3863291943733,2.849605465289518,-13.468002461972237,-4.295218195052134,282.9080761596546
111,23,5.805540798182087,-6.605367150622344,1.388902983069144,-12.40442679975975,2.258046176197023,-4.319888087017333,2.75010190586426,-12.479321474536127,-4.284342067936966,281.426399150999
111,24,5.774293995590533,-7.430552004620434,0.5958681286200848,-12.365610529530539,2.2155940437234793,-3.9623791272814053,2.7395033270875566,-12.62924324678053,-4.3155655669049855,281.0474319665775
111,25,5.787157209923455,-6.641671941946781,0.5019181874930501,-12.740359142262378,2.2074724357709274,-4.072526114263427,2.7715395898460624,-12.824121020939064,-4.352490302469926,281.3715659956482
111,26,5.801545224023465,-7.0955513526077425,0.2557199091198288,-13.741094300905312,2.2947853212892717,-3.7204277983455736,2.716555754902606,-13.085943948499727,-4.310992947363853,282.3194771248383
111,27,5.785922401235727,-6.2761540054569815,0.6325735301019633,-11.877121218714466,2.2994841273494555,-4.548690395326193,2.7602222440646225,-12.365241294484388,-4.288487446997667,280.8253693427923
111,28,5.734062182115778,-7.876114336405804,1.0453042083051565,-13.62661915908485,2.1802395284861884,-3.624927376002534,2.750444715627529,-13.616561868391877,-4.390515815766583,283.81283092384604
111,29,5.766761503719667,-7.278701404862135,1.5720806994167353,-13.11828424200546,2.390405057815052,-3.914348763591661,2.82849499546345,-13.323315023994535,-4.29366472277988,281.48082883189994
112,0,5.762188290110258,-6.95656774043952,0.8959060393455355,-12.254421822676418,2.086080156098887,-4.318350246067567,2.7236017760746796,-12.707086061753596,-4.296089534983038,281.9604431927237
112,1,5.785869286830111,-6.77113383584592,0.8720078904327401,-12.746378935066708,2.326056662658799,-4.295766095536474,2.771521001172425,-13.241194265145669,-4.30556754890848,280.86970248477644
112,2,5.790710667881269,-7.337329548539142,0.5211009185986827,-12.576636094943082,2.3469156013783183,-3.95790961293244,2.798584816882973,-12.937408311030618,-4.306199726460362,281.0133503556913
112,3,5.737111420357965,-6.387771067555268,2.4986513388690232,-13.395601865778685,2.195150339002839,-4.2792069094117515,2.78002276358086,-13.592524104216976,-4.292607219098884,282.19427434378133
112,4,5.806759123163203,-6.287292171717328,1.3743698628493792,-12.699182444303146,2.4776782730156026,-4.3432624858461875,2.8247213137655063,-12.65778128513786,-4.266070267118716,281.8355237766931
112,5,5.766457784818874,-6.095907140837439,1.3447837608848592,-12.549884256873183,2.2471334557829756,-4.338363741720239,2.783050085717521,-12.363296779359457,-4.2637222228465514,281.3563326986275
112,6,5.781879418262999,-6.677565165854715,0.6193543463255962,-12.725887660415848,2.1456931896065297,-4.1641381389268,2.738970433199171,-12.623007568815202,-4.332449336916453,281.40575965497925
112,7,5.808395916834027,-6.871617289503071,1.4019480711823007,-12.09425690916093,2.2880480750825263,-4.346227587610134,2.7403192944760266,-12.917068803362696,-4.285142117828341,281.4758446387099
112,8,5.784875889755198,-6.266744970222656,1.2678579040057192,-12.787523973866051,2.4301291153163684,-4.01747648922941,2.8079332638565995,-13.075660538187583,-4.266827685940056,281.42029715927663
112,9,5.762474062906849,-6.101578171955877,0.5969128700437821,-13.048942773351014,2.257050681317311,-4.303269007268805,2.7879314620048845,-12.572383462592123,-4.322116214487311,281.16349141778795
112,10,5.787978202427599,-7.00060185236951,1.7318864556714617,-12.575391694413833,2.3257416993127933,-4.480218773023548,2.7634960199339185,-13.677256485376036,-4.255337539424156,280.97207964540235
112,11,5.776456828675486,-7.258996788550403,0.15982875195618496,-12.91433938348424,2.135990704558987,-4.302063602771476,2.7584215788685076,-13.362353819822001,-4.352405211363412,281.7079556985124
112,12,5.806040283023726,-7.220289276839904,0.035377975151440255,-12.726369697788243,2.2193651230106557,-4.132606187099548,2.741213314621084,-13.266305830181164,-4.313321296571775,281.75572527046353
112,13,5.759812051453234,-6.728751518699818,1.4132655722535197,-12.419233897442028,2.1398246480196326,-4.136566159113693,2.7461206532507854,-13.586315784721073,-4.2855424328492315,281.4530870811846
112,14,5.7582735641299205,-6.7833262565552035,1.1677761558995468,-12.674793688031672,2.238139663410561,-4.044340412038744,2.766345028597777,-13.841337157787205,-4.30617206990035,280.98350202504605
112,15,5.773265852223724,-6.210371530491206,2.048179151719912,-12.496840767928877,2.300031377510667,-4.799701310866359,2.7488696306682137,-13.983535043619844,-4.267292509291981,281.35400533693974
112,16,5.744638594548298,-6.795636147673488,0.8707481000080726,-12.928092465922331,2.2441703904739123,-4.1073138309384944,2.75895759536545,-12.702431304591851,-4.301035941647962,282.0284661022842
112,17,5.758946659324247,-6.630408285532355,0.1173049097821075,-12.49795171793146,2.138101322513678,-4.413216201494254,2.769920177342636,-12.570859082356517,-4.339536514548288,281.89879220066456
112,18,5.7818807165087485,-6.581286863525536,1.04518081077319,-11.984197853222113,2.266937441726863,-4.532260169334215,2.769341732207395,-12.471367407732838,-4.283730701968424,280.7655366589678
112,19,5.799177525597647,-5.836446366168759,1.067282637313252,-13.136232699582752,2.2518673195003243,-4.3020852225853305,2.7370404118167913,-12.483549900184448,-4.233154616090087,281.9959978906092
112,20,5.76337743973322,-6.318623253847897,1.2432298213892783,-12.722213690663779,2.2286003708393087,-4.374603118780455,2.726972239590779,-13.71710728745561,-4.27623903907915,281.415449022031
112,21,5.81085080264437,-6.990212502189619,2.215390552288218,-12.089301962415508,2.340307834821025,-4.7390032155064645,2.741835356320322,-13.683125114820925,-4.253349616790033,282.7650224365701
112,22,5.790822616307734,-6.367484841533878,2.1368869239202226e-05,-12.238698551818183,2.2493887828328694,-4.4525266485981225,2.7432739007797866,-12.436196913800272,-4.269617040894608,281.24021337366804
112,23,5.783360058587704,-7.40891109116438,0.8392440836853754,-12.820377133386414,2.297894772823629,-3.9012294840799417,2.7722923117537284,-13.114774807980352,-4.328395548603196,280.91672859961966
112,24,5.773153703888148,-6.466267856212185,1.2244760370397034,-12.638866939925002,2.3197319003840575,-4.354687537874089,2.774985319357135,-13.123803165633197,-4.305896790510584,280.8773852785472
112,25,5.772883781000062,-6.408503718924837,1.1996073053557228,-12.515269691516696,2.186224988145945,-4.520906043309191,2.7431280089748857,-12.800448231719942,-4.313593479701186,280.86203198752355
112,26,5.792205576639728,-7.158394666128674,1.1569531680178697,-12.856455217047142,2.301208334719745,-4.140987874775906,2.754521164600028,-13.596565193515204,-4.274349076072901,280.87236688080765
112,27,5.779271431986116,-7.21407961520766,1.4671080523985918,-13.070309355266524,2.2662983275435282,-4.105501710291446,2.7685460337843697,-12.577488715637294,-4.286324656332564,280.6096640293532
112,28,5.776676228168523,-6.7679247776797595,1.1203885946903742,-13.405232843188035,2.0730604875585597,-3.988858017838251,2.736919403595037,-14.00636269246017,-4.391325014583135,282.06546728269916
112,29,5.784824185413033,-6.40328288054118,0.16003766288384969,-12.943368762459423,2.3062185654826712,-4.168917029484364,2.7499634802275987,-11.763904610352968,-4.266191707160164,281.0991273626334
113,0,5.779261569570979,-6.719736758874767,1.568591535057052,-12.731779571725195,2.273508880503782,-4.427420146516739,2.7888409143827544,-12.793938802492084,-4.28942077645578,280.79914217206306
113,1,5.7760199151718306,-6.723793401396952,1.070098439270863,-12.362652771411287,2.208403094908566,-4.37694972874762,2.769200912735739,-12.99453518676538,-4.334769307013662,280.8673720469121
113,2,5.789226199256771,-6.776883837474673,0.5148073616126543,-13.056113334511874,2.278338590839369,-4.288764540087218,2.757196280047786,-12.542583952484323,-4.2996512713288695,280.87136683676874
113,3,5.769643023690745,-7.310524055510732,0.38454482957718206,-12.674868332156656,2.205605209421163,-4.064850573225102,2.751216500868476,-12.91301792565473,-4.307066074609381,281.0284707115536
113,4,5.774295994551026,-6.547673698611683,1.7991082624259742,-12.75947236142076,2.3214432838712495,-4.280504194156777,2.7691747292080766,-13.397650746895389,-4.247764056076592,281.0624440153389
113,5,5.794279172593913,-6.453392793089619,1.078577276835958,-12.844661731299675,2.387035840819288,-4.301569038390831,2.7979140672679823,-13.349852349683358,-4.296210876250563,281.0165207207429
113,6,5.783447367578064,-6.70162662677436,0.970578059241937,-12.765125602068549,2.351406240424894,-4.283925960488712,2.798352495648878,-13.276146171189145,-4.309316987236008,280.8942406104609
113,7,5.794327208330381,-6.803352929055548,1.3744218963077277,-12.452362460957858,2.303117134518693,-4.127381522555484,2.749521243179383,-12.518771917502468,-4.274273796258994,280.97895334308555
113,8,5.797187519748828,-6.652598319321109,1.0850847610932823,-12.323025332692348,2.26126416807235,-4.47597107538331,2.764993868233451,-12.748225697903331,-4.2750602917742615,281.2916075488373
113,9,5.793394576226283,-6.381002155771368,0.5594827865209723,-12.495255270344643,2.2805396524838644,-4.347167717800045,2.7565041499468457,-11.713867075298989,-4.2942760736731,280.92144457138835
113,10,5.761903982432176,-6.585834524870345,1.3288253704921311,-12.643063585819334,2.1143872136968946,-4.3087375109489745,2.741715110942806,-12.985352079608893,-4.32355371385299,281.27928409984645
113,11,5.77975218487877,-7.302931911462778,0.9350021906001644,-12.719936418394846,2.2710919385512764,-4.030371596648681,2.7753710553612807,-13.376310882618528,-4.334921979842136,280.8241556575275
113,12,5.795790805816011,-7.112382698541732,0.705668180840802,-12.968570767219973,2.329837838105807,-4.193048466443692,2.764994539394095,-12.403250873344733,-4.310497775691685,281.08920248775667
113,13,5.795060820866341,-7.166367460989504,1.9026479787561539,-12.224538805346176,2.372412119535675,-4.28740449746181,2.784554788330566,-13.92901724224148,-4.252068906716975,281.2014670407063
113,14,5.786668933005479,-7.217861098637408,0.7283208844038442,-12.799895259547391,2.2829302666857534,-4.136407472114587,2.7704995046483223,-13.277367481119565,-4.3381669936950855,281.00181595869986
113,15,5.788269700583947,-6.481795165948377,1.2738254812902503,-12.92476854766018,2.1970356673648888,-4.400403680303472,2.7750091091914095,-13.115248697479252,-4.332599156113005,281.4051977371886
113,16,5.779105694978649,-6.964070963320737,2.1564606720069373,-12.941563661972285,2.3113593797926275,-4.304377869089657,2.786240589312648,-14.067250600431777,-4.272105786397986,280.9451684185776
113,17,5.808867436066487,-6.623140704040671,0.36295145846604504,-12.9507513561559,2.3204458530050744,-4.333827201861237,2.7431256685026466,-12.225848599083644,-4.2719347187255075,281.43449222148433
113,18,5.801590223494097,-7.145145744832922,0.9634597838486788,-11.945682805001521,2.3040350414263835,-4.446665151311586,2.747412959597238,-12.492258140742662,-4.261339912149592,281.2089757549597
113,19,5.774082987116455,-7.335166979407023,1.7226988405885542,-12.473776631842027,2.3287845355390457,-4.2883331775851525,2.786650439517685,-12.974026086770888,-4.293281014305281,280.6667579049555
113,20,5.780688296714869,-7.072535686196313,1.3550648890010246,-12.555992065408825,2.1536359403127325,-4.267949803735351,2.73789108246712,-13.052971931280917,-4.3048240387283405,281.2479742926295
113,21,5.792849511887542,-6.463411815688716,0.43952653530809094,-12.444545386453392,2.304078102662905,-4.336473270852428,2.770510791950877,-12.551222663760605,-4.303203599829525,280.8901100284218
113,22,5.802211643469346,-6.357694049467472,1.6227953787370784,-12.731827531425418,2.3351233953437216,-4.367043987699856,2.74016022959243,-13.201282847086382,-4.245045603813506,281.6809772657811
113,23,5.754362868423829,-6.416728008184217,1.0784134189333097,-12.595228099175324,2.223282688404254,-4.448978575391409,2.7485384377356037,-12.699991253184514,-4.267229884824516,281.4928739447367
113,24,5.786497919153862,-6.537643654190688,1.3726084826925022,-11.8163158730521,2.359029820615639,-4.684648413421708,2.7408389478384643,-12.874431202937574,-4.246916776052351,281.84209904187446
113,25,5.783074148483889,-6.900837513823999,1.3257003497105093,-12.711884428590041,2.2878042753889645,-4.1491756667006685,2.742081024558176,-13.46656336228306,-4.320536284388511,281.34275777180744
113,26,5.758982523162141,-7.672826456853865,0.5896784000686909,-12.535317093329603,2.072162239575658,-4.181545981540978,2.7308247608430647,-12.176374500865938,-4.32685391630614,281.9590287336948
113,27,5.7654225500997835,-7.2675459987226665,0.07347256458658569,-12.716629882076722,2.1902429869611413,-4.0530159194023465,2.7632627678068094,-12.45750539590611,-4.344351075170045,281.31140662460007
113,28,5.79069493912989,-6.039020947712179,1.74385195389214,-12.190145510012115,2.278313621113762,-4.472517992620708,2.7573911563468854,-13.147935789571651,-4.271655857595294,280.91894105813503
113,29,5.771095210641519,-7.138267378528516,1.275458205089881,-12.515705707837533,2.2975226592695472,-4.20566284110968,2.757238173240865,-12.291886890303655,-4.287329281621042,280.9532370294494
114,0,5.783943614413301,-6.358046627481267,0.5154649728875391,-12.535201969875837,2.1878228812249976,-4.239550089182436,2.7517781185168078,-11.931198883037494,-4.3443785609377485,281.22579991714963
114,1,5.805551411032344,-7.460355861595561,0.723854642694362,-12.420698569724248,2.416087807898395,-4.2309534940163775,2.8168275694682476,-12.274262360282176,-4.289873238196813,281.48728254894894
114,2,5.798880756324489,-6.966214579523196,0.5743864608875416,-13.051305047349473,2.3026777705938244,-4.064245597537944,2.778762526666283,-12.51220395474539,-4.353426864427152,281.44694590922876
114,3,5.782970684357111,-6.479203883528264,0.8801406186807422,-12.636872830946176,2.268042549606665,-4.312012072343092,2.7855159261447664,-13.00796729030631,-4.3101163894018475,280.89546462130295
114,4,5.78346221200504,-7.531311665363608,0.9740383976104265,-12.406754146405722,2.3324870119949836,-4.149011866027394,2.7991517034293474,-12.003745480703357,-4.306621753885035,280.842524054592
114,5,5.774135439612519,-6.311313424780366,1.518736277761107,-12.193295660495242,2.268475928315009,-4.68167808386243,2.7872935623491397,-12.588823171212223,-4.296371112188406,280.6865205929961
114,6,5.79277793078962,-7.009791614128135,1.4264788043616865,-12.862680542410338,2.2897561930277437,-4.194772889261111,2.7798494465449917,-13.559282340969546,-4.324005885515106,280.799123055873
114,7,5.789412027352354,-6.589299731855236,1.1548711113092192,-13.032983378087803,2.2725760220774585,-4.327629782487864,2.786336421067853,-13.01513855673192,-4.3192750334009435,280.9178654659979
114,8,5.778314161603889,-7.206637567070161,1.5610838816165726,-12.608974938929206,2.258346838612292,-4.130798402281261,2.794952061233438,-13.206879989349302,-4.284214858913064,281.24706205533107
114,9,5.7809122948826435,-7.572368756640034,1.5318233117097546,-12.888449318355368,2.3069651510258087,-4.163954307134456,2.785689546804495,-13.17862591748369,-4.312995652377821,280.577635233318
114,10,5.7741408502736915,-7.030466592399707,1.1610706875594223,-12.815638845162008,2.3102468139536785,-4.12458085518641,2.750572270196887,-13.455550252609974,-4.290217738676523,281.2272755627096
114,11,5.781371146181184,-7.060827029049231,0.6679641692507342,-12.174223010209513,2.2527884076335574,-4.397447854913344,2.766638087990501,-12.317229403346703,-4.323543655227532,280.82702328592836
114,12,5.772301424504262,-7.444207261087563,1.7166944444857426,-12.518472235626364,2.252872346449829,-4.22933263813162,2.769228993809815,-12.760099331497647,-4.2840861794137455,280.62522071595754
114,13,5.785940799765035,-7.374706254513565,2.072980000926659,-12.296628182151494,2.398785150255823,-4.246444518739483,2.7896258349632292,-14.351613804598705,-4.286110014862845,281.5253942700806
114,14,5.780312793923807,-6.805639623738203,1.5120058249157353,-12.892963897369468,2.252275169413438,-4.485801903177649,2.7589287852279467,-12.545386611444986,-4.276103529254479,280.74449789183586
114,15,5.774745294457989,-7.130007475062816,1.4869062067134,-12.64551618263619,2.2342257399392667,-4.186182836156679,2.7578892819671674,-13.643937209419073,-4.3114916458738906,280.5962884200172
114,16,5.773537277334149,-7.123190564463023,1.6252093307505713,-12.26108545428296,2.2468478061769432,-4.48048767087706,2.7665007436188374,-13.133110695366675,-4.3137897662135956,280.5265260178835
114,17,5.768238318789183,-7.3436200170505685,2.057609254677079,-12.978142975965804,2.2804313676050962,-4.114746820417453,2.775649794895258,-13.382479706582938,-4.3097241855383555,280.68343546261485
114,18,5.799054679038872,-7.04113515564017,1.5195881675235179,-12.781908501871097,2.343216837653891,-4.159026885179455,2.7933522462457794,-13.358793366939166,-4.289217170813922,280.93310143131134
114,19,5.775107332880957,-6.751737733782009,1.1428645373589863,-12.381699795620115,2.277256727173342,-4.362674129856504,2.759805444705551,-12.795293472280731,-4.296321308872279,280.7181505280982
114,20,5.771957337577474,-6.590035937123942,1.9423040774239886,-13.336785586251407,2.4227272430713565,-4.242719065552801,2.8112476361329817,-13.116901373575582,-4.279215740531993,281.72183894714516
114,21,5.779062889575908,-6.867679435959155,1.7895666982189744,-12.682975621084466,2.296760163058618,-4.423071609802341,2.7758316917572636,-12.879965541700173,-4.318350699476874,280.6176235138046
114,22,5.789866327964984,-6.611545752149458,0.9470558567752632,-12.704333261726676,2.2316509101829416,-4.3000821833380005,2.7708029518288515,-12.990733644847165,-4.349929301731673,281.14806572694505
114,23,5.7663771045520695,-7.367928458854805,1.6337513805563042,-12.129202845547589,2.302510261108745,-4.415622864366072,2.773201784168833,-13.077943961450993,-4.289793467909235,280.795836774745
114,24,5.7610557079179365,-6.733345649864947,1.049809825577622,-12.47340413523932,2.2193206765842466,-4.542428936305519,2.78027870094684,-13.1671726452146,-4.302846450617398,281.1343269837504
114,25,5.802681523962712,-6.665858178952304,1.8009104891782621,-12.626420293277196,2.3909852768474846,-4.510858271967919,2.797115373248843,-12.51830753974472,-4.267618564110739,281.20400540867894
114,26,5.809608361888289,-7.123508796363695,0.9670243454281,-12.780420188127726,2.387438991022675,-4.025579228858135,2.7817703572392793,-13.071048995131216,-4.29368429180374,281.28602966539194
114,27,5.819163361347425,-6.272610205243223,0.5207398425930685,-12.68920593641911,2.430260677760508,-4.3050415882756,2.814925273677242,-11.932382498483882,-4.281123976701631,281.8064395882633
114,28,5.774916780434817,-6.558817249615631,1.6206739434566289,-12.80043905697722,2.2535354772087954,-4.4625162474767714,2.7542583379556187,-13.086849364625072,-4.301317422946852,280.63568646053307
114,29,5.797517012520206,-7.1145567683823705,1.1101231963773335,-12.790300080677227,2.2189418392408897,-4.130199810514407,2.76199277443146,-13.197081917086855,-4.313909898947361,281.3854544575373
115,0,5.7801023800082145,-6.790989181074186,2.196591358686047,-12.563465790659297,2.257328405129806,-4.76246992814856,2.767929285104702,-12.460213100512318,-4.260561948359146,281.3409981935332
115,1,5.7713395679251365,-6.316544661566009,1.1023843624967224,-12.17851918690486,2.2817633292998285,-4.612419178039464,2.7691208870253603,-12.321709448470047,-4.28452656389962,280.74035846831987
115,2,5.767470618099782,-6.691696002496918,2.0757283710223113,-12.206425023391217,2.2267523753177945,-4.4481150579196695,2.7598927126460726,-12.205644752344355,-4.285287742262684,280.8152600230821
115,3,5.793992470929856,-6.868469022261176,1.0305695969349793,-12.689057216001087,2.2587356536794605,-4.436753291397174,2.7689068640326986,-12.967689977679504,-4.2811658970452635,281.1901868459521
115,4,5.780566076036387,-6.763144375805843,2.143644605453305,-11.793524402806346,2.2326967006547185,-4.814244158502741,2.7415206806046006,-12.748744457576317,-4.2580431835405514,281.52272733931864
115,5,5.751477100388297,-7.725130684801416,2.1132764826989687,-12.148219306505464,2.2449035989198496,-4.276127886838901,2.79875776486419,-13.057695196721077,-4.32199423956932,280.99270763264974
115,6,5.771572908535813,-6.869684579887381,0.9995444462778906,-12.385462513686427,2.225994983292498,-4.306925535819115,2.751326168776867,-13.218308746672573,-4.294136987716885,280.8127771258538
115,7,5.7489918430682545,-8.424427133980771,1.9847339395659729,-11.953495587250721,2.2231933266068733,-4.252002238860398,2.7744529087236955,-13.69244803961822,-4.343377456981637,281.16981053997034
115,8,5.795845160924636,-6.7562126784404795,1.678991294639814,-12.968425492294784,2.261431433503359,-4.039421929022589,2.782583268987964,-13.064658486971013,-4.353440672372032,281.18735344670904
115,9,5.790844165755872,-6.53581992938876,0.864182392220422,-12.74490362674858,2.2663275513490984,-4.206061095076361,2.7664996430723,-12.886896518471252,-4.319074860819511,280.8641266229952
115,10,5.7632688968569035,-7.204121452379278,1.6006395172579713,-12.494387640282566,2.1462021444335795,-4.516223801077093,2.71874192654382,-12.76764708549113,-4.305704254570902,281.29524232451445
115,11,5.789305025507482,-6.507896699209666,1.9606608022855192,-12.438921807196142,2.3713018430294,-4.431366580763678,2.786105339953126,-13.540928959507127,-4.250327132969761,281.19823662558224
115,12,5.786097308897361,-6.633947273807444,1.0767571847688324,-12.42170599111598,2.346926395083976,-4.208480611014416,2.7554393841075875,-13.022271719671961,-4.266469904648367,281.18929594607533
115,13,5.782913577104377,-7.114001477203123,1.2106229700846076,-12.452563147158829,2.2628253057607335,-4.234353494613365,2.7294251273180996,-12.954826927185074,-4.280086666460044,281.1728380777535
115,14,5.741946274601252,-7.841496640980702,1.2984580426018342,-12.390728270678455,2.1968378723192536,-4.138452597583215,2.774776870449644,-13.751514710555025,-4.349242776263317,281.82249613691596
115,15,5.781633359837449,-6.287955773397956,1.1567304903542819,-12.508608518165115,2.222462868401091,-4.568425276772283,2.7461522335519986,-13.188532537202141,-4.279583366482922,280.9458627954084
115,16,5.773015671317427,-7.542857381894303,1.3803772907843819,-12.689917455095138,2.153798244707754,-4.164039736299879,2.7563761485062788,-14.097621347309698,-4.336778206108131,281.0112027822373
115,17,5.751937299665546,-7.246131712098639,1.1436044236857856,-11.882137521921901,2.133821715102643,-4.41292897005482,2.7388033337110356,-13.500929428290087,-4.281621259275298,281.78808888246084
115,18,5.782685670390301,-6.537026731384652,1.4654943549511827,-12.30597742236624,2.250650775470248,-4.5865157820414195,2.7615973535993237,-13.222213892219296,-4.289806166567049,280.67854933193007
115,19,5.761436484759009,-7.5821848184658185,2.007770095650785,-12.571271722170287,2.14734656879657,-4.269167897465657,2.7589102700798795,-13.48933383677979,-4.311393875621206,281.0165081546132
115,20,5.752059883822024,-7.139221676417837,2.6179555389175437,-12.45524104539893,2.18516103677598,-4.135521762753079,2.7406460871880896,-13.329495604074612,-4.308459568158277,282.4715531979484
115,21,5.7566707424445935,-6.994484418665864,1.783767582831844,-12.565228838620706,2.200193320541029,-4.566201701385372,2.7587268477125875,-12.674498709282146,-4.337396757257076,280.9040389126013
115,22,5.778157861301272,-7.458228099711243,1.922547096570194,-12.77631177209511,2.3618391623130126,-4.032211070683369,2.8004329364646,-13.262505826700997,-4.295357954096869,280.845288368356
115,23,5.77696491370506,-6.647358414423265,1.2517086953826044,-12.210261302241012,2.205681192160322,-4.748484372487321,2.7493009495771132,-13.00124823716855,-4.28072161287111,280.98818146768724
115,24,5.772541895682149,-7.488108985938984,2.372033920271992,-12.147973478670176,2.30468216201343,-4.322092500661773,2.780192222488682,-14.664153046870322,-4.267412103281086,281.38274672834876
115,25,5.7747361442116265,-7.080139157132873,1.4268137457891505,-12.761798732575258,2.3001223507884707,-4.2832089126950414,2.780351817544088,-13.355374682673109,-4.270326638725127,280.73674460194803
115,26,5.7929043880473925,-6.668721173426119,1.6805400996063826,-12.891650035552257,2.2749131092984243,-4.185825490679864,2.737814532297961,-13.23519244019242,-4.301907953453955,281.2350636961501
115,27,5.790170741476027,-6.5319986136491925,2.2660889949437775,-12.484039540252653,2.3473732206635325,-4.653799924499754,2.790844984249635,-12.341023897566958,-4.305907784005154,281.248920897332
115,28,5.768825276843716,-7.4605200469426425,1.341006886815268,-12.616904162235176,2.2147532619332786,-4.358333557629095,2.756697402202171,-12.661957475783275,-4.314716531468702,280.69066219727324
115,29,5.7868329331263375,-7.300549455634072,1.4719214892578678,-12.197616974387408,2.319253846582657,-4.347685722031618,2.7711669797399208,-13.135581474451342,-4.3202028558114565,280.86343849727035
116,0,5.773876465218563,-7.300900580429555,-0.3441080699869985,-12.216953478335775,2.2492885745939004,-4.1802009442226735,2.7632311929955984,-13.131104625786923,-4.307729911105686,281.0216207055688
116,1,5.768174050583643,-6.965554151379376,1.7500356111416582,-12.59302486904979,2.1800215339544797,-4.48512177161374,2.7651768969383332,-12.905152849763297,-4.299457260624897,280.9626812934949
116,2,5.7696218279929425,-6.5976833054746695,2.2748428570634256,-11.786456226157092,2.2399105415194875,-4.776651790127196,2.7673761347550365,-12.00427016254324,-4.304247636166841,280.8502260480031
116,3,5.762917051414135,-6.992410101731433,1.9136475856950237,-11.82839050673755,2.3080611868423,-4.632087856734518,2.77681832997532,-11.938109153349185,-4.278521703798667,280.9564550167126
116,4,5.781856607398843,-6.628273263396099,1.5512359431334861,-12.361343955300367,2.261398994067265,-4.625671107124479,2.7792218681447207,-12.379043054106305,-4.289749242260348,280.7630790696857
116,5,5.775002815308915,-7.48670514273316,0.08040128407484404,-12.071861833966617,2.23473020289718,-4.183117086752986,2.7623302053432344,-13.004307111118367,-4.308187790726493,280.9666238424848
116,6,5.788106481123479,-6.808622970076932,1.631130882403169,-12.604981162867023,2.314401844834721,-4.552562872175108,2.782347807594865,-12.682290750452477,-4.292244949666479,280.63231765779244
116,7,5.771785432332331,-7.470359808414292,0.8962995967235463,-12.935248682383836,2.3388539576333196,-3.9417077032310064,2.81216711929399,-13.47831296259424,-4.351917484419738,281.4941931129355
116,8,5.759666879717226,-7.0432909026517025,1.979539872286447,-12.442192157955615,2.2358122384868757,-4.267528665531263,2.7645757340911747,-12.354327469379514,-4.308683572498505,280.75202778593473
116,9,5.776401962187848,-6.956521553145779,1.063875577553734,-12.56479750317504,2.3107313690018603,-4.045411802616874,2.7785425990205264,-12.768077287520759,-4.275918344069298,280.76290690689257
116,10,5.793239216562497,-6.794031356079639,1.96133107566741,-12.54049983155016,2.2506023947775198,-4.536015643343358,2.7789684959092282,-13.506484396447245,-4.31981059805248,281.0874505678378
116,11,5.773806260000947,-7.39361054071996,0.9384892971527508,-11.96586143279795,2.2122944183907256,-4.407810526993887,2.769988244978787,-13.087404095519387,-4.3219830618341595,280.88244422951954
116,12,5.796247804721629,-6.954777599691117,0.12406685716459132,-12.603691644181758,2.2265394181968605,-4.341639824751505,2.7269140038701964,-12.503407838781945,-4.320435044176122,281.5445061124372
116,13,5.759336323960853,-7.077797664521304,1.378288283530148,-12.330541020851934,2.233116994693171,-4.55403658775086,2.768930321382941,-13.649186511250331,-4.301722726580292,280.8444832784852
116,14,5.77112087197336,-6.397006843322829,0.9627419575054,-12.406778179344506,2.269779281647535,-4.337023223652808,2.760220459219759,-12.284442429998315,-4.3058907856290825,280.8337142180838
116,15,5.7612343584551065,-6.792911846146844,1.6021553625920262,-12.755359665060059,2.208840209450941,-4.445132178271756,2.7526002346763754,-13.087584026902222,-4.29840552557798,280.80509616652535
116,16,5.76634354615136,-7.022469452540233,0.49991503465606413,-11.768999229736904,2.209410438107355,-4.413550868273222,2.742961085731694,-12.924579762532264,-4.300235756642211,281.11395587651293
116,17,5.780332292647229,-7.233466510119847,1.9478553810847548,-12.437975591819855,2.248303550320521,-4.465673971334918,2.7556891351939923,-13.177304184995252,-4.306691676423592,280.7197128061356
116,18,5.767430486494643,-7.4988143935102,1.3904483751513297,-12.755789983869013,2.260965431782901,-4.222109554219807,2.7481686178863773,-13.019038345522418,-4.309452307651801,281.03560937653026
116,19,5.765035283110162,-7.45229416358308,1.8090453350164801,-12.416568284442,2.2810030944059227,-4.404212855566337,2.7626040886588616,-13.534184405570894,-4.273089041276702,280.8965613056104
116,20,5.765765821209207,-6.518609820379443,1.4794357585173956,-12.2772425620755,2.25340066384933,-4.561128512151933,2.7423004512149802,-11.866676607490792,-4.241963368425174,281.4066190228696
116,21,5.759543383021137,-7.647635760906246,1.7606986939527374,-12.468883231815127,2.1886318280630306,-4.26716053371618,2.7538828040941383,-13.388505665715137,-4.333977071198249,280.83512266905205
116,22,5.760964004545965,-6.9502244748704864,1.2936457239017325,-12.784201039193833,2.2266892508915377,-4.33725009807688,2.748123674250757,-13.773039882795132,-4.281708838809691,281.03547182493276
116,23,5.779919631332028,-6.299834286297079,0.3005664526383578,-12.377524796019474,2.1831022732881427,-4.431803609220732,2.746379528933853,-12.768991582844798,-4.296996319858801,281.29485100843414
116,24,5.763824048371017,-6.792836621518625,1.8350731238440678,-12.384195437009058,2.2398945154507364,-4.578991854100449,2.776008765379301,-13.595410791678466,-4.29853754723072,280.6333025295602
116,25,5.778131140344304,-6.609945841613809,2.526421228052483,-12.518260705000792,2.186704188203804,-4.733618478613404,2.752340084571941,-13.135150481979817,-4.301600570170776,281.946367764864
116,26,5.779387825507803,-6.741466780989522,1.2751721437616563,-12.5533916974843,2.2931773180148904,-4.231942546649918,2.790347633284705,-12.813880232603344,-4.288591991960227,280.7709068720468
116,27,5.784867713823018,-6.986657694512599,1.66032458798552,-12.587756051023014,2.2883875096931723,-4.415027866107992,2.7583835242315007,-12.791691598072767,-4.318749122948263,280.8516349004414
116,28,5.787238882609917,-6.323494152877634,0.719306887724527,-12.659187051236545,2.2507081769752357,-4.500617180234237,2.7691984303847037,-12.111665996978052,-4.291007988257173,281.022469397906
116,29,5.766848813829204,-7.131116446805347,1.4868866548272317,-12.438716164578818,2.2595478403662868,-4.370370513287428,2.7797148148223734,-12.93690747953711,-4.309621726283649,280.6128259114181
117,0,5.779469587170494,-6.896109629555759,1.7353471305092407,-13.005807705099958,2.268673354152192,-4.452995914333799,2.7767324976242542,-13.540106134788507,-4.307442503672916,280.5204320943809
117,1,5.767278766027279,-7.112321641458304,1.640261207160421,-12.444864214132819,2.211307200283981,-4.402546269285076,2.742303591353312,-12.460600976903597,-4.309258710100174,280.81586174727784
117,2,5.769448732837475,-6.796926935732461,2.19267997491363,-12.677133858762918,2.2528460973180175,-4.4893835348831885,2.786692878157829,-13.422849391391637,-4.3147755872708355,280.66803308679073
117,3,5.75943939438761,-6.612583702773213,1.4888170863106092,-12.333110213512656,2.226547160861629,-4.583762640518718,2.767011324359392,-11.86578226035699,-4.302760949223909,280.79689400172407
117,4,5.763026777951421,-6.574972073109418,1.345169701807285,-12.282785455255318,2.183779796121714,-4.3759125904015095,2.75318224833229,-12.549308839805752,-4.301691340090858,280.90821796605803
117,5,5.765239879710169,-6.34625630832017,1.336229151261324,-12.77649207760477,2.256210004204859,-4.4142547685645654,2.767454025883338,-12.615435028189061,-4.320316685240344,280.7764555965799
117,6,5.761803009490172,-6.865155403522601,2.052770944955534,-12.345650617071895,2.2370087443457214,-4.505387296370581,2.7755790717422655,-12.993672193912953,-4.31304722485259,280.6344864765082
117,7,5.771347895643866,-7.154173145779874,2.1763052758271852,-12.558031682705561,2.3089844866175224,-4.501385606479745,2.795404465661835,-12.677810361576231,-4.316958883360181,280.7527114512236
117,8,5.778702203035707,-6.780842506838056,1.309258532469872,-12.866272477308291,2.2892549428313367,-4.159479054361229,2.790851625667021,-13.373033528100853,-4.332357071236154,280.7189519459526
117,9,5.789176194011006,-7.19124981963807,1.332438896490663,-12.086836231407812,2.3633910125539566,-4.332586350669922,2.7902252974452617,-12.684294787853725,-4.2905992368153045,280.7985154725191
117,10,5.771809817864149,-7.253254144326819,1.811656147776006,-12.657066782454406,2.264515379273614,-4.3603726609177595,2.7840790982419463,-13.312286325044278,-4.308606456975826,280.51821251827437
117,11,5.778862308031801,-6.8684509582619535,2.0296093048540733,-12.529285668118607,2.2627031383064353,-4.472170046961433,2.770247198350598,-13.62116168671934,-4.2803412843329,280.7864634862665
117,12,5.780873789401918,-6.950467378731273,2.202291211767238,-12.683896787450326,2.3125494146770857,-4.465289358292263,2.788070792651003,-12.767050947478232,-4.28908875480365,280.8785986984435
117,13,5.777629838456828,-7.381990446481578,1.7550340858366837,-12.386966355011293,2.258293988012555,-4.494405406858733,2.758414252991621,-13.216591759013207,-4.277207131658155,280.701403943586
117,14,5.765672714033672,-7.060005731363149,1.9878586778306677,-11.883533432410827,2.309154947073017,-4.607389164736223,2.7815645280759442,-13.090261410846596,-4.278133195985011,280.8584567895241
117,15,5.752939860548713,-6.205013534024955,1.7012884177301382,-12.484555784931098,2.1809431024805077,-4.5509084920540035,2.7496758563542016,-12.640205524350236,-4.312449101681263,281.04122829777305
117,16,5.783887900087549,-7.270672667178649,1.3092716324269962,-12.348850915016152,2.2869578386859466,-4.410616370405276,2.7806669222962963,-12.800012221666625,-4.2910669908164225,280.67744600354456
117,17,5.764734811410007,-7.502285753368538,1.6466729152389263,-12.300617028639287,2.218587037422122,-4.176631621992636,2.7591338797018747,-13.167819392509802,-4.313950408305506,280.6487641599974
117,18,5.7634281588322915,-6.902919561579668,1.07944126723293,-12.45351357634222,2.24163212330233,-4.486096313813474,2.775676041769617,-12.943720575477078,-4.3353973132663235,280.9294361760251
117,19,5.775630752592592,-7.177754785669093,1.315681989002864,-12.143822986261174,2.2885821290218273,-4.41429378193328,2.7867018120017932,-12.39543486550571,-4.300007516787667,280.6318427608186
117,20,5.761409055367213,-6.741857803472585,2.238596337375734,-12.607650926426018,2.1797621272426,-4.486302261207979,2.7626247943520044,-13.064868683869792,-4.318401273271277,280.87483379492386
117,21,5.780486504262389,-7.619894216097551,1.2345221866349831,-12.241420359450835,2.221024368936118,-4.22507655990017,2.7494108625006306,-12.189799533968996,-4.30301992844447,280.75936838335315
117,22,5.769533827082293,-6.713831514594335,1.9126018925362636,-12.649042409000824,2.256831524203795,-4.472963318274984,2.758058132980826,-13.02091643419913,-4.312412336828869,280.7353307324747
117,23,5.773533140760029,-7.133489054697054,1.8043685395332827,-12.58822541026985,2.205970712264643,-4.520345338331564,2.7600761721222136,-13.253225245153232,-4.316226755064424,280.6238391795376
117,24,5.790311049908785,-6.811677748214369,0.7902511653129913,-12.562945155501438,2.2999606461360127,-4.196238739143369,2.7691035007808367,-12.820488922671885,-4.290846059208342,280.7804135795677
117,25,5.768003743482204,-6.436805704660526,1.4786939512664699,-12.93730745172781,2.2149344618291047,-4.482612395850634,2.7601510868369115,-13.858344685022683,-4.32649774266952,280.66481363718907
117,26,5.7762535854135155,-6.488707332288286,1.2683665504270045,-12.088035479745823,2.296616969725816,-4.553754961906917,2.744286181743531,-12.770695531057333,-4.2831071378887025,281.116875591524
117,27,5.776709017230929,-6.422209284684516,1.524141518005049,-12.615111733993352,2.262327797226819,-4.471493682612338,2.767992065530216,-12.3173969299235,-4.3030024655459576,280.52932178027413
117,28,5.766214647240822,-6.924314978916763,2.000639410722748,-12.414573968422687,2.216283966236172,-4.605352079387369,2.7653438636582695,-12.902794026849438,-4.302206368248513,280.6560300128899
117,29,5.769473966872967,-7.56177286199361,1.490695297624229,-12.461984129605804,2.2305885089602624,-4.094042416835873,2.778927423937186,-12.896640075226346,-4.318480710557176,280.6466459000444
118,0,5.756767535365776,-7.338880207607052,1.5692379466466677,-12.272807426440274,2.1788283473474204,-4.519334261729015,2.7531485585786446,-13.199426544549263,-4.32209345566208,280.920430549902
118,1,5.784434195417838,-6.99951510647969,1.8377764672425068,-12.782207280324828,2.263942425022346,-4.209579482927054,2.7529141242332065,-12.821256283375323,-4.317256107524666,280.855491476312
118,2,5.780776260175404,-6.765780534957505,1.2694379728280127,-12.518419340987098,2.2173905371661546,-4.382837388893188,2.7578942048567763,-12.949439123655642,-4.30536726318948,280.7736768097782
118,3,5.770505120859293,-6.823176152780136,2.1189337470119423,-12.235861375141198,2.276089994808,-4.651153993929856,2.7814688079681713,-12.68093865913715,-4.28461384011102,280.7454477874307
118,4,5.764324238907488,-6.464128394800986,1.4312865871423135,-12.75167076244486,2.1699710890477095,-4.4254924394010615,2.7661861517737334,-12.85996281420453,-4.336669796263339,280.9032116976189
118,5,5.774812393672419,-6.787300012541101,1.9727182271923451,-12.702892091498255,2.301612820303666,-4.455008985483915,2.7720852490100083,-13.265833005329792,-4.288931126669555,280.7025153606489
118,6,5.7744469470587445,-6.9594881910710775,1.7341681786155096,-12.53882221701176,2.2895173458883162,-4.455209065815983,2.7771179406701094,-12.963495156685603,-4.29021572210764,280.5436605164038
118,7,5.7854309720525405,-6.553539320479741,1.168708429112043,-12.726678016548592,2.229386827818069,-4.252386779402946,2.7552282253000997,-12.911688445576932,-4.312281890472335,280.7955604199143
118,8,5.775055652445945,-7.212236036691636,1.9842126887491678,-12.317533845034074,2.2805064352570303,-4.486616324625675,2.789195136847337,-13.33785802496964,-4.273427817840251,280.91391881324455
118,9,5.772433271020126,-7.141361149479844,1.1004485269527835,-13.010793320778875,2.180775581079886,-4.162685824450155,2.7468675517414805,-13.134577240632131,-4.345561422278546,281.01067091061964
118,10,5.772748703385509,-6.744949905725674,1.531857106919925,-12.337571534226747,2.237733561944333,-4.60919447922291,2.7743583195582495,-12.873826213103843,-4.32000943536495,280.5675287867055
118,11,5.780474630307027,-6.743834121975748,1.2543551397493453,-12.589456275266691,2.2391929385991376,-4.374982013654169,2.7777459747992843,-12.912133077797627,-4.322997902413935,280.7623654442016
118,12,5.761061720412112,-6.924677552139096,1.4014300124582515,-12.704124904675254,2.2004231220998527,-4.516661233156025,2.764175433486778,-13.119961003825958,-4.334811854351548,280.8376461609327
118,13,5.772573569348093,-7.061326221732845,1.921420739717653,-12.522038001181462,2.2318106433331963,-4.413193225236498,2.7583701983919227,-13.054355547158588,-4.290465555392381,280.67693326538875
118,14,5.76501743819998,-7.413222528335505,2.5456105058527565,-12.763666651681916,2.220105221023123,-4.465438955193063,2.7755871235713987,-13.271562426195514,-4.300708096095295,281.46288161416373
118,15,5.769602793424209,-7.203159696308486,1.7197256926345268,-12.610398155627113,2.239644391700378,-4.259396715269729,2.7790522142288916,-12.573744610717519,-4.306927673665414,280.581295523191
118,16,5.776878222766748,-7.238885834866765,1.901393030955178,-13.075912161108304,2.23454182214384,-4.252232721570566,2.7839663139571336,-13.082753149400332,-4.316214544076263,280.7095268350618
118,17,5.792459563857045,-6.733817917280142,0.7523255847118555,-13.148488361443208,2.264261387071045,-4.21960078412989,2.7741403199656456,-12.983717752331229,-4.341143642534455,281.09005211441956
118,18,5.765906577373283,-7.096320162430389,1.1789908553980821,-12.595504683075745,2.206200810519101,-4.410491057008267,2.7563303257839866,-12.693383765157032,-4.326265928661345,280.8283301445861
118,19,5.7859683636524215,-7.199412252213496,0.8486504611322098,-12.450778910186619,2.265265306772652,-4.308297449240308,2.7654935745560545,-12.80111269449862,-4.295014759534102,280.7785828270944
118,20,5.764453406805053,-6.932859804986243,1.7424788297301947,-12.424567705631695,2.245068863908411,-4.468757483774918,2.773820066503701,-12.469072328804538,-4.311936114124911,280.57498629283407
118,21,5.760271155958238,-7.028310655048641,2.0345527909852965,-12.623833028378193,2.189232760445661,-4.602414943348019,2.7728906946153495,-13.148399513662994,-4.319801406059998,280.7495840684892
118,22,5.767856642163144,-6.451146932737941,1.6794769877220816,-12.426524448086674,2.2633638007093464,-4.662103637525003,2.801611749157124,-13.134124474553042,-4.319550999285143,280.8044418353923
118,23,5.765849694486954,-7.0849639913329545,2.413329026960592,-12.319668741401946,2.2039440336341363,-4.536621929894133,2.774599182047309,-13.397978327858196,-4.3048412514513705,281.15704819834
118,24,5.790788308345058,-6.784759307582213,1.7748547418429659,-12.91192362878316,2.3599197909897716,-4.3571879556196675,2.8032863841533366,-12.79176464741033,-4.32132064181736,280.92252762886443
118,25,5.76066079218585,-7.1103097244937405,1.606070602616108,-12.27020113982053,2.2133722583098927,-4.254774325345509,2.774297223028373,-13.004078040846961,-4.330183936774177,280.72370874368016
118,26,5.7700977313673905,-6.916335874236901,2.363417454731316,-12.682889191146637,2.1718478067665337,-4.647471715719011,2.7712425902670814,-13.178524568196892,-4.306149709011434,281.41867351207253
118,27,5.764532084742408,-7.078656850820891,2.3710738424135784,-12.422258883805467,2.20630393617292,-4.346045817837896,2.7729555453385832,-12.59997100119209,-4.300474843133633,281.0904305918119
118,28,5.765984674629288,-7.038099263698755,1.7668344279952686,-12.620611816295126,2.258891408986967,-4.4562888484995336,2.772124351940161,-12.893455850003134,-4.3055731682662115,280.57373269540204
118,29,5.787872575930906,-7.371451810232899,1.918299212059722,-12.386663236794805,2.2897526177736816,-4.42285295985014,2.771565505015651,-13.571506846403802,-4.293514465670274,280.72362018393517
119,0,5.773738447494953,-7.127805672414805,1.724408543866826,-12.989253838007663,2.281108404645347,-4.213210402115218,2.7866245975188226,-12.804687275910053,-4.298569970594241,280.5490333289789
119,1,5.782403717843544,-6.965313517882918,1.5606182984447448,-12.793666052331488,2.246983242896332,-4.222511829570934,2.7760843312117185,-13.176390843894561,-4.3155729236167675,280.6543670285188
119,2,5.7579210450456015,-7.387743842876018,1.7852128121040631,-12.662966431285065,2.194851676393436,-4.208336817539746,2.76956358863126,-13.397105373942068,-4.320363818391364,280.7528475293992
119,3,5.766118161147382,-7.211078510420498,1.8273039781686338,-12.071802443225883,2.2970253082574486,-4.59621315860494,2.789028640935862,-12.418699135513965,-4.289569766586055,280.67689710160664
119,4,5.763751969393458,-7.056060348711582,1.8105644145130713,-12.93144563850711,2.2662644160396663,-4.3248076103095014,2.7767815026425224,-12.970918099144109,-4.314583111834793,280.6305343510265
119,5,5.769034960747945,-6.861186172012121,1.5382934885403199,-12.630725638657852,2.2085806003582906,-4.416799515675005,2.759961269140266,-12.943722562683625,-4.29986254617032,280.69484242892497
119,6,5.768855224206567,-7.066018730005623,1.3092878396676442,-12.133669558381165,2.244615288330564,-4.398337095024555,2.773446150925871,-13.097594934779952,-4.2916191187926405,280.7393636691037
119,7,5.767243965092493,-6.903573528647476,2.046440338556082,-12.452820935412548,2.2837836779637692,-4.572098541537767,2.7725265199653437,-13.357427435953296,-4.283015081616868,280.7764500838666
119,8,5.770058333500535,-6.969197484641143,1.643249534241389,-12.118730730791697,2.256657603027147,-4.541142503727298,2.772417009544308,-12.6815313764902,-4.309187980811085,280.5230694096417
119,9,5.7846266216772575,-6.498193106614889,1.3137622160430653,-12.428462978093032,2.280421590732289,-4.582298958950736,2.7689758896354855,-12.701261864236637,-4.27891841812881,280.70836063783275
119,10,5.775727901477584,-6.8787289386936985,1.4491625626186797,-12.839401557523791,2.2342631186826902,-4.479229015923648,2.7832829451855443,-13.052371277912872,-4.324531894153691,280.7395695893073
119,11,5.7852398253214385,-6.488326046706555,1.7210517022650669,-12.438520625757885,2.2621683885175052,-4.549785444132806,2.7656633860227546,-13.12666393603046,-4.281417587499299,280.7599085098319
119,12,5.772887477891849,-6.996907358370383,1.3554766973730201,-12.530162362271875,2.2455520001443614,-4.303497718646008,2.7701648711324824,-12.84994158681843,-4.297772897681562,280.6288259079172
119,13,5.773117052445173,-6.985448327094588,1.9861721272011372,-12.221230127267217,2.244620454413469,-4.694023609764497,2.7641001731609016,-13.004713303197946,-4.288233001442525,280.6772262127097
119,14,5.763724864463694,-6.914880323383818,2.009579018161344,-12.539748031533541,2.2341250956489422,-4.5260991782166204,2.7653680958159623,-12.92598216374658,-4.29826628198576,280.67795607071616
119,15,5.771640247145321,-7.669082641495708,2.179142049791634,-12.481364840216827,2.3523855749527596,-4.233798296826399,2.791560262234212,-12.985120293057953,-4.277983952471981,281.169870375727
119,16,5.772028973552576,-6.842113829393341,2.081450559436735,-12.52562768396087,2.2202720367375424,-4.734962836339529,2.7617462942666324,-12.952348386069795,-4.3096391871905295,280.6774260444906
119,17,5.782675314343483,-6.614901044319419,1.962000084507729,-12.588544901355407,2.285957789445828,-4.456257932781983,2.7679207708756577,-12.995983561283479,-4.30460705560949,280.68420346642654
119,18,5.774647664819935,-6.9203755436184125,2.0314492846763206,-12.597210134891952,2.2586330680782067,-4.510276256436172,2.7777443002529902,-12.508372639429192,-4.296777713547199,280.62399654453327
119,19,5.77633089372995,-7.050813119447838,1.3319915455857023,-12.816775891597274,2.2337603477953145,-4.296138185112875,2.769110835567362,-13.214688291252006,-4.308919359638498,280.64846200620156
119,20,5.773720909886435,-6.962602520278507,1.7879762211769619,-12.243896480641483,2.277079036843922,-4.560563402761028,2.763731896862988,-13.289823444008764,-4.297125921501674,280.6130049412444
119,21,5.769563968128096,-7.691356525235832,1.8573269484272175,-12.7478690252313,2.225840261451248,-4.4017675291130445,2.7742563686534503,-13.053600001405735,-4.319186447852056,280.5451053564303
119,22,5.772362382079173,-6.758931380092456,1.8008550328014212,-12.431631295159045,2.25602360978439,-4.509098241513274,2.7861163430568787,-12.617304251174925,-4.318399562392362,280.54089327777274
119,23,5.789319714524242,-6.331051859437384,1.6712509631221586,-12.587748239013148,2.2697848630707425,-4.53152859762548,2.7609811046518913,-12.52705488647596,-4.284544086460325,280.77846174535085
119,24,5.767557250778101,-6.9524811668710615,1.7455544384951918,-12.281910591554556,2.2205128647999057,-4.586675861697941,2.768230034866051,-12.749117272000802,-4.314654906172338,280.5642081083325
119,25,5.778539693392043,-6.756050924211417,1.7219304159295148,-12.599682548220926,2.298494537172936,-4.514667781447803,2.794011973610143,-13.013775990157642,-4.306436555858294,280.5818302143126
119,26,5.782749141152501,-6.647939319637801,1.4966637590115075,-12.489957571121826,2.2025123445557933,-4.439923803368421,2.7526308630108707,-12.562732902730557,-4.29664293101517,280.93730118522467
119,27,5.7646410429503065,-7.01941921743622,1.6167683290412354,-12.567055105698085,2.2382620200422534,-4.323875431987501,2.776275871749405,-12.4168202048261,-4.312210259111599,280.6094753811084
119,28,5.766600129888444,-6.8542750300463755,2.386195514473672,-12.534106947011935,2.252881200079692,-4.577507468982366,2.7822075163182385,-12.765876715696661,-4.316363157809812,280.92710962416254
119,29,5.770205405647153,-6.958618398028613,1.9423167588222439,-12.272955370127113,2.28294774155111,-4.507292504332645,2.7796451462075593,-12.703659066784864,-4.288367256140008,280.6094203882101
120,0,5.776669579767884,-7.288288803792506,1.716846807984063,-12.182472492981775,2.2589006937985037,-4.5016328035923365,2.776176470812988,-12.887779194863567,-4.322193272319319,280.5170142638671
120,1,5.77943859927257,-6.796035381384803,2.0089770911803555,-12.039802323878732,2.2491871859469788,-4.658390671516566,2.7782586835964453,-12.846521235595258,-4.306280285947925,280.68090738609374
120,2,5.776405068432766,-7.059920270106444,1.4988148514458988,-12.328296963160195,2.2749305526287045,-4.447849678563271,2.778067977705987,-12.567594402169968,-4.32101233727309,280.554180767876
120,3,5.769810324605541,-7.201421213308215,1.8613072832376616,-13.037313543806917,2.2888389875580115,-4.3351526040474475,2.775266124752167,-12.872597119000911,-4.28474481465276,280.6385047874079
120,4,5.775343063626337,-6.91553518874453,2.078871964615682,-12.540725791058842,2.304604064352794,-4.512427014670472,2.7995675545953715,-12.345670710450024,-4.297129584087166,280.72805201484914
120,5,5.77086968021914,-7.368261903924958,2.016550763099772,-12.455225820852831,2.269937747937743,-4.35183515274372,2.7717977502666797,-12.981554406525701,-4.283759530694948,280.6815505376235
120,6,5.781411029265197,-6.959534292589664,1.223144759939008,-12.560259558189662,2.274685963895724,-4.4400578283541465,2.7577017428752026,-12.886573933419879,-4.275174192472474,280.7329327385079
120,7,5.761279538435353,-6.851377299131082,1.4885791082556965,-12.409696121630557,2.2384634886767216,-4.501164333789018,2.7775747943345235,-13.110981148036817,-4.297885817857507,280.79724080599925
120,8,5.762528111149187,-6.867110353928896,2.479189558641809,-12.127410219897559,2.2634123899138423,-4.655890810705237,2.7891722031213293,-12.734195265280386,-4.3113766129115145,281.1654492747283
120,9,5.763093578002968,-7.215459310355202,2.0679609920708475,-12.263915943923635,2.238024233687124,-4.593514771473406,2.7762242628966587,-12.58828718885862,-4.307152021804411,280.63701409076515
120,10,5.7683032408682555,-6.427479914992509,1.3054711953554907,-12.58875467399409,2.263650931723529,-4.533100844545115,2.783386628971406,-12.354688634432726,-4.312489506739215,280.67783535704325
120,11,5.777553406330182,-6.8958762632563255,1.8131160312656558,-12.547307774076451,2.248762590930675,-4.500621983759451,2.770697735313311,-12.909387383175845,-4.305469005270158,280.54559547737495
120,12,5.774993408699842,-6.852884650153479,1.8882531756504166,-12.70580122111101,2.255314497387189,-4.463471861324658,2.778623668935102,-12.995405668753477,-4.316524852696426,280.5130389685546
120,13,5.773459818574722,-7.330772163241346,1.7604052989694787,-12.50555582296987,2.226022957889862,-4.493843907037679,2.7848808273349572,-13.066482046144955,-4.317678241438712,280.74381776295394
120,14,5.786139369058313,-7.05285197976979,1.1567845089921036,-12.57667890516542,2.2533841856830508,-4.376940409870654,2.750737339622364,-12.897904421938227,-4.2943127173962745,280.77466036407657
120,15,5.7762667959787,-6.916400278540717,1.6859798261452124,-12.547470809378627,2.291468746685549,-4.5097849139014095,2.788902256623804,-12.643994406794027,-4.309774680137247,280.52909473895227
120,16,5.76656889421871,-6.834559015119112,1.6431019180405542,-12.160533086317612,2.2624352251594377,-4.471035282269411,2.7812582770406973,-12.46361531555487,-4.30721385474026,280.5752414586975
120,17,5.766148116213717,-6.9554314106337385,1.9102751706017198,-12.367237741093302,2.195389491943004,-4.63681991493309,2.7637710812142187,-13.151236828252546,-4.305365488328539,280.71351614454244
120,18,5.756477453773342,-7.230742485726314,1.8376846190923475,-12.502351869579575,2.233558572988442,-4.468928081152414,2.7802503197202975,-13.181628294958665,-4.319957669239563,280.7456373916133
120,19,5.772189381603334,-7.482812983370603,1.9864269697728651,-12.477251298462786,2.2463528060388995,-4.403404681946439,2.7751767874696576,-13.016515163256031,-4.319721930528493,280.5330738601738
120,20,5.775502264256006,-6.944760831991127,1.5318866663767676,-12.356839136598419,2.2642480874247912,-4.497733705648446,2.788267564724931,-12.526080813976153,-4.3016689477195085,280.69559754354805
120,21,5.778622044317591,-6.951000600891329,1.3955316842482777,-12.664776543127127,2.247107135232182,-4.457495932382132,2.7559698267620703,-13.095363527548878,-4.28678726592,280.6725252583451
120,22,5.767168983210598,-6.92939099688496,1.8687525000708471,-12.72671548104187,2.328000363150195,-4.406959115336114,2.786630083709096,-12.71072554878036,-4.298941195850633,280.85030346002196
120,23,5.770785305332639,-7.324912689507711,1.403946086740587,-12.27388617349052,2.234181212901315,-4.397084642423508,2.77029042449077,-12.62036027399106,-4.320208548408746,280.60569456500696
120,24,5.78139892727259,-6.722374268988207,1.695590211640543,-12.916302944552625,2.254605078591794,-4.309956332361641,2.7801505118324514,-12.819239577979875,-4.3083289097708235,280.64362831245273
120,25,5.786520159166116,-7.21944821985721,1.5552291432992913,-12.532752808956811,2.283190489926507,-4.3046307267227935,2.7747622332650907,-12.908877153771346,-4.315065896540311,280.6144449647904
120,26,5.780362962780144,-7.414394750254147,1.7954970145314255,-12.514567862828809,2.298630218608141,-4.227267356740724,2.7901671058585307,-13.036205694908869,-4.3182537226076585,280.5653453775385
120,27,5.7659126676385055,-7.040173238553112,1.7068870605368598,-12.43262361554804,2.237752362254124,-4.473450268671012,2.774527913611911,-12.560080569467733,-4.316161960860483,280.55865156249945
120,28,5.780065728554338,-6.766680858692131,1.9744317441293977,-12.394098047488688,2.2423415938887654,-4.586411699454125,2.760270042892712,-13.15838932246331,-4.302062876947767,280.6915551999605
120,29,5.780510876665665,-7.134819371559643,1.9073082756978643,-12.534937601792596,2.2496564213481682,-4.536963821727616,2.778870323352184,-12.967895459823385,-4.286795278481404,280.87589524178145
121,0,5.7726463840997315,-6.901044447409624,1.6063371906240156,-12.693333118045441,2.2928453269732882,-4.478638639989902,2.793873735342981,-12.992227469228785,-4.312899586968771,280.58924521844443
121,1,5.7755932880319145,-6.7845969646009054,1.3856476930002632,-12.519595370309702,2.219668241652499,-4.5483312608339554,2.7711337326760925,-12.280429864287747,-4.325819281356556,280.69198090371003
121,2,5.784867133419851,-6.820439832553641,0.9835468475249337,-12.214692748232487,2.3293697355705683,-4.459149897561408,2.7988645446954226,-12.286702940223241,-4.319488275252534,280.8774026588233
121,3,5.766695283025157,-7.126990073984895,1.9315743947994946,-12.759616527557816,2.1839234982859312,-4.4802952090874175,2.7650054975704816,-12.784787482193238,-4.329560725666895,280.6762034249684
121,4,5.772374213644074,-7.1742325687892095,1.862147556499177,-12.449574529646718,2.2463896837133723,-4.41825445207707,2.787670326805139,-12.591342298658624,-4.3348392783960445,280.5876644568894
121,5,5.781892875046788,-7.490299387139175,2.0379766824948358,-12.89584669035555,2.252834142430272,-4.254853686156695,2.7801244223166166,-13.538459705903698,-4.329335798788567,280.69962948310064
121,6,5.779413479179529,-7.258282540935978,1.5729544298541476,-12.18924636589745,2.241801003219359,-4.480075663094388,2.7665810848370733,-13.190076771908428,-4.319953065460904,280.5778369526885
121,7,5.771268899711643,-7.190714324166659,1.9934314732518053,-12.568112947657093,2.2661003613393427,-4.61155123453798,2.777334323545152,-12.545531856598878,-4.300412541300358,280.5565887772342
121,8,5.774509544086734,-6.89907760258745,1.4282498793905551,-12.440327388462801,2.2415638335793013,-4.49199988077773,2.777190628066808,-13.07052631020703,-4.326558333514027,280.6164913489373
121,9,5.766993151287061,-7.403782620485651,2.2023072184649117,-12.530912557929577,2.298038194180116,-4.384722897299955,2.7894556665032564,-12.923619666747346,-4.316297738505247,280.80523234369207
121,10,5.768403524550978,-6.631811221959062,1.4599927800077814,-12.356636061528567,2.2152715284423676,-4.488536900831934,2.7820784355213735,-12.604743075663537,-4.317176538128213,280.84143470228446
121,11,5.775932460456941,-7.185328433165229,1.2507407615301815,-12.343492364048819,2.2194676925452392,-4.441049028376815,2.771863406262921,-12.703146668274046,-4.3179545119600045,280.7676238209103
121,12,5.766919088468135,-6.848341647288499,1.8467404460212133,-12.591438189462393,2.2422097664209493,-4.492975171129479,2.7859306259876577,-13.150954244416655,-4.3311013375557375,280.57506038275795
121,13,5.784578464850362,-7.170268838919513,2.046409116549094,-12.744292487886742,2.295118848702645,-4.3950448648616005,2.775002955534984,-12.734134806412628,-4.305826559674213,280.73380325669484
121,14,5.772917854334725,-6.49448325325666,1.3811912165989038,-12.051535123278823,2.277089464534437,-4.617961014255321,2.7872296139942643,-12.39351672796858,-4.3013830639007855,280.6498739096441
121,15,5.777532913072081,-7.4257555129717305,2.1723709276606535,-12.501066246964022,2.257976558329381,-4.468959669192881,2.7816920621991277,-13.225148488438178,-4.328658990405557,280.70897081994775
121,16,5.779524850579072,-7.090563885858078,1.6057832026492553,-12.452624956882747,2.2918676048191866,-4.386599686173565,2.7941765022715637,-12.836055249620804,-4.306269851739152,280.63637259969624
121,17,5.780168681364434,-6.643333655520585,2.0461160650213173,-12.626999546779945,2.258495966958768,-4.578105545461049,2.7734452894741772,-12.72677699288567,-4.296034306407397,280.707803122981
121,18,5.779726370472516,-7.079727318315731,1.8616847836258463,-12.898283567872031,2.261925204725589,-4.400470033547184,2.777703531457597,-12.835194971572639,-4.313759368332399,280.54818208657673
121,19,5.764372387695855,-7.888193764569015,1.7772327544055966,-12.558659958937653,2.239168639897504,-4.247118208712989,2.7773067169504877,-12.852821891067874,-4.3395740011111466,280.6550141487411
121,20,5.768391664735621,-7.289175619273562,1.7268630127767843,-12.068247745217052,2.258971596670421,-4.5286628508753415,2.7781123122407707,-12.74558109080661,-4.328246867465186,280.56941156688515
121,21,5.777840744672541,-7.463256647818982,1.8926767509608102,-12.283001088623017,2.2788061918987954,-4.406658714188418,2.7769309035528997,-13.0647353281235,-4.292289183206003,280.568157905274
121,22,5.769889750175132,-6.970171269340385,1.5878720562323267,-12.556832438595348,2.23492387958585,-4.397193591204645,2.775126648121344,-12.853775398376165,-4.326275897496614,280.57026317088855
121,23,5.781981037977077,-6.603360920473852,1.9043703373482384,-12.472627405900568,2.319798463842853,-4.505791254966084,2.7933010759588464,-12.89476826729464,-4.311847136684728,280.6273812975732
121,24,5.771897518681121,-7.279243012991197,1.7815138431023916,-12.36309234133546,2.257704682595609,-4.424539628224409,2.771552774646266,-13.004665568639274,-4.316213344373441,280.5137296520182
121,25,5.773527880250427,-7.3997096070227615,2.0392057127412313,-12.41648439986128,2.3231267753536606,-4.388001612662893,2.7905333394086105,-12.68579394889024,-4.312097140195641,280.7418367593951
121,26,5.758845086793472,-6.996291966982856,2.18159085276009,-12.365431258506904,2.241821018323729,-4.600286149241248,2.7771253837172343,-13.002012631079308,-4.327135992453259,280.79268669196546
121,27,5.779648028691992,-7.435528408023986,1.623040902820923,-12.258444436688967,2.24529684386126,-4.412839830352416,2.780701501376225,-12.865768692684465,-4.331812954505647,280.64361893444703
121,28,5.7766289037982785,-6.771625927053455,2.079483165877066,-12.347431431290422,2.2587649767673414,-4.626359017760543,2.78114122409349,-12.319885934191,-4.316514892769009,280.60811725911026
121,29,5.768579227756814,-7.13980317450001,1.6255910502609505,-12.372347107144993,2.2472652931887507,-4.4038411591653395,2.7942182386234666,-12.352301324360992,-4.3320377977650555,280.72347783323363
122,0,5.782343935114587,-6.976192742870105,1.637123470803067,-12.37177703284505,2.282193095996906,-4.514030308887901,2.7843041505375674,-12.548497646083627,-4.302035474961378,280.59554692484824
122,1,5.780203723850374,-7.144877235567514,1.5686475075292088,-12.314703416543745,2.275076875690684,-4.5256089492899205,2.7821045717985102,-12.618673326173584,-4.307776421275227,280.55893519350917
122,2,5.77388102223495,-7.3247920186132465,1.851140650578572,-12.663408043755963,2.2537091925594526,-4.46563914818428,2.787394382003903,-13.024508844360957,-4.3259586235767955,280.562869006573
122,3,5.768180786246512,-6.9594281278565,1.894094174342325,-12.481771561749005,2.223557311999458,-4.592434126419327,2.7838777601968903,-12.988877063947694,-4.337898018995026,280.6185865204221
122,4,5.78987923912385,-7.025502185646253,1.4362372548553277,-12.496147593487015,2.308750889836822,-4.4212989413777155,2.7861871709560866,-12.924923787530776,-4.30222135100286,280.69102211473137
122,5,5.771516682058742,-6.928658663822089,1.6736835628530313,-12.344783729622396,2.237380892750281,-4.673381124208724,2.775356920246585,-12.907357843098534,-4.332893741471302,280.5634343084265
122,6,5.771889131899081,-7.176520493392808,1.8058333177062438,-12.40367053457804,2.246384475358898,-4.5030929052037045,2.7558823965280825,-12.761892258415509,-4.313130754240181,280.65878743936906
122,7,5.7768598074148265,-6.8760968083838145,1.8665167492594807,-12.244603123304437,2.2710393314856843,-4.585934187234217,2.7754177175009516,-12.65177808789546,-4.2929338505540215,280.5596203572809
122,8,5.773211822224142,-7.516109154786393,1.7692110292485699,-12.04697664132012,2.2592518439257523,-4.588251059461442,2.7767022035299007,-12.580427239621347,-4.310250109226116,280.4929202699128
122,9,5.772108715787126,-7.082968295036187,1.677817186955106,-12.562539227159164,2.254540816206308,-4.400401258188497,2.7773262627061657,-12.991349065625672,-4.316330617522906,280.5065465532379
122,10,5.777133228606279,-7.166344111576575,1.8491938185609886,-12.158521566517992,2.2611233898266088,-4.569164522760163,2.781976952702211,-13.157025867530685,-4.323223774937315,280.53395616573965
122,11,5.776795506267257,-7.318461188821585,1.7033886973990697,-12.898634102156791,2.2434424903740458,-4.188777900621444,2.7858412194697526,-13.158541880474939,-4.339515797559869,280.6607022593229
122,12,5.769878159525804,-7.098548664244584,1.5516161856886166,-12.497927665704882,2.233624343251681,-4.402894786454358,2.765867803841065,-12.919131554914559,-4.323282999201546,280.58478639160023
122,13,5.767718167455724,-6.985644666335129,1.9482286413738301,-12.847877376390464,2.263075613681687,-4.40381222626585,2.7842560109784844,-12.751124983190692,-4.309232530778796,280.54310423095296
122,14,5.773214517090983,-7.155138099533592,1.6330764009878262,-12.606130510622895,2.260110653292343,-4.380636306129598,2.780607442580348,-12.73988272929532,-4.3140410436660535,280.5190685082109
122,15,5.788611720097691,-7.021957206153626,1.6411195468442217,-12.220343326620025,2.327881725545378,-4.4724002765457165,2.7749937900913237,-12.735523906440621,-4.299322875766611,280.7159067964676
122,16,5.769599656503162,-7.2178662302408645,1.7137905257486763,-12.874426344528592,2.2709780146049874,-4.369727358731517,2.784957635000975,-12.598951398994439,-4.328634353535901,280.57145230560684
122,17,5.7749053854629695,-7.130957378779905,1.6547309345265981,-12.30373384364526,2.2822980581408596,-4.477830399574648,2.7812274589029102,-12.655641282802218,-4.3014298793197705,280.51049756654527
122,18,5.766665461917084,-7.484607752178176,2.1564135724871236,-12.254087191475772,2.221821394281271,-4.532851470983515,2.7697591086099296,-13.39564397628557,-4.337740732263549,280.71076811459073
122,19,5.774539905808346,-7.561043092720044,1.5962742579415112,-12.485668364732954,2.259867381197254,-4.365785238603737,2.7654755756892158,-12.76063575127712,-4.303251840068311,280.53432630365006
122,20,5.776144914084366,-7.049504330798634,2.01386183771173,-12.427118428240808,2.254191645984219,-4.477257473595274,2.777696982642645,-13.008120139422967,-4.3214234935503075,280.5659976124426
122,21,5.7748452612312136,-7.005221676159215,2.0978734212101884,-12.43924740224288,2.292222263223254,-4.5014983627428675,2.803428456915491,-12.755019221532,-4.324262572883123,280.7097234836239
122,22,5.775414182098223,-6.824504723691149,1.711905832011651,-12.614943997370757,2.2953744215133365,-4.341631665571156,2.791509309604395,-12.86380074889782,-4.31964959660466,280.5539026430698
122,23,5.7715588827563264,-7.399353417929729,1.8513103459519398,-12.365833944568488,2.243751552093625,-4.49164138109072,2.7606449308362215,-12.622141290224132,-4.2993841769038985,280.58508484564675
122,24,5.771383508310951,-7.44382483556758,2.0901639472783797,-12.291401977883364,2.2311311825950475,-4.46801205716344,2.7751459767603945,-12.814350214939621,-4.330507632560109,280.6072613000105
122,25,5.774795229897235,-7.087771306869354,1.9436421464725004,-12.463100277914913,2.254531983894514,-4.4784922248722925,2.776930533424778,-13.094581108662474,-4.317443959901395,280.52302391744956
122,26,5.769111131264417,-7.227331100566853,1.889642156064535,-12.543810860064108,2.2656276272755234,-4.442339013067723,2.785087667265718,-13.121928217870902,-4.323190866944731,280.52895725597904
122,27,5.7712872852490555,-7.433566038582701,2.185549575244426,-12.409905916088336,2.2520298910934926,-4.509831025726707,2.7703814469376704,-12.811335444613224,-4.312138491065022,280.7070933867021
122,28,5.773048530702802,-7.249462991641979,1.8631670754329772,-12.150038475696135,2.261010445076035,-4.644328832049361,2.7687991944471317,-12.482342700605631,-4.314892669434215,280.5433846356042
122,29,5.78226537084468,-7.076851384277225,1.9370411687787406,-12.776706826170027,2.2748874121875113,-4.336871159777591,2.7827899369033062,-13.305300325426323,-4.300024434497203,280.65308727578554
123,0,5.77468968528218,-6.894043856836151,1.961137671139732,-12.14890494098859,2.259297054629013,-4.766755249007209,2.7806884980033377,-12.227730518234067,-4.308926423335544,280.5436298734369
123,1,5.767879741708343,-7.440471000086742,2.060925556988516,-12.307348257655196,2.256605407959013,-4.470500858657257,2.774394583600773,-13.01002547189485,-4.309341715037041,280.5927135396921
123,2,5.776380659114439,-6.910536007592285,1.8097340259954917,-12.425885774183715,2.259423207352253,-4.547241732927209,2.7661912022574913,-12.803676500404576,-4.298399908221593,280.5435555316084
123,3,5.766901468472951,-7.5195726682280215,1.3599263173685652,-12.278249792076434,2.2679802733725314,-4.536886495006512,2.7913592720665004,-12.635797256748361,-4.316094628967973,280.7441140523934
123,4,5.779387651291464,-7.090221536065903,1.9147953712875363,-12.684692940292406,2.2656894598520303,-4.5453344595000535,2.770409068558889,-12.838334381520578,-4.3088605813281555,280.5648853892859
123,5,5.770147496645423,-7.094238418347935,1.7507385815499807,-12.189217472021825,2.2183081184724727,-4.543302939062479,2.767319690971729,-12.77423096288939,-4.309689935857139,280.5819416768375
123,6,5.774258402494143,-7.427118134673223,1.4159060969246422,-12.423129612014746,2.2418925022136547,-4.469839137763691,2.7806961412767373,-12.907087547528267,-4.337106465099097,280.6771441102441
123,7,5.775713837197885,-7.399353830607221,1.7883737799801018,-12.36141230197656,2.2672757781179644,-4.421116926887757,2.7947400386302688,-12.320662704601563,-4.327007079098788,280.63008603804974
123,8,5.771510832086664,-7.312849796092489,2.0253716024982826,-12.385170425815376,2.2823284042787346,-4.557575313702997,2.79233462156038,-13.210677341472419,-4.318535903167562,280.57081838961585
123,9,5.772979945108608,-7.235238468758314,1.6219804153856114,-12.109843956780034,2.2727277416493448,-4.5796315056725945,2.7783857124879168,-12.626050688424426,-4.311751873427446,280.5095641807549
123,10,5.774956760536993,-7.235646912739097,1.7703647779483354,-12.399137198097185,2.2834740200130423,-4.487708474730159,2.789810344901182,-12.978089413930201,-4.304471671259977,280.54923398612857
123,11,5.769857848432438,-7.166980410995832,1.3848193697706717,-12.304699374318075,2.2475930164549585,-4.520689090544363,2.7864963248165786,-12.811087490532625,-4.325451134465314,280.70312981177096
123,12,5.7720348912636465,-7.22741185655662,1.9127488681616824,-12.419108858267393,2.2353365626916126,-4.558018856825606,2.76999356915761,-12.745961540357733,-4.3054682334817365,280.55758949272894
123,13,5.772009986293868,-7.215111360140951,2.008375701572369,-12.496656966128153,2.2929375285919638,-4.491954273624483,2.7926772939545406,-13.00338953005356,-4.311043786289678,280.5764574375863
123,14,5.766172894341557,-7.333006673582545,1.9836746847883204,-12.242136630841587,2.2622053384354994,-4.515258775708573,2.778776808244523,-12.937735374283442,-4.300388585035627,280.5892103370636
123,15,5.774923415899604,-7.256107356016162,1.5639585739264985,-12.598765398456603,2.2491913172279605,-4.345569506560807,2.7769827541175176,-12.769004790174252,-4.3205202726074985,280.54509273669476
123,16,5.782237756022721,-7.278896336182068,1.826845267680702,-12.550073351512726,2.2963597795420143,-4.261748362038938,2.781325996382373,-13.1195462010215,-4.307883987500413,280.556622900689
123,17,5.7658917894268935,-7.260177414694828,1.909766693655021,-12.57413338244147,2.258526351377289,-4.459726863364511,2.78379452127719,-13.057282763636888,-4.3081184692294086,280.5612853971619
123,18,5.7733651118833205,-6.784745476325474,1.9267984100867939,-12.359369307953331,2.2681018024214534,-4.707103400701666,2.793785660233957,-12.581324583847058,-4.312228714606753,280.62089950105906
123,19,5.7750059345316425,-7.141913245615731,2.3311835203667464,-12.66006401383185,2.2673015667618253,-4.525377888978512,2.7873346065811826,-13.141895277827564,-4.314636884377415,280.8797467580873
123,20,5.766509804443558,-7.096453922277385,1.7180759761118471,-12.387015733025347,2.2377491671687304,-4.584882095066818,2.7809481070018647,-12.797184322296292,-4.3217403151553615,280.57416494406925
123,21,5.778616314419808,-7.502742342461957,1.7424338563313668,-12.464640511380528,2.2880111668932304,-4.439277322334238,2.793442333368047,-12.948770129751832,-4.322751552666006,280.5856365831818
123,22,5.775610117265396,-7.548541376487256,1.6493270963368376,-12.570230096122442,2.265644415506577,-4.2821000033549375,2.7800917385344923,-13.367364308720672,-4.317316462907021,280.51061446405333
123,23,5.772119744612472,-7.079189384724656,1.7737909031338694,-12.312825339083497,2.2610943414994487,-4.601366347934844,2.78236032869828,-12.86918510077683,-4.325050833901846,280.5160861886199
123,24,5.765717280667451,-7.249065100114605,1.810881485861514,-12.223135858182829,2.233649479471782,-4.508553616914682,2.7731042198461884,-12.72860622469616,-4.314420185637435,280.5501461253972
123,25,5.770424351348688,-7.625502084743318,1.772128287195371,-11.940331001584571,2.2836205755221672,-4.47935922927446,2.7816913862010373,-12.533573657054704,-4.307332416863626,280.5280270364042
123,26,5.770157085060063,-7.0665294117280215,1.5702948038613511,-12.356653941438074,2.2248261909936566,-4.558526589548082,2.7663226602543523,-12.786082304635176,-4.320051070026426,280.57389231919365
123,27,5.780013227707803,-7.232034821515558,1.6426590987781005,-12.629869650434575,2.2882532838920095,-4.362117650987584,2.7821234064449616,-13.277273117134207,-4.3262782925526055,280.584101144358
123,28,5.768340303185694,-7.00277419452939,1.5675295608214428,-12.632332995101644,2.2653782640696707,-4.429941695596923,2.772991676676573,-12.745272503647207,-4.309420107453298,280.57623840876647
123,29,5.768859360883786,-7.536937565326024,1.8344070198620108,-12.355410461337337,2.2528593957482737,-4.436084243779828,2.777650564950029,-12.573100166728233,-4.304974949794487,280.52732244585485
124,0,5.7679857176017695,-6.953059254105048,1.934004829266222,-12.736528256654283,2.2274959433439157,-4.547303417412157,2.7718950479800566,-12.925586705002905,-4.317101227653918,280.544948846723
124,1,5.771062589986576,-7.156827793540067,1.7809768585903625,-12.272370145845299,2.2967568922759076,-4.465401411160918,2.787301165403707,-12.428808283539935,-4.30334073960342,280.5497982762947
124,2,5.775603560343567,-7.5863535806545315,1.796316866069015,-12.287522278730513,2.264717095923241,-4.475581849702755,2.7774727043938197,-12.770191671498043,-4.317277404622045,280.498377470443
124,3,5.77444044114639,-7.1486015885361365,1.7833975410650376,-12.526389635791627,2.280018578222594,-4.5102391192489355,2.78606066809968,-12.682412467583623,-4.312774933133055,280.5060119849861
124,4,5.769671228126258,-7.470486667013716,1.920107701464857,-12.327301297341625,2.2557583124370155,-4.4016009329999415,2.789546206124047,-12.97317002349022,-4.327336366613953,280.5583041954856
124,5,5.77565367242591,-7.474482679456087,1.6051701199819766,-12.22838807957347,2.2675377328290836,-4.394505812641164,2.7757614294150623,-13.103095203923532,-4.3124645866453815,280.5052074138696
124,6,5.77836820884235,-7.087516305201062,1.749214214675186,-12.330150663803522,2.2867785326435763,-4.518308587229919,2.783815399883392,-12.769388104781028,-4.305103954844674,280.5149455419367
124,7,5.771438249274159,-7.274204918199155,1.7851372331854483,-12.21038992587977,2.3135150866470697,-4.520307610536315,2.7871290890240297,-12.47568695932148,-4.297095631583923,280.6129550851888
124,8,5.769446484881416,-7.0905598231644165,1.8375320120391332,-12.46892621636448,2.239072745306253,-4.5523342797913156,2.779277732458312,-13.11518704091478,-4.322979297654025,280.5274385949642
124,9,5.775602712479973,-7.1906647547467815,1.950204750147678,-12.26803711210071,2.265959575685296,-4.678945828330285,2.7731097088713415,-12.475178790043037,-4.3100408483531725,280.53808577966504
124,10,5.775689438395722,-7.128332186201039,2.001451787826784,-12.760584948591987,2.2974254733174493,-4.461159891344114,2.785854344996915,-12.833129998495595,-4.311666251202891,280.5807997740243
124,11,5.781363569849962,-7.001790329769965,1.9121705779889557,-12.34340298833755,2.287626772446236,-4.646168820381294,2.786129051844076,-12.941290318467082,-4.314456605690674,280.5760149198523
124,12,5.7724211720350045,-7.111391706494354,1.7171319862952765,-12.526810711150995,2.240993982168603,-4.454160563567883,2.770588823984522,-13.085682615044957,-4.310332239895044,280.5161915635918
124,13,5.769107469093233,-6.998254196199452,1.9921536168671672,-12.152980020700978,2.272749296614914,-4.608195543931227,2.7807456170789333,-12.759784156978474,-4.316327519338203,280.5585105028156
124,14,5.783856226277076,-7.145277090287463,1.4414559490266399,-12.534414189532598,2.2836903727843842,-4.3972796188336805,2.7804949761349875,-13.13072278026808,-4.309618353782788,280.59307527720057
124,15,5.783954465260888,-7.364550679052468,1.6813422839706433,-12.210361537953176,2.2588655007528042,-4.488749062841179,2.772165334657712,-12.954105414121168,-4.315509949660803,280.60019831034185
124,16,5.779597223137243,-7.3625480284280025,1.8110487781860651,-12.51962329412961,2.268736416135916,-4.511944930715139,2.7799262882898805,-12.983423019939645,-4.318185106439496,280.533886902001
124,17,5.7668275487990694,-7.461742172076983,1.872683835654354,-12.302862416666642,2.1994455590685185,-4.548408015133151,2.766607227498392,-12.840354450634083,-4.320750117668161,280.6192534055065
124,18,5.780250033971962,-7.2681563693696525,1.7745939741931627,-12.401786693320883,2.294811625708079,-4.402764875130262,2.78769162707276,-12.514003673855608,-4.318458271709005,280.55272294521086
124,19,5.77256428062631,-7.0856503363399925,1.7111109449226358,-12.42175863012278,2.268395293183445,-4.487524709888963,2.7743345282101552,-13.081249553018148,-4.300149709654193,280.50929484835393
124,20,5.774007831561314,-7.14728084049726,1.8275101360118933,-12.525047848599659,2.2950793761024904,-4.585885333659068,2.792709235188331,-12.580675445327904,-4.318877902737537,280.54990710144864
124,21,5.772858289789322,-7.497883560463806,1.8637398264247476,-12.23602960531454,2.260384341878494,-4.352295193778981,2.7812886484153134,-13.082664154745434,-4.31896353634437,280.5014005646483
124,22,5.765119643038372,-6.913728274691893,1.5153270343049599,-12.06928571838664,2.2624276909144085,-4.5849194190847395,2.7874142587098407,-12.27471208315233,-4.305243434462916,280.6983723804243
124,23,5.776441103794869,-7.451221218752142,1.6674285586361641,-12.275702855759913,2.2639896707350404,-4.501452169672074,2.7790044817832324,-12.960879320805258,-4.31499424301117,280.50892640048926
124,24,5.777371635137984,-7.475663368333172,1.4429176319808101,-11.79832347112083,2.2820224356744006,-4.480596811735152,2.7857408169610993,-12.62072425400982,-4.308159844837745,280.57763438283905
124,25,5.776187633938931,-7.16662768042209,1.6455434318634488,-12.266043532497767,2.2822509676733005,-4.450065434979038,2.785740606714572,-13.008356391029267,-4.315942040425965,280.5231643874023
124,26,5.768771350309206,-7.508863466264452,1.9792543362458512,-12.575414518845543,2.246793266049305,-4.377506060389867,2.7734975744327226,-12.783367217040668,-4.317462155291375,280.54068547815075
124,27,5.768249693634173,-7.019343555451937,1.9492359504281769,-12.601042894037636,2.2839643984280094,-4.413312314261949,2.788061017643829,-12.52737242986839,-4.299091117246591,280.58885336361016
124,28,5.772106687094844,-7.172374457220141,1.7701057740706365,-12.376113365028402,2.272854170239141,-4.546487423422937,2.782638491071315,-12.726566719141672,-4.318676226826103,280.5071820061328
124,29,5.76982691445037,-7.513312180229779,1.7596210153432468,-12.237194309903199,2.255452534787018,-4.45271421532956,2.7694016076771923,-12.718442964176136,-4.306712007676362,280.5268094425593
125,0,5.776602930230938,-7.259160112036245,1.7238172585646259,-12.367792999116507,2.2946356551155818,-4.425620173256151,2.776865991364744,-12.905940096714843,-4.308560958845504,280.5443919320194
125,1,5.778126120093983,-7.278684577665742,1.6037986286116368,-12.441607804012433,2.277876528214661,-4.503680659454971,2.781889044393733,-12.774219960049964,-4.315232231718475,280.52311461731915
125,2,5.781016245985164,-7.553781878569471,1.4735205756738434,-12.263890805758509,2.273271066145098,-4.3428187891738235,2.7777426859699887,-13.101267862378872,-4.317357347413973,280.5655507532256
125,3,5.772430932426145,-7.222714517355415,1.6664801036469157,-12.166132965266616,2.2570728701516796,-4.514906928420331,2.7758297807277224,-12.938794753758543,-4.318401451152545,280.508171382584
125,4,5.770498860158381,-7.453052492870908,1.6933387557279813,-12.021187411446315,2.2765675386440587,-4.643100679488306,2.7844097013777938,-12.841361758421659,-4.308299743551732,280.526158560564
125,5,5.767300806220504,-7.3819853149304775,1.955891208721328,-12.365720260258778,2.257360592382767,-4.447776485018279,2.7808802163157567,-12.811520032377668,-4.315733112771842,280.53439405815595
125,6,5.778947828321161,-7.459398648396871,1.68083733358086,-12.357038000741133,2.2765819766133593,-4.372803755464219,2.776174390339919,-12.745277836133415,-4.312105939135751,280.5106483093725
125,7,5.771714518694959,-7.454180286445992,1.8518046446957528,-12.315224754416983,2.24075545502046,-4.377612693280516,2.77199150405758,-13.073913178688084,-4.316128845166468,280.5099379363547
125,8,5.770162231100905,-7.3492145465863485,2.062557887671459,-12.392890217342579,2.2459041716175903,-4.47698083719218,2.779154727922197,-12.95092656963035,-4.321496517432838,280.55936404471305
125,9,5.7746222117595565,-7.178127518947047,1.6852042918657093,-12.319310740517738,2.267079155126838,-4.491623240794671,2.7829722143565854,-12.691949153042383,-4.314571249215633,280.51273158633774
125,10,5.779054193298302,-7.242477718938977,1.8729719022432119,-12.369464826313951,2.2820052727524898,-4.4230663962839065,2.7825283812302857,-13.11566209712586,-4.313573099377198,280.5293148087552
125,11,5.775309770532844,-7.364942358546298,1.9028470029876345,-12.122134442368441,2.29822249451458,-4.534178463836487,2.79603493261062,-12.817606499459709,-4.316030208875574,280.5731036804449
125,12,5.768748270734069,-7.538965660883178,1.7109976676108403,-12.29548038331614,2.240088977759544,-4.409573374345825,2.77607751043115,-13.072680894990919,-4.318679152674647,280.531078344514
125,13,5.7749257953802875,-7.421207817992682,1.5029559167470916,-12.409319569611334,2.2800524231796113,-4.3906869494490826,2.7800999799116353,-12.711240329362026,-4.318307321356383,280.55268941878586
125,14,5.768034878352316,-7.272459410638917,1.6450759135586062,-12.075019922893548,2.2570124044548456,-4.587833918276488,2.784753572571539,-12.847697396440632,-4.313570056238662,280.574570156751
125,15,5.777513664741615,-7.365302849875776,1.69134612742006,-12.439903225438321,2.2743994353122097,-4.40281384172968,2.778603579488133,-12.92939218467846,-4.306495459701722,280.5018842205101
125,16,5.775776538788817,-7.227168266709432,1.7232788514416415,-12.13169575382557,2.270071612344643,-4.464891458628091,2.7819650582923994,-12.766255505411772,-4.3140557978133085,280.50269713485795
125,17,5.778316314509661,-7.535674150322887,1.7644932302005691,-12.147551560704143,2.2981940818825626,-4.406060536160168,2.7819789999404767,-12.726307186480692,-4.306416471935509,280.52367012257645
125,18,5.775934014971217,-7.076955003841052,1.6025210315927698,-12.380406174783662,2.2700192506184074,-4.6146254374908935,2.776816677200504,-12.397676763316523,-4.298497345401482,280.52748019210003
125,19,5.77660448115809,-7.438341657553119,1.6917077154481097,-11.91341947492813,2.2672895178996577,-4.566956035892995,2.769705257002864,-12.620657484844688,-4.305619447803566,280.50947817299993
125,20,5.773452429551345,-7.440475959109757,1.6998018095486829,-12.250839084093041,2.2730653988553864,-4.442825952843504,2.7884256175986297,-12.707135916470929,-4.310852778919373,280.5451676923678
125,21,5.7708048141332755,-7.641652019834591,1.829722481857192,-12.414150530331074,2.243814398531528,-4.4252093802164785,2.7854239091128696,-13.018085746893977,-4.327593937030174,280.5600954555357
125,22,5.770830526959189,-7.370953255106293,1.9045202585594059,-12.580636133669772,2.2691697001417235,-4.4733714850602615,2.7874376707032713,-12.682408865550654,-4.317246554351009,280.52183828244506
125,23,5.766338241986536,-7.603205182158664,1.9061486037886213,-12.339318446849267,2.274543744923532,-4.39836052824012,2.7879614113088875,-13.060074171765352,-4.316627864771046,280.5664639050214
125,24,5.770686211381065,-7.39061358972375,1.6542601580789822,-12.32264265169046,2.2728654295904156,-4.434758346820561,2.785658518841582,-12.619472119498516,-4.312934485835043,280.53606278967175
125,25,5.776284308727631,-7.5021891529296925,1.8259041163701395,-12.267498719526566,2.278928186946537,-4.456539352625602,2.783946566383416,-12.635194056935028,-4.322399346741734,280.5235102098632
125,26,5.778115422749946,-7.398572625894448,1.821836659900574,-12.278495095134737,2.301189305755645,-4.499842722314722,2.785985957665136,-13.153713129280877,-4.3126956043346905,280.54102900190253
125,27,5.775448831804999,-7.26227395628561,1.9662084139266074,-12.282326980111245,2.2974793233611064,-4.544621769273925,2.7877101655865038,-13.291875638153888,-4.310702365851015,280.55831408431834
125,28,5.774072121459948,-7.475211934818354,1.7730786705629926,-12.434338055008602,2.267175830953541,-4.293765953879212,2.784986257440346,-13.089114252794591,-4.313432312671753,280.514503516028
125,29,5.773081691475092,-7.513002700479744,1.8716840071847025,-12.352594984783128,2.275709014099278,-4.4849366678120735,2.7850021193510646,-12.727429630735644,-4.308970218072914,280.5092131497139
126,0,5.776785775809806,-7.287097685871987,1.70331919660171,-12.156269369400386,2.281355714075767,-4.497052551945953,2.780053430220259,-12.908027163375467,-4.313678168437204,280.5036929541601
126,1,5.779301975245146,-7.452261748907801,1.7711870508988974,-12.43699929747852,2.2818737773303917,-4.434230047309331,2.780618421917833,-12.852483740112945,-4.311434383391347,280.5134861225024
126,2,5.773474968779904,-7.198763025957996,1.7488531340913849,-12.264140842952827,2.286712516117323,-4.582618665910873,2.785751936263879,-12.965561326008729,-4.307062385530434,280.5110634751896
126,3,5.768458461272892,-7.460424576279868,1.7080165118268074,-12.166286968579753,2.271704682481747,-4.5087280134798275,2.777652751338586,-12.888900696870337,-4.297317278836581,280.5567211275913
126,4,5.776750117745141,-7.398557652209239,1.820659273720721,-12.174171451949407,2.259702544747677,-4.441351376765788,2.779809484444693,-12.589676744742166,-4.324958695729439,280.5271775051892
126,5,5.774131836544143,-7.160963465689185,1.7950157593354312,-12.344375061911478,2.277657164855542,-4.441344055389239,2.7809350202122487,-12.86627240614555,-4.310043004530457,280.4941305939727
126,6,5.779842001265959,-7.486730423749742,1.6798164469155528,-12.425985689457965,2.285269652195988,-4.314573417781736,2.780967066946769,-12.879106753734328,-4.302075895641216,280.52249352788374
126,7,5.78117747658412,-7.665018541866897,1.7559911105239578,-12.396836376694436,2.2611690461495466,-4.261187025851622,2.7794751532809028,-13.1081124944031,-4.316473809223053,280.57008714090466
126,8,5.7755396408799,-7.375743229450363,1.7591407183191043,-12.119445439956989,2.2929471148023426,-4.595124197252569,2.7857365047957394,-12.690420693027207,-4.291873515429743,280.55826260302405
126,9,5.770838267971148,-7.276149605231607,1.8297918858719038,-12.370528480497299,2.255603088087892,-4.463500554134323,2.7807919919260025,-12.981588483813491,-4.317225931968268,280.50291162938186
126,10,5.776749594659623,-7.20103783943344,1.6114528897819493,-12.301063432050778,2.2739576268086505,-4.477364748861515,2.7856093200214938,-13.170271591527406,-4.311773637301499,280.5448018429838
126,11,5.767967607118957,-7.411333536141798,1.8088434369530186,-11.993745452993993,2.2589411522412797,-4.607749843008246,2.7776434152049476,-12.607205525908988,-4.31153373461033,280.5196572117971
126,12,5.774948925998885,-7.408583760643146,1.6446930744320167,-12.443727494546865,2.2828393327503806,-4.310757665299433,2.783374531400655,-12.97334165003691,-4.313044308729647,280.51271936371154
126,13,5.777403524768214,-7.1639382073620155,1.749564726867812,-12.211893654421974,2.265706857610399,-4.526327595494625,2.7726333958237825,-12.608631510519425,-4.317559826662375,280.5182322646292
126,14,5.770385097159615,-7.291239220524838,1.8549321514034747,-12.530215359851784,2.2551201315886145,-4.3478789450803585,2.7838291820363805,-13.057614331524569,-4.318921407200008,280.5167561201717
126,15,5.777655168450844,-7.3730103412339565,1.8203501855331032,-12.320498272024668,2.29964300491593,-4.459654956562642,2.787789436352946,-12.851500434296435,-4.308913595748827,280.5299457170969
126,16,5.778090445582597,-7.497044375359865,1.7024274081280684,-12.356135901134346,2.2805017023218035,-4.448509213096554,2.780895703234815,-12.763448084407866,-4.310794084894796,280.50443676242304
126,17,5.777870418686486,-7.4077568689009645,1.7312547547121122,-12.43856559018467,2.2532241321706628,-4.366104106042035,2.7763915901884686,-13.14143514626701,-4.320686317788863,280.53103791991657
126,18,5.774355551772591,-7.094735534870571,1.8116475712695037,-12.607717112850688,2.283318707037161,-4.434854300149814,2.7863378367402696,-13.13815531533613,-4.313015145267499,280.5072245679146
126,19,5.77524160996833,-7.730799743872811,1.7848149116057328,-12.347138870084052,2.2653804340886206,-4.314878019640564,2.783824379505201,-12.950076159140854,-4.324624864951283,280.52172969214143
126,20,5.773836134191897,-7.083142424876221,1.6523477517306688,-12.187567277021323,2.2631224053717123,-4.607664226080325,2.775892565437312,-12.84436905484206,-4.306672949894389,280.50169124289266
126,21,5.774359458047432,-7.351248371996442,1.8455134804988127,-12.30007113218345,2.26178150062576,-4.509347213104635,2.7812936797730123,-13.012497005080084,-4.318810252320153,280.5035306547944
126,22,5.774618917945416,-7.539789482141884,1.768416504512205,-11.730543364332604,2.2410270587484704,-4.597612887637927,2.768718120215462,-12.307544286258274,-4.323179481967078,280.53101287230174
126,23,5.773886767165417,-7.175512343487602,1.7874297446197152,-12.294843708065372,2.2571913598286,-4.555027321388644,2.777541296089813,-12.514972693378455,-4.311413070998031,280.4974387749422
126,24,5.775205729941988,-7.072619184506339,1.7038965095604541,-12.0741503633046,2.275404016872863,-4.652767847094245,2.7843900950986242,-12.654776168574347,-4.307110847872408,280.51737050839614
126,25,5.774928071877023,-7.409954238612316,1.7039390100515053,-12.255480198899322,2.281407420788497,-4.545672935539742,2.781128728092272,-12.429708363892164,-4.31446560876878,280.50517728817454
126,26,5.77326626773185,-7.368071400625093,1.8669209513553084,-11.860998667942253,2.2779851850532964,-4.620461922056042,2.780453419572893,-12.854922477108772,-4.303793901030625,280.50748324625306
126,27,5.775629591653695,-7.564058396136761,1.6380763516158456,-12.378836369646836,2.281161820273462,-4.362551422124243,2.7782128208146624,-13.106094398121469,-4.304871633615746,280.502814489751
126,28,5.77330280503346,-7.448613931875844,1.9189935697292582,-12.373862433562742,2.272900482620676,-4.489329515055251,2.7772740897606187,-12.653944774390709,-4.307231550149384,280.5161325812146
126,29,5.780356533543884,-7.518098082892317,1.7800883976636532,-12.118888819654511,2.2735892563647027,-4.499801785420532,2.7820928037580974,-12.751889253896334,-4.316844420197552,280.54073408469867
127,0,5.770400889465149,-7.120388596203665,1.655183042523235,-12.050814096649136,2.261871430973753,-4.566812672108604,2.778734539759267,-12.529672480920503,-4.306177961329906,280.5238811153161
127,1,5.772371854260246,-7.248714307749843,1.7896755985717077,-12.324456623051107,2.2725409708292785,-4.435640658367333,2.7822933305999404,-12.959241577079638,-4.310241055991412,280.4972321843089
127,2,5.77825783088658,-7.522929076250168,1.7913415655448413,-12.349773210679462,2.286070663253937,-4.361988743126719,2.7858708167704562,-12.956587941399073,-4.300840367322969,280.5417779641274
127,3,5.776143758864947,-7.386239966357074,1.6169990007862554,-12.319355382003458,2.2843209717538957,-4.384500537281355,2.7852561221917767,-12.893192942350714,-4.310332620563566,280.5217068212185
127,4,5.775033004644718,-7.254792974016259,1.8383301347198244,-12.268224463269277,2.277687802630855,-4.510764664855432,2.7809310041495303,-12.973180207314996,-4.310700546742429,280.4974270714809
127,5,5.771791482904615,-7.317156507647851,1.7973208660735676,-12.517531917080364,2.2706219935029224,-4.488012026473001,2.7802102565850877,-12.809950280323186,-4.312073951249204,280.4964836787765
127,6,5.772852214631484,-7.33887063362223,1.7104514815204197,-12.183048191189856,2.2838324577135425,-4.401951980520574,2.7830958789944926,-12.825873543218854,-4.3057155198249655,280.5101282340918
127,7,5.771960222129649,-6.830387369346438,1.55234950416676,-12.125214150220417,2.2672441281431133,-4.6067897277096534,2.7774236642287033,-12.431018452094499,-4.294682401770189,280.5683581763539
127,8,5.776760450499828,-7.149171226691286,1.570095528699656,-12.090079763825932,2.277603344012512,-4.53723586385735,2.778145766539939,-12.552613157715571,-4.305813594099748,280.51068484512
127,9,5.77544532122616,-7.10846765288224,1.6708302902339138,-12.450376320903533,2.267928306245443,-4.487523270696871,2.7810513328908635,-12.874160334193748,-4.311326613226492,280.5075592263007
127,10,5.772521573253028,-7.475591443647999,1.7621519119862752,-12.259680293282365,2.264024184923764,-4.495288468184804,2.778788830778339,-12.821803842661462,-4.316160039258088,280.4944445331693
127,11,5.777066560985669,-7.429941237657624,1.6743362741457115,-12.097072143421588,2.272347733310218,-4.472990410931786,2.7749945486259886,-12.656159332138422,-4.301612466360118,280.5048024052811
127,12,5.7749440908782175,-7.578444817316021,1.6816862151944465,-12.392292849701919,2.285226977021771,-4.439300101009061,2.786868330968717,-12.888665179896725,-4.312173447309058,280.5183796426858
127,13,5.77656256584914,-7.189347953708986,1.7818462292456625,-12.314783900374518,2.273146317825855,-4.5756937390068995,2.775593914876583,-12.959982841814519,-4.301325686935524,280.50498930045984
127,14,5.776255450014541,-7.610547640110357,1.784912786336895,-12.210098808935138,2.26354274618774,-4.395564621336855,2.77377581949006,-12.604404988834888,-4.3161305077038365,280.5055271167946
127,15,5.774847548770228,-7.475702802787045,1.8349659129432618,-12.4157060145827,2.2775672240140388,-4.415797128285775,2.7820447763425835,-12.667759546305444,-4.311402878132869,280.4975789206071
127,16,5.7735825099859195,-7.24742324585519,1.7417455746546586,-12.362694570430829,2.2636567159910332,-4.5009539220559995,2.779393624882686,-12.629893628898438,-4.319656867647223,280.50013187042157
127,17,5.773489222838951,-7.50629639398497,1.6396922173715178,-12.31415119192177,2.2571566867895005,-4.4259354561529145,2.77399267669574,-13.004502281817233,-4.313046276572574,280.50370985133054
127,18,5.7722055035651,-7.7525650401938355,1.6794549312325564,-12.174446932659228,2.26746332241983,-4.415507706828217,2.774435124386331,-12.816101573730736,-4.304996022816963,280.5058982036501
127,19,5.771309039239289,-7.061358173940786,1.784050189257847,-12.36753202193032,2.2636072019027087,-4.438352624490168,2.7763223736079836,-12.950003521451553,-4.309452991766186,280.4970164999901
127,20,5.774544071356614,-7.509995450192623,1.764542385424528,-12.280629150500218,2.2601021088705258,-4.396257540889812,2.776426261861006,-12.699767904988516,-4.314284617056598,280.4924765576201
127,21,5.770010675305703,-7.141029940530439,1.7662855110687963,-12.246477699393278,2.247900986001652,-4.473911144502635,2.7764816980719917,-12.827931735074774,-4.315767887327293,280.50694450681704
127,22,5.778770448159978,-7.296848672564237,1.514953487042648,-12.285870101203816,2.283617997366595,-4.4050311658355294,2.78120107385025,-12.71628101006821,-4.311546739088938,280.53398352555047
127,23,5.775778137660567,-7.126480511542263,1.7064182216159132,-12.213945034558963,2.2883824730123887,-4.440490759295172,2.7817072251401282,-12.859919174598799,-4.306029939263356,280.50341223997117
127,24,5.774899656023214,-7.474642206403413,1.683921769373072,-12.536714735814908,2.282053144261061,-4.365075004070921,2.7817398221811334,-12.686834680696991,-4.301710146386349,280.508634509055
127,25,5.779343503457152,-7.171562913366415,1.6129539108758657,-12.053636644421934,2.2912297188117554,-4.618818244760465,2.7806822065405115,-12.491553250893515,-4.293769342252253,280.541952007217
127,26,5.777994469773714,-7.208211175512001,1.8232089330838996,-12.581101231853221,2.2730978338270007,-4.444257160947173,2.781865834536296,-12.811543416009192,-4.310703586389107,280.516546450231
127,27,5.773817365437085,-7.456588044643081,1.7539366807933066,-12.177392390989619,2.253910159675158,-4.501583260709571,2.7747884226207087,-12.814043542732636,-4.317089097213735,280.4971548751088
127,28,5.772405930736596,-7.533315649555673,1.8636098538156856,-12.360790749677223,2.2539837942562495,-4.440756636336288,2.777267246477758,-12.929808929391012,-4.317217334196562,280.49860776176047
127,29,5.777546853215825,-7.243858501908606,1.7719071405952649,-12.135124772028147,2.28245724990065,-4.495311626819906,2.777205662782453,-12.878298248870706,-4.3010329808610335,280.5074862521837
128,0,5.773735096465685,-7.25706091428174,1.761338718449754,-12.427597677630995,2.2794518762640457,-4.47456011132812,2.782473149743741,-12.832441398490033,-4.310407999290836,280.4971244711013
128,1,5.770784447170973,-7.788335015430264,1.9843234963846088,-12.21881778049607,2.2399162623908464,-4.510313643180569,2.773449488206983,-12.628444237970992,-4.320580213299601,280.5373506340286
128,2,5.771187524103465,-7.562832006316542,1.8301979391695555,-12.179397666181629,2.2572893023462886,-4.522295845759192,2.7788110516635793,-12.770012667244707,-4.318142498204383,280.4984026926343
128,3,5.7729583265173785,-7.246146138617577,1.7525013338434323,-12.425100134363323,2.2657634812602354,-4.4276135540006365,2.780290661769974,-12.827544231381653,-4.311760497538371,280.494166314783
128,4,5.77138483950478,-7.496233224641742,1.8218928286838245,-12.21997051726064,2.2545064059850466,-4.443060385777392,2.7774312767459364,-13.082903301266672,-4.318885104998363,280.49885575945336
128,5,5.773104642511338,-7.467887062946687,1.702192768603951,-12.217165776636591,2.2661584205172276,-4.434032359459858,2.779449569791983,-12.51586296229177,-4.306454646560779,280.50302104733794
128,6,5.774172517753289,-7.2269508118344765,1.761106011651247,-12.169946880691137,2.2719706052160205,-4.535865043576696,2.7785068682735243,-12.826521545567502,-4.309046087295023,280.4900484947776
128,7,5.775941739536671,-7.387358084550909,1.8047055826696077,-12.407772313253913,2.2731010720746987,-4.418043638100574,2.779504553971896,-12.861603109551263,-4.315966247304712,280.49958420004214
128,8,5.769994470698974,-7.466799391378675,1.7216670585003828,-12.237869806529979,2.2485157224633388,-4.485958045280922,2.772216362298887,-12.978404211384403,-4.317783960400338,280.517205023929
128,9,5.776845383347398,-7.375085969287782,1.6879689306414691,-12.373266253066586,2.2533558271317697,-4.422167705801244,2.7733266882086114,-12.801983354531613,-4.3140639769807905,280.51292195229314
128,10,5.773384611011662,-7.341523156630627,1.726570266883745,-12.200853101344936,2.263927356183862,-4.406656321753339,2.7764107832274583,-12.699400097865194,-4.312339346481377,280.49183868077637
128,11,5.772379642351595,-7.313874030876587,1.7514187648787307,-12.376485443917458,2.254795629585776,-4.445461370279221,2.7749935861802895,-12.81730619181345,-4.306277431574733,280.503338207268
128,12,5.773957665280175,-7.382540163383071,1.8938510563039646,-12.394125505729773,2.254495156662134,-4.420001301927333,2.779206170905867,-12.921304221800282,-4.320175192018505,280.5105802581655
128,13,5.77560783696435,-7.4816337311279915,1.6881628008273986,-12.07207199882879,2.270127591112015,-4.4836212675865,2.7735152850420817,-12.677485577468778,-4.30906658050932,280.49852983957175
128,14,5.774311115618038,-7.461183854121286,1.617981817032787,-12.361725682584868,2.275392964687044,-4.369865690365666,2.774182579216606,-12.934906567914318,-4.311905901334972,280.52225716956735
128,15,5.771601701352302,-7.391121489613478,1.782986950495404,-12.390385708161173,2.2655047940732,-4.389876697934612,2.777194371561955,-12.80571294724336,-4.31358046085807,280.49815807749155
128,16,5.773309723150746,-7.415361163394476,1.7386680480536554,-12.366617515651804,2.267805076279807,-4.449900713392361,2.7812780398445383,-12.689940274064218,-4.312460990735024,280.49627755564285
128,17,5.773225229161612,-7.483212458006025,1.7342412953409507,-12.338078597896214,2.2648613503167017,-4.421669103749977,2.7768782654174364,-13.131279485647784,-4.31707876895884,280.49879686869286
128,18,5.768447191062239,-7.530876395415428,1.7629541106781565,-12.333244853846262,2.2573477369296158,-4.432490732719066,2.782711285718596,-12.772021456602113,-4.317719587896051,280.5262912072641
128,19,5.777429188938355,-7.490816854418962,1.7721438713878863,-12.511271249800656,2.2755322429709812,-4.402567758996885,2.774122918041062,-12.957390482625676,-4.3032633530392275,280.5065538547083
128,20,5.772002621152777,-7.3521907559141,1.7868020993530538,-12.211846086871583,2.2618298968836212,-4.489685503066813,2.778537734964395,-12.88093814384123,-4.306589666334106,280.50081399323165
128,21,5.772189616857997,-7.486236960677927,1.7911983970822174,-12.248468961720226,2.2527441021652908,-4.429414426679546,2.7803984256363585,-12.929191086516566,-4.319110037509583,280.5066466015279
128,22,5.777384099345,-7.542428889263735,1.859478876658434,-12.484100760984505,2.264141055115268,-4.384026904691434,2.77549296756965,-12.752997675503456,-4.31801590464192,280.5209822930915
128,23,5.7676916754647545,-7.239928819137781,1.91476599589286,-12.393826756780232,2.246614890821779,-4.571117330145651,2.7749364985791876,-12.576377404256657,-4.314475180883117,280.52572250026304
128,24,5.7734655233423995,-7.581967053793967,1.8603693400987553,-12.159739889986744,2.270262514573848,-4.491961251254832,2.783679565972476,-12.649647342083055,-4.323566603759339,280.51561573336403
128,25,5.776636853441737,-7.244385590752457,1.7459779380415237,-12.307428515144702,2.2777460942973895,-4.505428626987103,2.7768968370833265,-12.827965644324669,-4.30661466418597,280.49604939043456
128,26,5.778959340093122,-7.5234102815982995,1.7168031777085426,-12.430543210382902,2.2855365343638354,-4.325120869966533,2.7853228847830875,-12.802059045636677,-4.309800261749672,280.52334641282533
128,27,5.774987980876468,-7.267892885440638,1.7394461379806587,-12.13978074541283,2.2761639038977064,-4.535107569688344,2.7841259247177037,-12.676928390649456,-4.3108971841998525,280.50347523166835
128,28,5.774527557666246,-7.548328522918823,1.7915825717842155,-12.382760486913492,2.2612829688858236,-4.318368416882051,2.7766654912658963,-12.952304262352108,-4.309460825789786,280.4936750767862
128,29,5.7725115768662105,-7.527092056355591,1.7822976449960966,-12.253507083036318,2.259058016279354,-4.519596652204721,2.774990418835662,-12.691580594091702,-4.320970641705138,280.5093486571402
129,0,5.775097588598082,-7.168074947438027,1.6635680869278227,-12.174529591847476,2.284205524042668,-4.495281833580698,2.780295169752632,-12.940980630036265,-4.304978314978049,280.503157220613
129,1,5.774688181861537,-7.259069852052619,1.7797254261844988,-12.251758277011096,2.269113300920086,-4.502340706419816,2.7814819416998207,-12.958638163475966,-4.312523317200819,280.495420806364
129,2,5.77332094892065,-7.070903621317583,1.689376466260368,-12.497403247679046,2.2801395756889793,-4.385329177105735,2.7789291528920366,-12.885901959922922,-4.302475130583289,280.5064273363945
129,3,5.770325655014623,-7.4889258402123176,1.8884810563399392,-12.556204811625587,2.268777601964074,-4.299468203778258,2.780385360004126,-12.947627309920385,-4.311193475651848,280.5099873145339
129,4,5.771639778421682,-7.542781288328744,1.8138200318630406,-12.310261438227782,2.273539392572,-4.421350666938372,2.7789487508380373,-12.872239741594065,-4.308333583469254,280.50230571430274
129,5,5.773700849409924,-7.217266028629995,1.6780218561139484,-12.178656111715108,2.2570062206799197,-4.471731113487185,2.773083473462071,-12.667646673727306,-4.311545513691423,280.4983175594567
129,6,5.773707673904463,-7.251931720112213,1.8266428624551936,-12.25553945318613,2.2669233180035424,-4.5298326340471915,2.778769024623647,-12.870884654452635,-4.309094970757999,280.49285090317477
129,7,5.772569045698892,-7.375693160571023,1.7091825145836042,-12.346390417130461,2.2607297866609106,-4.398087668419222,2.7756337177290913,-12.918043179459788,-4.310071933969823,280.4953222554466
129,8,5.776528208593443,-7.169668708828415,1.7033775885981537,-12.167714651244946,2.2712881647844774,-4.459900841743617,2.778252492183207,-12.77838945859821,-4.308812778435476,280.49605405069315
129,9,5.7721327521038726,-7.420259945620385,1.8163529939484502,-12.343423080583433,2.258804775610635,-4.393483827834594,2.7746097250565644,-12.95324988885718,-4.313580512733912,280.49654954321545
129,10,5.775192758637098,-7.217423903152265,1.7405480016311305,-12.393118440150026,2.2744489203734184,-4.39636491385568,2.7812655733638754,-12.841357674684083,-4.309967022008172,280.4944744934153
129,11,5.774004019782547,-7.57142475125405,1.6689520428408446,-12.257354611883555,2.2601762283051734,-4.3884132956139865,2.7739848652795747,-12.794276494805153,-4.313832416292016,280.49960843462884
129,12,5.773889292282457,-7.5367766871000645,1.776751293908303,-12.154189364027056,2.270585811834511,-4.42721884522361,2.7766508585614504,-12.775432497359327,-4.314754409301414,280.49955894230595
129,13,5.771106986084334,-7.332680868926621,1.739532476480485,-12.341007148645001,2.255470332468044,-4.335875371202,2.7771568214920226,-12.82880907978028,-4.311750485836957,280.5007287660358
129,14,5.778230311528929,-7.491568122930215,1.7185138101684345,-12.154693155922178,2.2878396315738034,-4.439706435189582,2.7821674214183005,-12.611890528856945,-4.30957271014001,280.507724199128
129,15,5.77672996820935,-7.457982340626892,1.827640831577559,-12.171724857051583,2.288892077782341,-4.49941744083532,2.78437140296331,-12.867581421523465,-4.315322260801723,280.5185939478689
129,16,5.772582373770549,-7.39364895175478,1.711116518138352,-12.153805463374399,2.277786754734206,-4.417346662136945,2.7803382898437783,-12.812381481874448,-4.312106861341364,280.5061143256186
129,17,5.775764533785929,-7.244046512655049,1.660207705591653,-12.101341154707217,2.269935833680139,-4.4983519769518425,2.7782163989701867,-12.977239624579083,-4.306344535071471,280.5014719900628
129,18,5.7753977000184245,-7.176663322398481,1.763921129184283,-12.051874332010936,2.2633905160956433,-4.535880819559857,2.774846426275228,-12.775790046202149,-4.30948906219595,280.4929234320954
129,19,5.774347617503825,-7.271520766973338,1.7437396230914919,-12.339010282069333,2.2747035459600546,-4.382077638429796,2.7761825261141784,-12.807954627415665,-4.302961123631556,280.49764552777253
129,20,5.7721111258518585,-7.434760751795448,1.66101369583988,-12.32177001586174,2.252066802521494,-4.424007618504521,2.776515608911297,-12.711069430830827,-4.310792992876358,280.5144305458533
129,21,5.775820704220563,-7.2396434286439,1.6785752090896275,-12.207205102175433,2.250119048602805,-4.4115283555870946,2.774971969803587,-12.846518552911393,-4.315510192204023,280.51716373654625
129,22,5.772814609484904,-7.480073843889608,1.8314654376973758,-12.194805967775567,2.268648672958372,-4.415408734782115,2.7776009736132417,-12.942269379693675,-4.311309988867439,280.4951692968139
129,23,5.771932085634426,-7.361262723690778,1.835030429242981,-12.120322233471414,2.2674436503525803,-4.515616557006497,2.7807993354349776,-12.674387311244596,-4.315708489506436,280.4969524358263
129,24,5.773037737756558,-7.24792259126204,1.8171276453958445,-12.32255389666637,2.266821800890356,-4.518259160120938,2.774966658841912,-12.752315879506819,-4.312210146596565,280.4995143711484
129,25,5.772914154786491,-7.520063099931212,1.788863308644676,-12.259352058738942,2.2725372313512793,-4.376409080226454,2.7797962067809916,-12.672303501364361,-4.31348758029958,280.4958016311
129,26,5.773236271804481,-7.395582292896093,1.7793249733046195,-12.31096416376273,2.2719428163114657,-4.397365003589768,2.7782282412611408,-12.901147219052893,-4.31417315819268,280.4977928280589
129,27,5.774639537641322,-7.371567029921225,1.872016790070955,-12.345476934943234,2.250720512149401,-4.423534463788227,2.7749224230842704,-12.823893995295908,-4.317184812742126,280.50950411877193
129,28,5.7741401331780615,-7.5703509307173515,1.7806147168086506,-12.307059394113763,2.280572378711047,-4.424309158686273,2.7795758808174447,-12.847850142467793,-4.308722978371262,280.49871320629154
129,29,5.775867865962509,-7.308532701559075,1.791711255795325,-12.33623177604285,2.277432555885077,-4.449618036756644,2.781815156257461,-12.917771594929382,-4.314764237433388,280.4990004089926
130,0,5.774514225193307,-7.267183064788987,1.7412892146028813,-12.227701141670382,2.272367408786402,-4.519541737282833,2.7755919860556926,-12.883665672584408,-4.303922614365908,280.49542009961357
130,1,5.771987846125921,-7.2467520315971345,1.811917972217608,-12.430442449295695,2.2660094417513648,-4.428213377461948,2.7789009062855277,-13.023124296831611,-4.313502077984173,280.4938726662481
130,2,5.773034091323754,-7.204275410580102,1.7998950564514495,-12.233635069811678,2.268227795822346,-4.546649303390991,2.781197203499806,-12.896139335830389,-4.312017210697512,280.49333991975175
130,3,5.776172007172669,-7.334305024191014,1.8097341620375698,-12.201743095459618,2.2752895701670366,-4.389708566241254,2.7785787339174455,-12.96076474546706,-4.3107790991841455,280.49668698605876
130,4,5.77302053812117,-7.387761047259051,1.7559469923374922,-12.078106433035732,2.2636387228297505,-4.371600023481427,2.771768094268162,-13.126914598722681,-4.30620207370204,280.5027390760171
130,5,5.774536668110124,-7.3352696116431915,1.8106314297427777,-12.185942023027277,2.262259833917246,-4.507417300902708,2.7791605162401996,-12.806699152366111,-4.313868535785085,280.4951215465776
130,6,5.773378427602474,-7.406397507738574,1.6989126372686156,-12.116495256025411,2.257172258037533,-4.456221665349528,2.774880176173579,-12.852510349669366,-4.3110182272742055,280.4963015065358
130,7,5.7729640735065555,-7.35587433518992,1.8809739124503249,-12.38453357112403,2.266810073425925,-4.468618440395673,2.777814534607375,-12.89045815278466,-4.307361919781558,280.50152063159044
130,8,5.77466348183405,-7.118268911172315,1.8841145328752582,-12.227034854617637,2.266688232476388,-4.5067537284194215,2.77652336675827,-12.923417321163964,-4.307590269459139,280.5044302573285
130,9,5.773965637274867,-7.3411329362330555,1.7623524708897322,-12.346719293909606,2.2606781257657222,-4.429705399389436,2.779302303793135,-12.90461227161717,-4.3122972601998,280.49701798825845
130,10,5.776755763936785,-7.328849167062876,1.8111541486314742,-12.078750175729663,2.284161157898929,-4.524519167306,2.778193136646929,-12.701895687075494,-4.303887134920594,280.50678388893374
130,11,5.776354200992693,-7.37356518572553,1.6572402006817244,-12.220212578110937,2.2722478975666234,-4.45386387802829,2.78003474636007,-12.83160547717371,-4.306268620522554,280.5079608002404
130,12,5.775005279643408,-7.297335669296639,1.8484814034085346,-12.383734617326514,2.2753520451528635,-4.423454102323492,2.7826229218563356,-12.941330979066613,-4.319475437495584,280.5092648197278
130,13,5.775029567727063,-7.279970753920395,1.6650428506564199,-12.203392435003085,2.266867923056914,-4.402437057559057,2.7751332486722182,-12.923863918014488,-4.313358288553012,280.4990356101603
130,14,5.775101940192615,-7.263300145656159,1.7870261941255854,-12.24929997347158,2.269215640547341,-4.4166666732233875,2.778144847011454,-12.996981381224922,-4.310799406005904,280.4907183877218
130,15,5.7729711348742,-7.344810086864458,1.776125137460461,-12.166807987390335,2.256754149599633,-4.503688763349054,2.7748090897711233,-12.689969965418308,-4.310411261971182,280.49312040997347
130,16,5.775709246112708,-7.2978264698452024,1.72688891407037,-12.250055270251199,2.270905611035833,-4.38971285170993,2.7774941931674073,-12.801659013796776,-4.309658443247596,280.4915738296552
130,17,5.774714479056717,-7.326857607117308,1.7234652636857775,-12.165871086922529,2.27163509931134,-4.46355377295812,2.775812415468166,-12.699825212118668,-4.310345270996147,280.4942008070899
130,18,5.774185480923807,-7.147508858031939,1.7982231912588427,-12.091251332084376,2.2745601044407784,-4.565927131012754,2.781417445227796,-12.779573936463342,-4.3112001127702895,280.4926916429285
130,19,5.775141701195254,-7.234204753332249,1.67040392398068,-12.44796463662471,2.276218038122323,-4.403545031806652,2.776679385113299,-12.878198725846124,-4.3032381181122155,280.4990736009913
130,20,5.774144121312755,-7.347048405552282,1.7755722069015503,-12.268546671199982,2.269294148223747,-4.409808910861322,2.781760260319511,-12.746361526269565,-4.313301892884692,280.49478204408535
130,21,5.774501012321461,-7.506258775606935,1.735249780495399,-12.109724358471613,2.2625960248295485,-4.4352670263436424,2.7760347213132555,-12.693982601332358,-4.31268441521277,280.49135487129547
130,22,5.7728492863812875,-7.414715032414041,1.8105956510953571,-12.215366045751141,2.2542918514706445,-4.470315540148137,2.776008036886791,-12.96217481100321,-4.314523409870113,280.4941241305014
130,23,5.776170192109429,-7.273235778879009,1.719727650568312,-12.277600697684843,2.274419384678521,-4.432829290524985,2.780274702398953,-12.80676658569986,-4.311415811255969,280.4954702966055
130,24,5.773874231995681,-7.156105243500485,1.8135982125457248,-12.184100687375055,2.2681390195518856,-4.494732196471699,2.7808362786381466,-12.759899998007535,-4.310572599624928,280.4942144908115
130,25,5.776062510989619,-7.185469222006844,1.6924268315308384,-12.29745077027302,2.277509429801834,-4.526644016927018,2.7776394806331224,-12.812834231964494,-4.3097005222202345,280.4960361283221
130,26,5.771422645138561,-7.285245079299869,1.8074567400291448,-12.091867764006773,2.2574713043142647,-4.509921243158983,2.775518954401229,-12.663725961684678,-4.3101148202977315,280.4959971545035
130,27,5.7743408404613765,-7.317591349199199,1.8518905060690447,-12.217647248125777,2.2588082733122254,-4.465460807303582,2.77734164202253,-12.752350796572502,-4.312994347564689,280.49817077787304
130,28,5.773470219621005,-7.040049132130476,1.7979931064839927,-12.156154075333856,2.2550212431636494,-4.495396130560837,2.7744784902117723,-13.091446847781592,-4.312877822584427,280.49369189121603
130,29,5.777513144124478,-7.286915625139963,1.757999324356578,-12.392770371948698,2.2672911458590934,-4.372460597359431,2.7750861715597157,-12.919908388244426,-4.305166781655823,280.50536147036297
131,0,5.770785822730967,-7.444805720688125,1.7040672640092442,-12.275062658146606,2.265543683799153,-4.393393192996738,2.7743717915443264,-12.707830642350531,-4.301108226669229,280.5189873387716
131,1,5.773937439464334,-7.354742486056005,1.8635110616495456,-12.013600608722811,2.262271855540747,-4.541817184225798,2.7796473500165453,-12.952428785827367,-4.314196570044078,280.4979571702837
131,2,5.773491957885924,-7.171550678193373,1.8063793073028642,-12.36425820013173,2.2635472630763247,-4.432090924232323,2.7802942197367657,-12.984644056221084,-4.3179216178664115,280.495538842399
131,3,5.773372814821015,-7.5091895260233406,1.7097406542461635,-12.30046135123703,2.25969038100915,-4.355897764659714,2.7726564717436606,-12.700533881790856,-4.310013754875732,280.49695542981215
131,4,5.772575710741746,-7.142113884837053,1.8777046110738094,-12.015948679268002,2.2706975791243043,-4.55613962301072,2.77815792753856,-12.851467631444056,-4.308271277425811,280.50217133786487
131,5,5.7725140324433255,-7.164209441340518,1.8280064289164724,-12.259099088094958,2.250464096662898,-4.471038090398939,2.7745065437509413,-12.955489430907685,-4.314809984772203,280.497472535911
131,6,5.769900339480013,-7.396051588241588,1.9665871732118438,-12.37513072295739,2.2450616928242604,-4.396788188390283,2.775111871553604,-12.883398709647476,-4.3137435165562765,280.5267465932766
131,7,5.775479821612608,-7.228079407336418,1.7692751311329262,-12.14038107795373,2.2619578810594243,-4.427083252561543,2.774092706166755,-12.958123363918334,-4.3103927574216785,280.49436105731627
131,8,5.773827130187413,-7.177690523462684,1.7221453575308334,-12.13756147590919,2.2639144079833287,-4.503284686269427,2.7767824003793566,-12.873943519142351,-4.309757598559537,280.49163173579757
131,9,5.774415735405722,-7.28678197769849,1.7544511974579684,-12.086362860192844,2.270334678600138,-4.450850505895832,2.7812987223835113,-12.674926984033748,-4.312303089102711,280.49406084708846
131,10,5.771433601259597,-7.131895515884967,1.813267935659944,-12.342102925690863,2.2479333796154055,-4.512392027564957,2.777605610896434,-12.720624647617056,-4.317460183570966,280.5036299137429
131,11,5.772881211516792,-7.5118693921736615,1.7729219325860637,-12.122046102413192,2.25438728433653,-4.464630956148491,2.7732581476282854,-12.677859231934098,-4.314299764805224,280.4957802216452
131,12,5.7724623877405765,-7.480387920435469,1.8565249396520866,-12.162449300967905,2.253681582345308,-4.4356684693442965,2.776843645202052,-12.940036002290695,-4.318195892001318,280.4988970321548
131,13,5.774772122973803,-7.478122965946706,1.8395167979440286,-12.155238285971812,2.263032935774998,-4.445421331486881,2.7708880733648598,-12.829777497911342,-4.305773499691238,280.512055299134
131,14,5.773581237788361,-7.220351977744186,1.8875148830650628,-12.324067357589037,2.2624991702254382,-4.477698558700996,2.780101072892193,-12.793441411888898,-4.314356844782594,280.50057872865455
131,15,5.771168964709707,-7.454213953956525,1.7482456405897693,-12.275885450742889,2.259596576169958,-4.419275528630398,2.776007391527086,-12.836691690544576,-4.311637468446942,280.4978394891309
131,16,5.7721830055605015,-6.947421661812083,1.869121019542436,-12.247578021100278,2.2542712522236212,-4.576065505365769,2.775931297058252,-12.793508651501188,-4.30783192467323,280.5064755808464
131,17,5.773054394519709,-7.052968043275692,1.7725796839151813,-12.366904711899341,2.2724901635549837,-4.497137715534867,2.7788078163061214,-12.91608297208936,-4.307814938638636,280.492841952262
131,18,5.774180321816636,-7.2759281518039725,1.7699299807649178,-11.946788669995097,2.259011304205872,-4.458877521192872,2.7695962225489303,-12.900040426840539,-4.307143926428956,280.5058414600187
131,19,5.774521079244434,-7.530339420515391,1.8340821662321443,-12.238869657574622,2.271323136322151,-4.340325096166931,2.777801167776239,-12.929890270256637,-4.306448659187756,280.496545314735
131,20,5.774968922582847,-7.343778758708745,1.7863360610723629,-12.361267362522167,2.264088104567176,-4.526858622550178,2.7751520584929854,-12.754575417312992,-4.3118361834011605,280.4923866889737
131,21,5.774228720892332,-7.2909545507476095,1.717337091968027,-12.071185982771645,2.264541097093832,-4.391424464047742,2.778141682155941,-12.84376558170576,-4.316160209590243,280.49538925511854
131,22,5.772915221713105,-7.3666525315416616,1.8118425141473105,-12.218585815449492,2.2731321437050305,-4.433769091861318,2.7797200521066285,-12.82279915522339,-4.310268393847085,280.49427787691116
131,23,5.775445491516672,-7.1437303750583485,1.7129734313631053,-12.341059985035749,2.276446211118351,-4.456631751541219,2.777083751489709,-13.069973782028152,-4.305706121023004,280.4940735365025
131,24,5.777210557388754,-7.278670951295774,1.7397859765483064,-12.147700481393587,2.277203226526429,-4.464968301755146,2.7813794309041557,-12.622610136637457,-4.310298707985516,280.50075906041536
131,25,5.774966393335222,-7.197644324089435,1.8048145302325769,-12.209544926941614,2.273349415578532,-4.50547667378607,2.778754826648232,-12.979570531256108,-4.3118390014099495,280.49286402554515
131,26,5.774229804244216,-7.302748747889799,1.8136849857918034,-12.068124056945015,2.257053031761983,-4.50021664119759,2.7717737551199506,-12.854745101204745,-4.307835877257087,280.50135610622993
131,27,5.774502085519169,-7.240870372093189,1.805134437674648,-12.108270817671102,2.271078416452398,-4.499377437709702,2.7828156496057836,-12.770092237086988,-4.315453218876118,280.4978774853241
131,28,5.778207352709825,-7.207606600952421,1.713323405732199,-12.070375598847173,2.2659977875071493,-4.452274801315314,2.7740819485912156,-12.828176812650828,-4.312772114919288,280.5074334135131
131,29,5.773964030705016,-7.538434946765016,1.852216993020205,-12.28248251412902,2.252058138228443,-4.465110113174763,2.778356248904939,-12.943169573295751,-4.3148143647144455,280.5091831707154
132,0,5.7739413965698585,-7.2398652943811435,1.797978443259604,-12.26085369856419,2.2726821378635957,-4.475544986609846,2.7793448559055993,-12.934112705188443,-4.3108026071616665,280.4912974883662
132,1,5.772105906551366,-7.253819369348877,1.7471741535985932,-12.292360231845073,2.263835289218284,-4.524558472715942,2.7773735573572162,-12.821610079249318,-4.310900566691678,280.4933012762971
132,2,5.773995269696471,-7.324201651278372,1.8203012826312133,-12.323225765904171,2.263208386671186,-4.431393547548186,2.7771244630294465,-12.759643678956325,-4.3109345890640185,280.49177701670874
132,3,5.776551141259584,-7.1885838391021375,1.7525973481585786,-12.221092786693731,2.2761387953765135,-4.452065280189142,2.7817347197059457,-12.73324744773522,-4.309841958439929,280.49920045539676
132,4,5.773648866834585,-7.2568577552944715,1.7663536111746014,-12.208687267093218,2.2600796356012984,-4.477442425917245,2.7751433537826977,-12.830861927564037,-4.315892455923777,280.4942485516859
132,5,5.77439885551765,-7.308654685075869,1.7593420895661278,-12.241678870067469,2.2579099280862094,-4.442859347914344,2.7777548999611805,-12.720654991567955,-4.318121776037981,280.49800685816547
132,6,5.772058998312314,-7.175967435034942,1.8559463153544948,-11.959983227770108,2.2526239714217784,-4.58374586322663,2.7773233916057256,-12.954780891391778,-4.3184412493822215,280.4993330614285
132,7,5.771963961203607,-7.318686746601967,1.7481851754382254,-12.388357665825128,2.263164350486357,-4.482337307904823,2.7758385291579213,-12.780633996098345,-4.314514860195019,280.4986252992546
132,8,5.775374635954012,-7.357625753184886,1.7308658453596637,-12.166837197569972,2.2643642686161978,-4.4654478638351,2.7737572443841008,-12.758975303303838,-4.313043901452649,280.49644012890695
132,9,5.774495136504863,-7.324807087814877,1.7389688880878884,-12.117781151643516,2.2711855422459535,-4.491790505489664,2.774034225029249,-12.771677820346651,-4.303272345818596,280.4985391482177
132,10,5.771857019412269,-7.31127877888873,1.792650801365006,-12.192442046339265,2.2529686041942245,-4.514648303258132,2.774041002062066,-12.84823946462283,-4.313834176848683,280.4959742103208
132,11,5.775302254969773,-7.211764115608554,1.8057576001092686,-12.433735251941114,2.272183941957815,-4.4286196926886765,2.7774156358598523,-13.06833254068527,-4.309656728816954,280.49324776080385
132,12,5.7744603252747995,-7.2798044400796735,1.637776151153135,-12.143287044268213,2.2601654393124253,-4.481949064955675,2.771526714342402,-13.018290249406594,-4.310325587983495,280.5041173551237
132,13,5.774566639907206,-7.373642873694932,1.7442334132191808,-12.16795323101983,2.256261294875813,-4.484697063929275,2.7732586000305988,-12.848246305691458,-4.317207952336962,280.500325959911
132,14,5.774547843367853,-7.256061067701181,1.755627093658285,-12.336187377985294,2.260759372849278,-4.465784739945555,2.7761642716990074,-12.778601212755653,-4.315814217432013,280.4935566479864
132,15,5.772807097233809,-7.31113367984783,1.8018039823692231,-12.292509179888231,2.2622879754450453,-4.504116013454433,2.7757771455624134,-12.77002957355648,-4.3117192039252705,280.49174849247527
132,16,5.775749172126877,-7.185475929181465,1.7788316109549798,-12.44519200882093,2.278336441665981,-4.431405570223338,2.778275427762589,-13.048010769495422,-4.3065533976018004,280.4950541033665
132,17,5.773844985293025,-6.995983341172254,1.772439937091823,-12.225726725507743,2.261774208007114,-4.593518447817131,2.773966759461636,-12.807698993664868,-4.302001566679497,280.5043367448892
132,18,5.77523527186767,-7.255027499867335,1.7743463970774713,-12.288137586595584,2.276473844773142,-4.440608444557748,2.7793881636322366,-12.985526226602657,-4.305440032567201,280.4944346537462
132,19,5.772556656850441,-7.2865918838415435,1.8337158522263173,-12.282428624480797,2.256866183034048,-4.472778585172773,2.7792266379361146,-12.858542924102457,-4.3181642995017295,280.4972323537341
132,20,5.776684782130444,-7.283869342006115,1.7205528891586372,-12.090193445827547,2.272395665310222,-4.466763568287626,2.7768349661245426,-12.765570634795463,-4.310253145855619,280.4945633199614
132,21,5.773671360790358,-7.202866319558014,1.7646988286418201,-12.269134332761338,2.26826814959648,-4.4825856210277,2.780299165914442,-12.961710846928108,-4.310869535834094,280.4922608728122
132,22,5.773042127447834,-7.216084617132147,1.766806627587102,-12.22167147451334,2.264553669605517,-4.5055615717961865,2.7787728005952705,-13.075082891744442,-4.310131523470922,280.4918957267043
132,23,5.773426998436943,-7.18837704477242,1.8495037434386352,-12.261615556281765,2.2653982284592753,-4.520397186664825,2.781312548577103,-12.959986387987033,-4.315184454116939,280.49645235947753
132,24,5.774259007625434,-7.280595472295844,1.724766859878322,-12.178286403927766,2.265845761191916,-4.440860440771632,2.7806100340312048,-12.849221223386214,-4.314556464019679,280.4972761627329
132,25,5.773622601203664,-7.228963618410241,1.7291620254924356,-12.301566411106318,2.2688200621100916,-4.440364743827731,2.7785271506018008,-12.803787310942496,-4.310286764138332,280.4913174460295
132,26,5.771219242145247,-7.203390750810585,1.7920566785274894,-12.285774773135682,2.2660832629076926,-4.464058693250015,2.779117782240433,-12.904267997038588,-4.309015372922362,280.4976347875737
132,27,5.77371088543028,-7.251775793082372,1.7711096214076683,-12.394673458627526,2.267671852832553,-4.43470695742228,2.7771934381940895,-13.015572588616646,-4.307748422260714,280.49071902276967
132,28,5.774189172771847,-7.44861805939714,1.7475779030413323,-12.221428091453223,2.2662140906409776,-4.399318955845885,2.7752946431269265,-12.95764444982687,-4.310940797393894,280.49158747571107
132,29,5.775740410506815,-7.210380769923347,1.7823236102893352,-12.109278444272764,2.2618697622175756,-4.491494406697197,2.7740902644059355,-12.880817775095185,-4.3066304710641665,280.49938235938953
133,0,5.773546194626462,-7.136967008834307,1.8124921914744814,-12.457800200782616,2.266262483419983,-4.4419966600996235,2.7757643467999427,-13.080632713476856,-4.308456430998204,280.49309596803516
133,1,5.771924138659581,-7.326205925701777,1.7667747386730803,-12.170342896619928,2.257405073495953,-4.547591237682687,2.7754751273848326,-12.968901505051907,-4.313910161213658,280.4941487369953
133,2,5.773171439967158,-7.254747068377205,1.6734057808500609,-12.21195968649381,2.2554055248810223,-4.4835205404602965,2.7754594724605313,-12.90333594989743,-4.316663973021938,280.5029242527613
133,3,5.773861370766208,-7.254303011950235,1.8044826054319625,-12.199915738581105,2.2692024700063187,-4.470026067690725,2.778106340220355,-13.009565268504135,-4.306661389701446,280.49310986215147
133,4,5.774141907255354,-7.219623871624478,1.7436838262745225,-12.188780553456192,2.270552058186809,-4.514543033480886,2.7788634145443893,-12.828129349355399,-4.310324273039226,280.49024408310584
133,5,5.772459385274233,-7.349488593586856,1.771075379796393,-12.387234314158656,2.2654565565080804,-4.440664424091568,2.777339065360565,-12.917474639169164,-4.31195757284568,280.4921277660733
133,6,5.773823642415354,-7.212553131130196,1.7595604769952553,-12.38785722241084,2.2599613220755845,-4.49249834964531,2.775970173017331,-12.749904553653527,-4.306955490514238,280.4966108144971
133,7,5.772136565832611,-7.259121341083378,1.7703509852068442,-12.221742230643182,2.2661079801099784,-4.5150580525417245,2.781228492944793,-12.983835846352738,-4.3109905632003915,280.4975958301818
133,8,5.773400117469689,-7.377153900607523,1.8135221159217152,-12.289719827717184,2.2688171637386625,-4.417495374456068,2.7801467382049316,-12.752903432272214,-4.309703302965001,280.49269308512544
133,9,5.7759850986381505,-7.444041893368672,1.7625925501978001,-12.083382276722983,2.274184124468199,-4.49790624674033,2.7760924470064974,-12.812771165948998,-4.307349942075638,280.49450860423116
133,10,5.774481849137511,-7.105082107542298,1.8008750434765508,-12.32479017945616,2.2710999109090597,-4.511550631714498,2.7779667291027708,-12.999689263004601,-4.309527310479003,280.49080475495145
133,11,5.77282511590071,-7.213109393203345,1.775420208524594,-12.236461222176237,2.2563198556558923,-4.510197646941251,2.775911441107197,-12.834583299172724,-4.313629323807084,280.492367115512
133,12,5.77206078306738,-7.315208328883771,1.8174578097327165,-12.303718622973177,2.2698834747518832,-4.459685386972847,2.7756135732914147,-12.958231231204397,-4.312695606852409,280.5090890507286
133,13,5.77299815444123,-7.306508197035949,1.7424922393867843,-12.362795025574993,2.262715625188927,-4.4282270457171755,2.7768299444565154,-12.935720005550214,-4.315225506454105,280.49368493579993
133,14,5.773470367166562,-7.20642795294227,1.8005726351742437,-12.313447440605918,2.273714037309458,-4.424175257958445,2.777819527195408,-12.924383377351955,-4.307505954556233,280.4949288620627
133,15,5.775085328459647,-7.473277477659327,1.7543558980312153,-12.148931072472138,2.266251014244664,-4.398383852038057,2.7742640674519623,-12.924834406303164,-4.309387709183379,280.4930910651414
133,16,5.771665052687304,-7.0041544662860975,1.829937487780043,-12.216271376978252,2.2647688068288225,-4.544652128582208,2.7786975886477747,-12.734072222620908,-4.315163952531922,280.496139400696
133,17,5.774836851516784,-7.150052783807824,1.7673767831359064,-12.208151362322717,2.270244640929032,-4.565908976274297,2.7755805951737633,-13.008573405827873,-4.308891110420048,280.4920571007809
133,18,5.774284700448837,-7.334164907994987,1.777916704108635,-12.322429016477358,2.27004508182835,-4.4507669231181035,2.7770817413421915,-12.986115884282635,-4.310593056457084,280.4907832848969
133,19,5.774714941709843,-7.181267129426647,1.7285813966615653,-12.272978154853384,2.271129817362053,-4.472980470979645,2.7772087499759976,-12.91461246886498,-4.309019882632204,280.49051389581564
133,20,5.774066017213257,-7.063605704322286,1.72766427247674,-12.245674489719782,2.273190712250997,-4.516811778885765,2.7783322957427417,-12.9233953904583,-4.30825305178646,280.4916499231206
133,21,5.773939821930226,-7.373632459752218,1.7690468353340263,-12.308136909853738,2.2756889165392735,-4.457767711925172,2.7775229460433306,-12.716955942358704,-4.306029007839632,280.495206532935
133,22,5.775433422053983,-7.113429484012173,1.7317244500971745,-12.117500604013907,2.2720366886924714,-4.590626660485323,2.776096913308222,-12.81237329590561,-4.305123707876111,280.4933650050177
133,23,5.77466206419234,-7.118548617439694,1.7659477991578405,-12.226975581112592,2.270276744686662,-4.536995274236156,2.778394404553736,-13.013911275681924,-4.30699680546933,280.4919127429403
133,24,5.773239052918367,-7.213599463006524,1.8259778636665713,-12.321200836899537,2.261332424109701,-4.455622976886705,2.778098313538281,-12.921362525066357,-4.313492318399233,280.491847890799
133,25,5.772851662755327,-7.2171102798086535,1.7369490071952398,-12.31532305191561,2.2624517266839392,-4.458660949132632,2.778038178751504,-13.00597749557603,-4.315694099791544,280.49434496526885
133,26,5.771466942578609,-7.210203227503102,1.790658212646217,-12.347397366443154,2.255429145239802,-4.484894650200167,2.7753688912504066,-12.998807973187873,-4.313566725536801,280.49516703949496
133,27,5.7763163436786735,-7.365991487735062,1.6826395286580853,-12.383012422422594,2.2688772606920558,-4.372127297920064,2.774336846054686,-12.865870550465043,-4.311681270405523,280.49906146068764
133,28,5.773052484476708,-7.283552507579069,1.7519625640656935,-12.247120857766904,2.263847219066226,-4.401091589489502,2.7770521176063188,-12.940006527249992,-4.310371233265455,280.49067405869107
133,29,5.77658849496166,-7.205692557460223,1.7562117265636488,-12.352684888429353,2.272591398902314,-4.457667105541276,2.775970689062673,-12.797527885410018,-4.308356320939283,280.4949842875569
134,0,5.774931477495696,-7.239007819637312,1.743335828655896,-12.295939799967048,2.265026416212008,-4.4969547556009175,2.7753565700627556,-12.854857085642083,-4.309741095569866,280.4908422179273
134,1,5.774434011023594,-7.1063702718950434,1.7613378397405686,-12.25395548900379,2.2643342912891318,-4.507732370089805,2.775254212436525,-12.941022678044865,-4.31134746065476,280.4905754608462
134,2,5.772954657492351,-7.224718542859546,1.7483405111292192,-12.121381259590294,2.268631888548161,-4.499753378898939,2.778975444060871,-12.580132840001696,-4.312594480724974,280.4922157174829
134,3,5.772556181108184,-7.136267349856172,1.75865686725742,-12.311680070708219,2.2612603725774507,-4.495590445726168,2.775557216379243,-12.838473601598903,-4.311285208464674,280.4919652354721
134,4,5.772698391631423,-7.097987658019519,1.7484465161354577,-12.20174774886684,2.267996553066502,-4.496353125529929,2.777702166857963,-12.8735194868246,-4.3085355020940534,280.4925535854295
134,5,5.773003701358185,-7.12330160938954,1.773802181029283,-12.46474460644044,2.2689040842689425,-4.458377527527078,2.7791290574260463,-12.99389601084054,-4.307511376877965,280.49315339625406
134,6,5.773557747723868,-7.329458215823684,1.7639517839782686,-12.276668930699863,2.2675886014096314,-4.42644566794523,2.7768495750676365,-12.805406113481185,-4.313154689034388,280.4924810542205
134,7,5.7749304937182915,-7.2218738448214665,1.7638875605780042,-12.23413898324686,2.275396810207235,-4.493003358274947,2.7790723226270733,-13.038309464614565,-4.30879357210142,280.49125748119104
134,8,5.7712519683715815,-7.475095880832463,1.8625571532009735,-12.288279919023127,2.263719492821211,-4.371180881576873,2.778586223075412,-12.928028666340536,-4.312050984011205,280.49865481241625
134,9,5.773318772739722,-7.216775340464468,1.7760762670661527,-12.131768054204354,2.267883095233859,-4.549701410488833,2.777499976070734,-12.798736416871778,-4.311301603236285,280.4902027149859
134,10,5.772866451666818,-7.272922390803975,1.7898563289162528,-12.339210151055976,2.2672379408168095,-4.394380683007863,2.779019657078258,-12.832805824559053,-4.310591556932176,280.49098003398933
134,11,5.774431359706733,-7.2518685553855144,1.723459247098242,-12.057985598624908,2.2683743359589124,-4.506478240574846,2.777283914473697,-12.77430408541754,-4.313301450645536,280.4922249036856
134,12,5.77357772857939,-7.1455700190478355,1.7396554246909832,-12.255434758974923,2.2658021088632117,-4.493924455847303,2.777089941832649,-13.007125638189192,-4.313928415586007,280.4919791991189
134,13,5.774049427523241,-7.294143229187903,1.816531454579966,-12.20828909700182,2.2676411793553317,-4.481564636682381,2.77754352734675,-13.014492851276882,-4.311953782524967,280.4913978023055
134,14,5.773594990815358,-7.161424957647807,1.8190698638567502,-12.274327269093426,2.271795254384435,-4.495681805267356,2.7771384715057374,-12.943831428630205,-4.307596992556963,280.4951099139496
134,15,5.774323056881026,-7.2971650036045625,1.7584457801581592,-12.411543896541811,2.2677641097300945,-4.379221244186453,2.778528226316563,-12.908958038351951,-4.313228908241672,280.49047793320926
134,16,5.773857608563151,-7.34696567764992,1.8405398684562675,-12.293411559941124,2.265091576697571,-4.488690599167128,2.777090418063973,-12.941774921910087,-4.310390811506483,280.49338215090756
134,17,5.772956244047033,-7.2518314851842955,1.7739766132004802,-12.291666778899987,2.2649982530429247,-4.468954989225768,2.775847386995343,-13.00527750152005,-4.309736157327388,280.4915937816232
134,18,5.773262456132377,-7.3273769409876905,1.740797704936951,-12.102200211817799,2.2667336551825623,-4.526158606340412,2.776330086169364,-12.83567928573332,-4.3103614611838355,280.491362006272
134,19,5.773463445771187,-7.089664716100313,1.7788399051033181,-12.18976784164395,2.264591526418695,-4.502816745125706,2.7777320758000674,-12.916696136846507,-4.308795823704977,280.4911763758882
134,20,5.773245513104994,-7.281802863281016,1.7870819233829067,-12.132269741783754,2.2664246957681495,-4.459530953957603,2.7775953426580484,-13.046462082115774,-4.308407286605315,280.49106866287946
134,21,5.776936665136598,-7.058527199540842,1.7417494862784908,-12.213780403682042,2.2718135576798,-4.537293857055983,2.780064006874895,-12.92763797520227,-4.312512171955223,280.49934880531293
134,22,5.774198764018138,-7.343813362144177,1.7127106438982576,-12.055294915824897,2.264789575677897,-4.493303841604303,2.774560895053277,-12.853391726017433,-4.311094821491806,280.493143178166
134,23,5.7736655039241445,-7.210419403373859,1.7451636989085093,-12.310025274282475,2.2648840308555553,-4.455757300973682,2.7766283715853692,-12.955002292537761,-4.308267680779977,280.4910675359844
134,24,5.774809378208436,-7.070906048677342,1.7739384114708958,-12.212520644014049,2.267364003321358,-4.51284964363729,2.776169759721199,-12.999256100001354,-4.3048571305569086,280.4950215538346
134,25,5.7736999540991185,-7.380377734264086,1.7300705726165653,-12.295054279209161,2.2737881827810313,-4.455301334967007,2.777237084544973,-12.946646158714055,-4.305866198025425,280.4948009204027
134,26,5.773532115108863,-7.341271180866972,1.7398023096364486,-12.155068906357615,2.276728118951195,-4.49137321284759,2.7818509051755327,-12.738576872711176,-4.310193053726349,280.4962032019557
134,27,5.775067957084408,-7.183887998446984,1.7682156283768784,-12.384406378339941,2.269288707305943,-4.443303026029197,2.7762101401192303,-13.021815958555381,-4.307968554911023,280.4911755115942
134,28,5.774207954297541,-7.07386716775908,1.728420118726438,-12.282619956340207,2.261184246739604,-4.497790810995271,2.776738672460548,-12.973636062739928,-4.313252729459529,280.4922693053029
134,29,5.773103780572149,-7.175978050853996,1.79831237082398,-12.408783823134938,2.266909409283422,-4.465378277707796,2.778161943740921,-12.959496909289463,-4.312550332651013,280.49069929254534
135,0,5.771690620039283,-7.199134366813878,1.7542846416851987,-12.209495196863923,2.264161926151271,-4.462912742511949,2.7782481556033023,-12.887543923921232,-4.310595097873228,280.49513134897944
135,1,5.773840528124184,-7.247105155981482,1.7675989813572526,-12.11735606207556,2.268441446562741,-4.475655267077403,2.777684651111987,-13.013195768992336,-4.310305809174575,280.48951093520077
135,2,5.775482784191659,-7.079467428279688,1.7396305185465046,-12.171746159120918,2.2717343584496117,-4.518238168537323,2.7763274748300386,-12.837383870166327,-4.306309599427635,280.49218583704027
135,3,5.775098996019995,-7.206350562243043,1.769373915832614,-12.235868671349726,2.270304470268119,-4.49697939026126,2.779416272130142,-12.946034844162186,-4.30984408334422,280.49169426585115
135,4,5.774872253865771,-7.229417222774907,1.735542420290248,-12.235047266039201,2.2717310473023344,-4.487557866656377,2.7785686884758123,-12.986042687722044,-4.310555023062039,280.4905327175231
135,5,5.773649244769525,-7.270482801741487,1.7789787507701529,-12.275668495016001,2.263183333245057,-4.4862484845070325,2.7771540633295437,-12.920755997065934,-4.311530900134276,280.489654325482
135,6,5.774703128462832,-7.20127305476444,1.756438024247849,-12.281652576097935,2.270312832300512,-4.516636732963431,2.777782353329782,-12.789689356768694,-4.3085143706222615,280.4899718295325
135,7,5.774623103876128,-7.345611673974454,1.7685998798362428,-12.199995888544773,2.2707351501890813,-4.427465032383993,2.7769940450094452,-12.855577771548685,-4.311998275041796,280.49228224659754
135,8,5.7724032270114,-7.292482797522497,1.797113503853239,-12.324260138021451,2.25792867826737,-4.452171090486885,2.775172494515443,-13.048666931326078,-4.315000243435652,280.49428385411426
135,9,5.774764673477201,-7.237434973765771,1.7531774000291553,-12.330761316651634,2.269014116850208,-4.445790162899215,2.777203918241192,-12.981125339762851,-4.309733195068049,280.489662515996
135,10,5.77364863284622,-7.218323050410171,1.7815864244332535,-12.214506124915474,2.269460599619635,-4.464901823623524,2.7758193055005913,-12.925586066309773,-4.305219248507686,280.4947409951582
135,11,5.774614214978299,-7.081525188044285,1.757035220870785,-12.371373152072069,2.2689233922983716,-4.451583209071493,2.7776081891505227,-13.010851224869663,-4.3114018651742745,280.48957513106416
135,12,5.774084542561932,-7.316110690352003,1.7807628165442713,-12.216188988743074,2.2631354034928832,-4.4484556684955185,2.775583267454475,-12.80975339443817,-4.3107234121451325,280.490437147972
135,13,5.772707651901734,-7.217277276252517,1.8330341952449822,-12.288324329688471,2.2624324175047894,-4.456406000349037,2.7760103083386585,-12.918825487732196,-4.310349053890643,280.4937242443071
135,14,5.774308596649699,-7.235477735054033,1.7552533018412215,-12.26244602433567,2.270412379869204,-4.438556579864112,2.7753045846570696,-12.916422901299867,-4.308531129431557,280.49345081241745
135,15,5.7733939966845815,-7.2444345092492695,1.7698045364238941,-12.125689665561994,2.264889115890397,-4.494009172612693,2.777985860268058,-12.933941562806263,-4.310968518546111,280.48982439678855
135,16,5.774519515621557,-7.119850429137155,1.7827512111106474,-12.285075788272819,2.267733042977502,-4.483515454101009,2.778503064932385,-12.827508259983352,-4.308655227156551,280.49153000851857
135,17,5.772696750193295,-7.248239254633181,1.7458187423418514,-12.2289941092961,2.261800423545272,-4.478511391777074,2.7774299193314222,-12.878776504612942,-4.314801434542922,280.4929784100897
135,18,5.773733215819556,-7.214366206655446,1.7126131653774093,-12.37320603318895,2.264427570622051,-4.441469354361339,2.7757377234175746,-12.968820021706641,-4.313403016909537,280.493939613694
135,19,5.773680504426345,-7.229072082687525,1.7435476917420896,-12.237953249673339,2.2639933608087897,-4.4418429352969,2.7757047765767444,-12.977778379130765,-4.309094334812008,280.49073671969563
135,20,5.773700965222712,-7.1902508001990535,1.7038567142752699,-12.241487588329953,2.2718761046668785,-4.456217669789282,2.7779087125201927,-12.870779386979224,-4.3071080791018845,280.49414053421015
135,21,5.773045337556497,-7.170216734782498,1.7957924166718942,-12.301297293649654,2.266413088337717,-4.4875524931074064,2.7769016055551394,-13.014557210917461,-4.3079183963581995,280.4920079973419
135,22,5.773562600186742,-7.223140419434042,1.7547431159664602,-12.354911979568397,2.2693581836133316,-4.456033775966951,2.7784726745571993,-12.822693640319555,-4.309890609428756,280.49019992021533
135,23,5.7737847235351385,-7.208326454187315,1.7458826708347663,-12.369578739147364,2.2683796195261516,-4.463707802383253,2.7771345348155854,-12.880376186275912,-4.310674811043528,280.49024203571855
135,24,5.7737957013432375,-7.223472802005986,1.7739026223960235,-12.259692267666178,2.2697487116480297,-4.500042103758035,2.776914918307658,-12.890225099722803,-4.307263933906913,280.4913085974721
135,25,5.7749010015722435,-7.254041471117275,1.7117042657919301,-12.290480540573238,2.276277335146591,-4.487916929143086,2.779794417280395,-12.92770597406714,-4.313362635383513,280.49682258097357
135,26,5.774129473858646,-7.24774763675603,1.7173033497744667,-12.291253479888287,2.27216230733443,-4.471488176494612,2.7781936253716206,-12.881662347939235,-4.313928060316639,280.4961298379017
135,27,5.774572245629205,-7.145532600226028,1.7620101537727115,-12.377302979681513,2.2709840562249086,-4.457253070931613,2.780299391689944,-12.797805390285426,-4.3121801720989525,280.49142817448393
135,28,5.774564014412743,-7.383991191912569,1.7719910789260822,-12.262544794514179,2.2688531225537654,-4.428735562783064,2.777488223304744,-12.87851934868412,-4.311060493214139,280.489806495882
135,29,5.773564348740932,-7.158698065657902,1.733055088272473,-12.260270960993562,2.261014453163948,-4.49685111911193,2.7751786813374224,-12.80596066338712,-4.31156422223811,280.49142700915775
136,0,5.773961458925475,-7.294784247564019,1.7769031433399536,-12.272366026843562,2.2707094340777334,-4.4189120887130775,2.777779104579483,-12.944744059101607,-4.3078410732389,280.49085834580603
136,1,5.773623947652697,-7.2384697486822995,1.7526302506879126,-12.312377149045098,2.265866568261809,-4.472992020576656,2.7763382114482806,-12.941508332925276,-4.31185234287197,280.4905600486333
136,2,5.77295440177299,-7.1812199990892225,1.7449142650461587,-12.225715065791539,2.261428470401002,-4.488141958890702,2.7755273121973265,-12.895890426191635,-4.310235410416864,280.49161056902653
136,3,5.773262545453887,-7.187777477002933,1.8179755218002693,-12.286194449576334,2.2710673802907166,-4.483448226890164,2.7793647248845614,-12.992261462321316,-4.309679238382506,280.4923393709358
136,4,5.775105061499131,-7.207130016263396,1.7172092150825107,-12.350121795705283,2.2712009832338467,-4.447253054798986,2.776943360510537,-12.896974534737563,-4.308605335639364,280.49119105070577
136,5,5.7733374379918425,-7.222327683133033,1.7490047107869533,-12.260794002431924,2.264724465839983,-4.471745171767386,2.7763658139378395,-12.826790133261383,-4.308183194991692,280.49130149325026
136,6,5.774072850606676,-7.235423235118748,1.7539294413240432,-12.2632195180557,2.267441557300087,-4.468758286207658,2.7779278281129396,-12.932577657406739,-4.311160933538438,280.4894838208695
136,7,5.773434717824538,-7.33961931346106,1.750497671834801,-12.226691656465208,2.258739464975981,-4.470516357040568,2.7755704636836764,-12.986205183568265,-4.308520414641364,280.49441591070234
136,8,5.774430884029229,-7.159665346975662,1.7251309890029352,-12.344976186484256,2.2690204470833133,-4.391349476942652,2.7767746031024703,-13.104325662272931,-4.311315440229347,280.4913009760125
136,9,5.774631977254817,-7.340553185186501,1.754185604491297,-12.312551605426444,2.268907314810577,-4.3673631109981805,2.777779615139979,-12.878778542769828,-4.313327704814151,280.4913555894532
136,10,5.776442760243703,-7.345340793538915,1.7340855948512934,-12.183226963102731,2.2717863141504044,-4.494383988088003,2.778310004645242,-12.979290543758022,-4.311331472828546,280.49403850489426
136,11,5.774394452611134,-7.317333961441985,1.7723543673883748,-12.1902828335933,2.2653487226179765,-4.477188595158849,2.7767472679149154,-12.910142466835508,-4.309738468191125,280.4898908048842
136,12,5.7740258357825835,-7.293881614755322,1.782786379326024,-12.329068578376381,2.260404385769965,-4.4374116561974715,2.775331011291286,-12.878444794266308,-4.312811049345552,280.49122223474023
136,13,5.774415297904598,-7.245449384378058,1.793434523244381,-12.123307547067652,2.2685129952948277,-4.5523530611573815,2.7790101964774068,-12.88245852755509,-4.311580043699999,280.4901911703632
136,14,5.773639700816366,-7.1588546249521725,1.7740341398179376,-12.271596780035589,2.265277991471332,-4.46102281380625,2.776752823304463,-13.003243783887124,-4.309825979973814,280.4896147048622
136,15,5.773629301394222,-7.118377653967508,1.75405020977664,-12.180931172050304,2.266403957402558,-4.526709880878732,2.7766558644951833,-12.931238411414228,-4.31166163761857,280.49007264021753
136,16,5.774333443357943,-7.122478832640588,1.777237945211752,-12.230942798030842,2.2716929395586343,-4.494424936223779,2.7788828722605596,-12.901354138658398,-4.308180072011254,280.490632683765
136,17,5.774342386820144,-7.287278046929839,1.7366445038851424,-12.184962624593155,2.2676424294543462,-4.4588644117089276,2.7768098805738286,-12.937885774199504,-4.309865733629899,280.4899058493779
136,18,5.774077301137457,-7.2123556416077115,1.7426174893134379,-12.247215478264454,2.2717366770607432,-4.421113557198636,2.7784945200854705,-12.990105469601675,-4.311814837683956,280.49160561217957
136,19,5.774652167302606,-7.277854006428286,1.7689851912880603,-12.231293286417726,2.2697394600054257,-4.433389507218072,2.777505345873462,-12.994585581660509,-4.310253014239795,280.4897587042443
136,20,5.774057010584717,-7.221502106990961,1.7638864293237835,-12.425875192860708,2.269780195677226,-4.404019505326052,2.7780547179211252,-12.981644328312132,-4.310448010565415,280.48974522393485
136,21,5.773399436218001,-7.240095452294882,1.7070104265739885,-12.290226133202296,2.264619583538789,-4.4140993469070375,2.7757515558084362,-12.984669448773863,-4.309668065706215,280.49297210061815
136,22,5.7744695207190295,-7.0856949811670855,1.7547048887636645,-12.264150512167763,2.2722635219120266,-4.483679160019291,2.778908425354337,-13.036363547915306,-4.310832121258126,280.4901893506329
136,23,5.7751433701871635,-7.191075286868279,1.7682133819765853,-12.214432696522545,2.268184999848712,-4.476527761753472,2.776095731485445,-12.989741490155732,-4.3104371689302905,280.49098318753204
136,24,5.77407870558935,-7.32466322362275,1.7348236896952856,-12.260361167419678,2.260940594037,-4.413361942141987,2.7755175150229747,-12.982918756287619,-4.31297927182908,280.4916770571108
136,25,5.775831615244414,-7.143221854880382,1.7180139462966328,-12.320863967017534,2.274458215449061,-4.474713771283361,2.779412152524834,-12.812705025580794,-4.3093729406935,280.49322326938966
136,26,5.773760534311801,-7.232794272861725,1.7700153218542953,-12.179180511316472,2.2681226526644633,-4.506678162348401,2.776850929860856,-12.963522155401748,-4.310931666394079,280.49023962647027
136,27,5.772886589596004,-7.130678402915802,1.7791928620854824,-12.207560280445788,2.2639926584996544,-4.453153176991328,2.7766194341699113,-12.877201220179193,-4.3103634056341935,280.49048687987863
136,28,5.7750164289566825,-7.299956725935736,1.7401251461515523,-12.266126223778103,2.2687997789083045,-4.395913150156792,2.7775216986765097,-13.165370926632894,-4.310484255318855,280.4901437384691
136,29,5.774357692408997,-7.227392388159388,1.7494927259954964,-12.125328394723743,2.2673489526288817,-4.4981811095751585,2.777107787860298,-12.895763510352102,-4.309166007126709,280.48975587686346
137,0,5.774644388975772,-7.258895642160648,1.7538910112648898,-12.278464826988994,2.268444990693415,-4.442708142723651,2.7773578472904976,-13.033613519001932,-4.310170204046119,280.4895847782805
137,1,5.774153309789278,-7.369199954364273,1.7641422352800171,-12.29236297984534,2.265076920397006,-4.410210818085412,2.7769224520497726,-12.972476468949932,-4.310651322967406,280.489529081761
137,2,5.773970488875425,-7.283450799105835,1.7337888133534936,-12.326957363821638,2.2679550730683706,-4.4272027552126705,2.7764949672892256,-12.965576042084711,-4.308857411720832,280.49062096478855
137,3,5.774175470201865,-7.1687775759335395,1.7651181803553153,-12.24393636221314,2.270007165440995,-4.46976100528568,2.778648669680342,-12.80972341118304,-4.309011530971132,280.4899863116871
137,4,5.774510941563451,-7.152814204679314,1.7940854621522313,-12.237212803075707,2.272533353519055,-4.499518015196466,2.779597509871927,-13.003391274340304,-4.310080403504279,280.4908334750519
137,5,5.774836248046214,-7.239178275257707,1.7623767409093458,-12.206785341688144,2.2700026966612716,-4.4794280327031775,2.7767323433600883,-13.018852246533461,-4.307776966334248,280.4905819581645
137,6,5.774220561018174,-7.163223374909647,1.7736269284034918,-12.272613154303475,2.2686426193424234,-4.481295042237229,2.7772531670512244,-12.986055941633634,-4.312357009667597,280.4904965801432
137,7,5.774084816022915,-7.254906571132439,1.7790434607000285,-12.253395210949314,2.2689660953334876,-4.451794673535298,2.7763905620890923,-13.028841694258311,-4.307859133896018,280.4911917488788
137,8,5.774674236633171,-7.2347782712114155,1.7288768152870677,-12.243978153570716,2.2677089677121547,-4.45764980044421,2.7761263301337027,-12.869480301880307,-4.309694748270415,280.49052262982804
137,9,5.775382844144367,-7.130842569578345,1.7567948642093587,-12.177715081979676,2.2677511522481,-4.49746713201198,2.7756119730031616,-13.008547057916147,-4.310013313545487,280.49137949747006
137,10,5.77486254779522,-7.2001111228353185,1.7403335311171682,-12.326266150942192,2.267959185836328,-4.43331720571423,2.7774496524018906,-12.981249275389752,-4.312594564431709,280.49076027167075
137,11,5.774575565670654,-7.147274303153207,1.7680855870728134,-12.33112490200583,2.268640986862236,-4.440874324663931,2.7783074640168954,-13.000635406147229,-4.31033740675712,280.4897255299824
137,12,5.774425338604515,-7.319485119313086,1.7598999169940976,-12.331676799455472,2.2669155467112656,-4.410757192541287,2.7777769515274255,-12.978165532652852,-4.312169014007824,280.48969773760706
137,13,5.774014239822462,-7.256979063763947,1.7502250782690394,-12.191772846635013,2.264481221446962,-4.489986726416837,2.77591810853165,-12.886901943680135,-4.313157214439464,280.49123046892873
137,14,5.77436841340621,-7.332530257417036,1.7565338101797046,-12.295651480053705,2.269425963120336,-4.392002000934217,2.777723499186961,-13.047804061373693,-4.310290811836524,280.48960047596773
137,15,5.774326008133992,-7.255596516705286,1.7489030958376017,-12.260379841608932,2.270930250424644,-4.452673604058653,2.777885231640005,-12.97582680052332,-4.308667032193357,280.490067786998
137,16,5.774430798472387,-7.19188268982323,1.7511627045218559,-12.129453568845145,2.2750711007952686,-4.489035620694595,2.780442667003362,-12.953407839769906,-4.3087036886374825,280.4922133291383
137,17,5.773435163620354,-7.209635731743298,1.764124604471255,-12.297021894524082,2.268810360570697,-4.459810982855346,2.7766473540435963,-12.973370557975343,-4.309554492020264,280.49132385489634
137,18,5.773727047083799,-7.225176376051809,1.7514876858143429,-12.251202380585578,2.2660251986641033,-4.470711262919375,2.7767641992351377,-12.962877477328082,-4.310750132665098,280.4897363666007
137,19,5.774805642004976,-7.308281302124579,1.7435612575380854,-12.268334068817323,2.2694020706562257,-4.475664016425176,2.7764764452694,-12.916776203729704,-4.307831729347781,280.49061702511494
137,20,5.773340486338811,-7.144491317056117,1.7883775292430928,-12.278903721770737,2.2650108868242413,-4.527339424160334,2.7778498169848533,-12.794389063826154,-4.311888783543051,280.48947103674516
137,21,5.7749082433828995,-7.251103139560444,1.772660195730213,-12.177988538833594,2.2685047900104043,-4.490026427334974,2.776693103426889,-12.850095577504938,-4.30842021458261,280.4905378459125
137,22,5.77405843480931,-7.16520423232226,1.7478576016240535,-12.232589377325084,2.2672399043792857,-4.447707686040886,2.7760089398675603,-13.039337065212841,-4.308771000159795,280.4903245898995
137,23,5.773992316398824,-7.257207637610534,1.7560958624649323,-12.365337185879005,2.266536972779996,-4.416343150491688,2.778335667205716,-12.93239597296421,-4.310622085728935,280.4900107082463
137,24,5.773906330468327,-7.067426159116941,1.7796781578718346,-12.251058303283253,2.266649865999511,-4.484869278942963,2.776680254678358,-13.00329440209969,-4.308635344625779,280.49003535683806
137,25,5.774227769684789,-7.35591899474029,1.744631209438021,-12.262200413504466,2.2679022098557446,-4.399434557245137,2.77695947734265,-12.97939627730431,-4.312884597675301,280.4914887135349
137,26,5.773519746978925,-7.272343255652534,1.7726473170375998,-12.232461022390455,2.262377550276096,-4.453766059180684,2.777159035676613,-12.93736722995575,-4.310352940688657,280.4905559426171
137,27,5.775388504284196,-7.128146437484696,1.7334316974974415,-12.216062046660527,2.2702454065909565,-4.472091763350081,2.7778769888963533,-12.8832677195802,-4.309359493535259,280.49093909383566
137,28,5.77461395428642,-7.240737503316269,1.7459477083594437,-12.268285421607631,2.2724711922780356,-4.4516405294827095,2.7775382204384877,-12.97941969982962,-4.310998345736944,280.49164609917636
137,29,5.774460631834845,-7.265270613719839,1.7350665214467902,-12.281723468465612,2.270718326238487,-4.474285230338786,2.7775196218804905,-12.939256009104717,-4.309784267606418,280.4902502082599
138,0,5.773454727847229,-7.198718982836014,1.7828697550314119,-12.233539749859803,2.267308112877223,-4.4874005489627065,2.7787722465936597,-12.960650604461609,-4.311449627632317,280.4896543419126
138,1,5.774382876905836,-7.2389499618905,1.7611633937281972,-12.267913462976267,2.263225692019464,-4.493238435424378,2.775819977394936,-12.832922221382542,-4.31193171120864,280.4902192042298
138,2,5.774057111684979,-7.213293169560115,1.7926637596326505,-12.391023620113122,2.2670060814125397,-4.459982894012058,2.7781529525604536,-12.849988687322393,-4.311100057455147,280.48964786950353
138,3,5.774597482601754,-7.255228514612335,1.766004323581089,-12.297053855939449,2.2699164555878397,-4.442928004928534,2.777952163193364,-12.952463312065872,-4.309534056854432,280.48965227705173
138,4,5.773257190366503,-7.226418533081263,1.7632966311832472,-12.237252200998714,2.265697751700478,-4.50799138703632,2.7764680113477356,-12.765343454322123,-4.310400908659775,280.49033988711784
138,5,5.773834034244412,-7.286347899477836,1.7623443482617631,-12.301857301006178,2.2648339809918787,-4.473644140379348,2.776854405742984,-12.894910452616942,-4.309804978845481,280.489714819961
138,6,5.77422511552495,-7.192658206934716,1.7661220844571308,-12.363300456049704,2.269516444008929,-4.430419819400745,2.778090327854588,-12.97234157336898,-4.308328651055298,280.4901528290466
138,7,5.773705682181149,-7.259344890493162,1.7454965615189946,-12.378872328255444,2.2643083863336897,-4.4260977001342585,2.7773713640935673,-12.916622517127287,-4.311409082434113,280.4901079020288
138,8,5.774446768750303,-7.265385157196365,1.742446333547426,-12.281990573360194,2.269090469614241,-4.427491206645869,2.7771409021844757,-13.01150251280366,-4.3099389624076965,280.4898368292803
138,9,5.773681198316404,-7.1692871753573515,1.7730358375398607,-12.319544729210142,2.2661378292040486,-4.45591165909339,2.77802267654083,-12.959275449971571,-4.311739861716631,280.48938639851
138,10,5.773471130373246,-7.297465711352013,1.7954979150839925,-12.287259712955818,2.2684027598270218,-4.40142255061189,2.778371629035347,-12.975066956780754,-4.308690436529195,280.4909306530749
138,11,5.773573293136871,-7.2667409067415685,1.7338126483554637,-12.245682657104062,2.264891794878633,-4.4527685650991256,2.7772061690834224,-12.886721859666045,-4.311032954498551,280.49056529544544
138,12,5.773932673615044,-7.184996021729377,1.7708448932453302,-12.206885853586305,2.268526772728476,-4.46038950411321,2.7780072409242167,-13.017899046419924,-4.30919701438636,280.48967320735
138,13,5.773926832698463,-7.272114175527349,1.7395699715206194,-12.160610410687179,2.266080595719493,-4.475179071997817,2.7775495831330907,-12.920415179230131,-4.312126608179855,280.49010188150805
138,14,5.77507085978876,-7.221415308342017,1.762872651973835,-12.429605429369529,2.2700331056824123,-4.430598461873242,2.7780580231427163,-12.983980455747435,-4.310850874597186,280.4901107250028
138,15,5.774533834597558,-7.268870192718166,1.7714987488415797,-12.328849143965495,2.2692477676198246,-4.423970962564374,2.7780552390960533,-12.909171863688663,-4.310463292696042,280.4895809587573
138,16,5.774716585203895,-7.203793569337358,1.7560401315442242,-12.407650251013074,2.2675912184348275,-4.442350060700398,2.7772070702223273,-13.049357299892364,-4.310445217201858,280.48962211895474
138,17,5.773800739650046,-7.282736222930062,1.7365948136738434,-12.18908885621935,2.2677923202006487,-4.46171979576183,2.7774682687060004,-12.811996501429919,-4.31034997179369,280.490200990143
138,18,5.774134869352967,-7.252282771906705,1.7826887231897053,-12.369951871476488,2.2665148558015518,-4.450359880794954,2.7773534774342434,-12.864079487781298,-4.311015710233715,280.4894076124043
138,19,5.773680060402111,-7.187234930415249,1.7651073322199442,-12.283337240823526,2.264807219727329,-4.450543946383727,2.777628364159169,-12.901288003933532,-4.31246889067689,280.489593296339
138,20,5.774486422095985,-7.213002714876722,1.7601879474879079,-12.259129429718149,2.2714699315067253,-4.47340124672815,2.7782280420465617,-12.94667217702398,-4.309320406615883,280.48982353611115
138,21,5.775085221052111,-7.296045620940164,1.7537003646108182,-12.33371345288137,2.2696733935251587,-4.374526589860691,2.779024945970647,-12.976072813545239,-4.311854828106048,280.49101838627075
138,22,5.7730266167537785,-7.065969110235422,1.7585882894530303,-12.322987589859475,2.2626705251675374,-4.480399015247584,2.777594739860273,-12.876983982664722,-4.311430959085581,280.49062202715214
138,23,5.773664072156223,-7.256149326385174,1.7512911762841148,-12.331610249504944,2.2657553946476,-4.431646108415026,2.7773201688996974,-12.912506527360664,-4.310174497317222,280.4897939261525
138,24,5.773038532168089,-7.2024023047658146,1.7859659153286622,-12.31479067565726,2.2658767910487536,-4.468092790352961,2.779084640742904,-12.954770760127081,-4.313311987859892,280.4906291510985
138,25,5.77413101790283,-7.213118681325418,1.7724411340546116,-12.379113406348905,2.2659697239661987,-4.426437482668012,2.7775108757642646,-12.951918061868883,-4.31259935139768,280.48960253428436
138,26,5.774446254530851,-7.263310440809892,1.7775013015809384,-12.295687251108657,2.265668988384869,-4.43308110751337,2.777422842090976,-13.00945740754642,-4.312668509035606,280.48990615218713
138,27,5.7742613017371704,-7.299978717205005,1.7765473784576542,-12.377612051997952,2.266093149029516,-4.4394138822095845,2.776353483624778,-12.878792219758617,-4.310114837482016,280.4898372684613
138,28,5.773965919212358,-7.132446264964284,1.7662662338209576,-12.295187839386701,2.2632435133803126,-4.500674248522906,2.776234000648694,-12.930653908021254,-4.31103612600609,280.4896583467687
138,29,5.774125457963904,-7.224529291703275,1.7269308408477972,-12.198576229953218,2.267728973185034,-4.446180575840317,2.7774740702270386,-13.079420896019553,-4.309601713867766,280.4905028837629
139,0,5.774655770801629,-7.238586743133389,1.7715473169398082,-12.382133228468145,2.268902914989375,-4.494671659966007,2.778499362727838,-12.843048501585526,-4.312264136931302,280.4899778302969
139,1,5.774302405081435,-7.264725435508193,1.7637585866537164,-12.28861954981655,2.2659340660696636,-4.480755234099879,2.7781757347775957,-12.875292750309063,-4.313427758991419,280.49020641044353
139,2,5.773631181108796,-7.280156446686498,1.760923091026311,-12.277422803092684,2.2618201588221174,-4.456987736830023,2.776214600548011,-12.903393559668011,-4.311349583641414,280.4900754202312
139,3,5.773269020773557,-7.203392079898857,1.775034283957204,-12.320274001493994,2.267121260477993,-4.481327836383973,2.7785351105721254,-12.930286511892813,-4.3135302465439,280.4907310575242
139,4,5.774111039940081,-7.171610323811546,1.7595456716877729,-12.344223543833474,2.2630431226996217,-4.422951230389065,2.7763107496461843,-12.938097567403199,-4.312294329562128,280.4899427255141
139,5,5.774662284305051,-7.259717535220222,1.7723818589151625,-12.281577852501918,2.2697091036533275,-4.467556264184777,2.776323408070371,-12.84301279711818,-4.309690518753967,280.4909632526242
139,6,5.77456887628705,-7.190219133266081,1.7824777719099913,-12.351393485118454,2.268757314688142,-4.4716809262745585,2.777395674501708,-12.943941907945055,-4.310651573365117,280.48982975171396
139,7,5.773819066610988,-7.197223101964896,1.7869001621700287,-12.450136734682339,2.265813283118807,-4.4337841656280945,2.7781216067990258,-12.985319081497105,-4.31315512665941,280.4898404786276
139,8,5.7743019473952435,-7.199692041012152,1.7559419772181544,-12.360813224017475,2.2628776628479246,-4.404616113947737,2.7748045824819094,-12.979410566604553,-4.310177764952288,280.49094561148485
139,9,5.773961837767147,-7.147190178129604,1.7379191615778309,-12.312902619269776,2.2620917984812454,-4.4574669028660665,2.776204912195317,-12.913502782049052,-4.310982281133931,280.4907683604871
139,10,5.773694639292839,-7.1935370175494295,1.7522165392132767,-12.28086116677613,2.262929902049642,-4.460319682539286,2.7772087815861775,-12.821667641459157,-4.311495736091812,280.4902437577249
139,11,5.774272788034931,-7.155944617948327,1.7868069949189684,-12.291345146584417,2.2678316027272714,-4.462746212537002,2.7776916885810388,-12.877163451898804,-4.311338318640977,280.4895379268071
139,12,5.77323906928806,-7.327367901491931,1.7722635378155576,-12.353861564260942,2.2642095959885125,-4.442006748516981,2.777711056654688,-12.841449004794034,-4.312510724318532,280.4899167671154
139,13,5.773705374600776,-7.158649869342316,1.7631377552995322,-12.35884122506036,2.2638525533697513,-4.482745519100935,2.776520448908318,-12.873739527693969,-4.311450661736882,280.48948006603894
139,14,5.77367531385044,-7.216667221425911,1.7812045356573334,-12.303567285495541,2.2661606652919035,-4.479712812284901,2.778023885687906,-12.919905261317375,-4.3112628456185496,280.48937561830047
139,15,5.773189039824454,-7.239004477034202,1.8038753700565224,-12.333495998235653,2.2622231793266305,-4.491125017938375,2.777279332354858,-12.861351411033443,-4.312536691026737,280.4903256986113
139,16,5.774505774481945,-7.197640709130706,1.779022771728099,-12.379076592949536,2.268389399769341,-4.429469099436238,2.777958047010879,-12.910275882982104,-4.312626777954257,280.49016749582114
139,17,5.774320845687534,-7.0481034341139015,1.7730208110649008,-12.428412999048305,2.269030534049709,-4.4653849418999405,2.778359862112499,-12.930939312557182,-4.3110735535989475,280.4892994540611
139,18,5.774081946763968,-7.117447233695136,1.7976724948098182,-12.346367221203076,2.26362030698888,-4.4797394426960855,2.7764066817885062,-12.83049410267569,-4.310581504162622,280.4903644862336
139,19,5.773664950002062,-7.167593906623062,1.7535598966145005,-12.290677837849998,2.263068080544507,-4.408985789451086,2.7769386707867065,-12.99807722820066,-4.311227592712012,280.48998393623845
139,20,5.773672090437628,-7.0699923198303045,1.7645850714609401,-12.451337421670898,2.2679855706661254,-4.470826116337811,2.7784976298633777,-12.91410093943923,-4.310949280512785,280.48952765581384
139,21,5.775221715073911,-7.22588896251696,1.7807995819676457,-12.465311808609039,2.2700079111915104,-4.417752987218914,2.778725536353685,-12.989597785624715,-4.311447685302284,280.49094187805576
139,22,5.772947603699623,-7.168645810337488,1.7958073482842236,-12.354949195130525,2.2665493270587995,-4.481688593833327,2.779120140276871,-12.925975826427122,-4.311204014661633,280.49070287114455
139,23,5.774364647397516,-7.238812168088229,1.7666380321392807,-12.382269148015562,2.2684628011766854,-4.430219499089141,2.779125645273413,-13.008672830529154,-4.311115106712269,280.4901525861592
139,24,5.774292225664936,-7.190736290542172,1.7719654115247099,-12.359657317037296,2.263349248286312,-4.462280238619215,2.7765233830103573,-12.795539205907113,-4.31157117051826,280.4898544856848
139,25,5.773979068690074,-7.138074286236683,1.773542248307493,-12.349184497217172,2.2659552968030825,-4.4243997210116355,2.77768283891484,-13.016045100061948,-4.310778116985496,280.4893351939973
139,26,5.7739719841719825,-7.340936129081228,1.771352804094697,-12.306283733653604,2.2637258564603138,-4.425859415494448,2.7768032871850363,-12.950020189475264,-4.312033391949854,280.48962512043727
139,27,5.773681603706039,-7.181660047316508,1.7813761879468761,-12.41680025288574,2.271866855599451,-4.443947094308191,2.7797477149239502,-12.96667525486369,-4.31116026847709,280.4909122968218
139,28,5.773478917623083,-7.013881062536727,1.7769241291528568,-12.35531792593207,2.2698399246465457,-4.512480199638696,2.7782701386080166,-12.952679139785804,-4.311325612170375,280.4903361028033
139,29,5.774172946347221,-7.215573543795262,1.771271767264645,-12.35964691161983,2.2679573869295537,-4.466812248329225,2.778487588839795,-12.901853612969383,-4.311696522667394,280.4894603634544
140,0,5.774651578378372,-7.180834992814368,1.7695267182814038,-12.381241016699784,2.2682333076223116,-4.436875739525012,2.7771663759288936,-12.985151365107122,-4.310985625255694,280.48972965350964
140,1,5.772757735124055,-7.158047037437593,1.7988223671893901,-12.461775328880753,2.2618216574572405,-4.459380346728945,2.776507190448467,-12.95528854734083,-4.311911463087949,280.4907945596845
140,2,5.773220762069827,-7.194207389636345,1.7854196809722354,-12.372537059900305,2.2639583304467794,-4.465905523643152,2.775940968312518,-12.861960969713842,-4.3128822463469,280.4917432957955
140,3,5.773914249993305,-7.245043015469322,1.7708401377183796,-12.322464250706858,2.2645562549758553,-4.409399929601929,2.7774494066496986,-12.890346690505034,-4.314247437989105,280.4906283125308
140,4,5.7742662364964294,-7.064861430400097,1.7796244821080154,-12.270899240119272,2.2684047038565254,-4.510923925478568,2.778838054129587,-12.913787617889207,-4.312829090211487,280.4898727289477
140,5,5.772672478448829,-7.0793068254351965,1.7940627171658996,-12.452078590640332,2.263970046886574,-4.4654500673681925,2.7789009760337775,-12.899896819783056,-4.3122935759403545,280.4909732085798
140,6,5.774583009175361,-7.2988882717215775,1.7781406567368367,-12.453945056293232,2.2678776661432654,-4.358841190751117,2.7777241847916536,-13.057690442227562,-4.312475686132479,280.4902230387079
140,7,5.774412977741425,-7.221073021135266,1.7913926811592564,-12.41956454317486,2.263023054522179,-4.480383797024467,2.7750097056077085,-12.918648152565654,-4.312354413001344,280.49222647106143
140,8,5.773641014360951,-7.239884331948535,1.7507108164764569,-12.356911580204642,2.2611356523018857,-4.448179714822861,2.777645229455746,-12.913101197366053,-4.314499230273882,280.49189420033997
140,9,5.774117346753226,-7.11396336448521,1.7578049202229207,-12.245013346363756,2.265290632594852,-4.502772071335149,2.77705960958201,-12.975425554549156,-4.311950535228425,280.4893820501992
140,10,5.773982127089269,-7.228147052360426,1.7657830431294885,-12.414807348521755,2.2641449327482976,-4.433395200060201,2.7774298742517365,-12.834032789390859,-4.312040466703674,280.4896151192926
140,11,5.7736813173742805,-7.307566077450258,1.7870034408183624,-12.29227362167813,2.2646167455884174,-4.433686780074319,2.7771128934453455,-12.948692177300071,-4.310299953764705,280.4897556806088
140,12,5.774540846645807,-7.173237230456995,1.7820355003393684,-12.347510743802001,2.2681560680182793,-4.4601092537984846,2.7771738239594432,-13.019527379059658,-4.311636731011674,280.4900895341004
140,13,5.773946416803172,-7.185933541490704,1.7686960962422646,-12.36814711119865,2.267733057541457,-4.474715662377321,2.7770984743348657,-13.06681113376207,-4.308984931876523,280.48971898894877
140,14,5.774048541327029,-7.168932368910625,1.748268155590727,-12.423498145160679,2.265984093888203,-4.40973886040171,2.776838530702959,-12.975314538423554,-4.308613381303802,280.49028208919884
140,15,5.774757605333472,-7.135276674802059,1.7415299181417534,-12.434247743952023,2.2661571706569426,-4.421621222013973,2.776932882591221,-13.037507103202602,-4.3096423997953845,280.49031319085043
140,16,5.774066055177219,-7.206683108857388,1.773788441002973,-12.279714476810634,2.268975494561633,-4.475471399655963,2.777773623879074,-12.946245945754566,-4.310779283396596,280.4894714233576
140,17,5.773421813727208,-7.228571527678879,1.7738313227375426,-12.315548987064735,2.267147070810163,-4.48442182932416,2.777711442778272,-12.955711899514938,-4.3118055875630015,280.48989361800966
140,18,5.773832711372775,-7.261842061260702,1.7583821842223513,-12.338146796129143,2.2645449585313826,-4.4315025734983,2.776827595225403,-12.795248815506845,-4.31052816087366,280.48957584474147
140,19,5.773911551281357,-7.285952916513982,1.7793650784796817,-12.297893930599827,2.2660287338849407,-4.477439025747099,2.7774540775628247,-12.87508797756258,-4.310667923336887,280.48932548202333
140,20,5.774788063483069,-7.140918860811146,1.7541806665306914,-12.28032393046972,2.2691836676029795,-4.474718710828406,2.777255483155123,-12.967762621991119,-4.309061253934737,280.4897048124508
140,21,5.773378866616592,-7.100924816409254,1.7912155412223099,-12.557996232115077,2.2627734713108594,-4.464913337205741,2.777537036937373,-12.9970491300779,-4.31341078247812,280.4900261563671
140,22,5.773498297874798,-7.077821758107013,1.7721877578958085,-12.465686171217872,2.265834481884875,-4.432826443885724,2.77820658155838,-12.926374314254431,-4.31157620042154,280.489532022816
140,23,5.773300248221682,-7.087387345904455,1.801356184715701,-12.33428707701086,2.2618059078295354,-4.514175519483394,2.777707939809451,-12.94981322982684,-4.313711937479001,280.49044985383796
140,24,5.773692333435118,-7.297861222062556,1.8185831410663882,-12.419835146582315,2.2641783108004687,-4.434059066202958,2.7783950558422403,-12.912084528391121,-4.3126741541602005,280.4910261282376
140,25,5.775224864819785,-7.190527572228528,1.759054727378467,-12.396623273536898,2.2693059726763893,-4.391664403865947,2.777739686948659,-13.048541126953202,-4.311367083980278,280.49041966044507
140,26,5.774012490909579,-7.079809408534873,1.7687091764683374,-12.361410607629315,2.265876972428307,-4.510668935591055,2.777543260059034,-12.842767718562312,-4.311834736732484,280.489169863327
140,27,5.772777147053328,-7.022587958478694,1.802359947318261,-12.353414888320833,2.2628456654390465,-4.473638237283769,2.778106431582551,-12.913342148181378,-4.313613855985344,280.49067331918184
140,28,5.774195181498063,-7.219020726124013,1.7807479824338337,-12.306212849010814,2.2684329465587245,-4.4600147419038425,2.7772688053408734,-12.926518128381824,-4.307371490165308,280.49101372851146
140,29,5.774425707076775,-7.220991582620346,1.793526986273991,-12.363417528201659,2.270502346951121,-4.390365303981505,2.779663038969331,-13.07486814873259,-4.3113109409971715,280.49069453234574
141,0,5.773763990204618,-7.204444615239261,1.7652858590417984,-12.284958775162341,2.2656494760661676,-4.465511700644275,2.7770591168992262,-12.879865203735354,-4.311080089955896,280.48934114710653
141,1,5.774574490964835,-7.2793275567530085,1.7398743383583575,-12.22812429433084,2.266317364580176,-4.442287625202129,2.7761803690753033,-12.87959461186503,-4.3098836405841086,280.49007739724175
141,2,5.774489547620875,-7.081313309132118,1.7466300114924422,-12.364754313888207,2.2706738761202385,-4.459104724754489,2.77789091342801,-13.084910145823258,-4.310421896040306,280.48980238903727
141,3,5.773841752030024,-7.208986337345236,1.767048791935904,-12.404283309587804,2.264681314507985,-4.45558884936412,2.777612100552704,-12.891978171142979,-4.31356235505417,280.4900365899332
141,4,5.774687558200528,-7.165838466296813,1.7549574961589118,-12.491365725829892,2.2692896869451107,-4.41739331195296,2.778202798667992,-12.948666490078775,-4.310389640697127,280.4897175173358
141,5,5.773758861590773,-7.213523899992322,1.7738981421492124,-12.3451320231844,2.2624699033618865,-4.4546750343526,2.7765190256707597,-12.839656287363374,-4.311075455480501,280.48984474394763
141,6,5.774853367698052,-7.149321250253467,1.7767797736777595,-12.435968470100145,2.268239988473028,-4.443147574188808,2.7781113502466948,-12.882088828905518,-4.3116932534264345,280.49001343162337
141,7,5.774204143186776,-7.127462431621098,1.7640660325247188,-12.381994413185872,2.264509790414007,-4.470860523097651,2.7765022499175944,-12.877502462844621,-4.312063720659258,280.48963091328653
141,8,5.77431269904497,-7.347742693083812,1.7563982500911532,-12.350086214133881,2.2628523128700286,-4.466334533763927,2.7766640276356944,-12.814097805053509,-4.312071776847433,280.49022068323274
141,9,5.774276322065078,-7.12894145286844,1.757153925694521,-12.321216554956845,2.2675927181227458,-4.4755121198531125,2.7784608535507287,-12.918892898532324,-4.31195851918115,280.48969903817243
141,10,5.77338356550226,-7.149306566209792,1.7686657777172519,-12.368782968941627,2.2660559074882505,-4.498969841385553,2.778336045156562,-12.77072630582593,-4.312449220509624,280.4897471636233
141,11,5.7733300397806335,-7.252189713370069,1.776988774104924,-12.286898555623676,2.2626066439748413,-4.444850010452983,2.777614007487284,-12.821419890182495,-4.313826719519204,280.49026155741797
141,12,5.774273855678224,-7.243603731108259,1.769585932950553,-12.355463508809292,2.2651387435126926,-4.446504544529327,2.7758142966011805,-12.93106174693759,-4.3112106756312105,280.4902210112349
141,13,5.77378450246376,-7.167147410444327,1.7709173168033518,-12.287556986163224,2.266082482363672,-4.535168270294087,2.7770239103049494,-12.874653306724227,-4.311446035697161,280.4893029677239
141,14,5.7739894941770356,-7.170670563363795,1.7851613379100018,-12.25777711165626,2.2643847859934927,-4.460412167899055,2.7777421559339497,-12.83598695636531,-4.3119323679029256,280.48963469514104
141,15,5.77384849058392,-7.1100796643661335,1.7514454718422037,-12.314772680720358,2.2654479539701424,-4.477469670837597,2.777648862448068,-12.87746214600152,-4.3100418893191375,280.4900098345871
141,16,5.774309676851104,-7.201513446990568,1.7641226295503372,-12.267744572057477,2.2666244368643826,-4.526062074646372,2.7768483696855406,-12.961833696954054,-4.3115460205316705,280.4894356329666
141,17,5.77459806603842,-7.26273016020884,1.7922492330839976,-12.274809316331126,2.2654483535269714,-4.449160546351356,2.7778666314583718,-12.898063865586586,-4.312572844169778,280.49056147588567
141,18,5.77441180661453,-7.162010954312581,1.752789270935075,-12.245819159532271,2.2687885306287687,-4.493239964174313,2.777973687147317,-12.851955862878507,-4.309316430535227,280.48971756758135
141,19,5.774274598447823,-7.140171423191118,1.7931117791305795,-12.419145645954035,2.269500091508691,-4.442955907506323,2.7778089998510205,-12.998439455270375,-4.309537769333645,280.4900562494202
141,20,5.7742911948885745,-7.1882316364362175,1.759125297012241,-12.438736804761525,2.2662404195895207,-4.446548641870013,2.777450425009627,-12.905971394775742,-4.310349893161222,280.4894943653503
141,21,5.773095935891454,-7.213207564750717,1.7833572485905216,-12.338365839904409,2.264093158914559,-4.485076523561285,2.777990832254847,-12.806845310820151,-4.312270304126916,280.48989084645416
141,22,5.774115516111328,-7.165316299045256,1.7663114380864076,-12.202216413463026,2.2659813026765963,-4.50367181595159,2.7781090456960227,-12.822385629325167,-4.310395136502672,280.4899284200718
141,23,5.774267790089843,-7.115701449071986,1.7515842394538566,-12.27500392234941,2.265669171217963,-4.542274212007378,2.7762437172134016,-12.927459881768977,-4.310978374284546,280.48956334600166
141,24,5.773911873591777,-7.258452725355454,1.7813324490004343,-12.237997934725845,2.262921729683264,-4.459755157860086,2.777108126653189,-12.856450595539762,-4.309894711527823,280.49080530033496
141,25,5.773940348982349,-7.08109323437002,1.7899452602592092,-12.527385892168104,2.2631248623746916,-4.458237097871779,2.7764553600298134,-12.903564427085243,-4.312991831553595,280.4901866337766
141,26,5.774347142412327,-7.095406376388497,1.762321221238363,-12.234671666569755,2.2694537348703525,-4.499134950333115,2.7779435413505063,-12.921068327000933,-4.309316355982245,280.4894260121983
141,27,5.773622680794291,-7.249616631215175,1.7730388216753563,-12.335399495426406,2.268520846085979,-4.505120798322908,2.7777675165446944,-12.922525267166561,-4.309797651577877,280.4897051476802
141,28,5.774203180195334,-7.229850973472171,1.758532587491249,-12.197281256922416,2.267341783885412,-4.494484663060773,2.777154263394783,-12.93597883233358,-4.309608191543188,280.4894110392755
141,29,5.77387459009917,-7.285568671530014,1.7625173216275567,-12.285684089942873,2.2678199349680477,-4.467124456329496,2.7782482777223096,-12.922162050722074,-4.309102658122372,280.4901987700039
142,0,5.774048785457119,-7.0851888297255075,1.7680014966473754,-12.340358569195653,2.2687072892124265,-4.556399441649833,2.7778496418591607,-12.835592586584147,-4.311736953477642,280.4894771232283
142,1,5.774700274210176,-7.17787808084019,1.7577742150812194,-12.230177953577996,2.2734498734403625,-4.514680267439989,2.777269875349105,-13.005000389559976,-4.307503884609532,280.4914004548576
142,2,5.773519113844471,-7.2771174114453165,1.7898585186365166,-12.168369041632467,2.264867005498066,-4.515755629208918,2.777559880095641,-12.920823227169366,-4.31081856597947,280.4896287647846
142,3,5.7740801871187,-7.266817528037704,1.751062792658454,-12.277904846994488,2.2661131335607445,-4.453158353747193,2.777589943310493,-13.0090686908982,-4.310700154616879,280.4896008196155
142,4,5.774044056501181,-7.059755218259698,1.7609488023931485,-12.3228977453323,2.2635862108312472,-4.541204703938796,2.7768641721932723,-12.786439419734377,-4.311413884678674,280.4896053438522
142,5,5.774226159869709,-7.151452285436327,1.7704532482772848,-12.369371818942893,2.2690252606520813,-4.519385539697873,2.777517097640538,-12.742577748678968,-4.30995260634493,280.4893439611888
142,6,5.773801859899165,-7.185164814621933,1.7573311400958092,-12.291630170727112,2.2645691416747153,-4.497548698231525,2.776432676396515,-12.913032115956634,-4.310285909738606,280.4895819839285
142,7,5.773539404305877,-7.195487487161261,1.759296353812433,-12.21104207230832,2.265232839278703,-4.471220649388274,2.776540993680745,-12.997179326308027,-4.310296576509444,280.48973843572077
142,8,5.77372625936539,-7.052937892297924,1.7487003189854426,-12.216399817251023,2.267268122420644,-4.558431882929027,2.7764167180605934,-12.91530536545312,-4.309720796339535,280.4899475423409
142,9,5.774212542715279,-6.986965535450601,1.7713477475609787,-12.400131221747383,2.269409838468505,-4.488973040543344,2.778848667516958,-12.955388389240275,-4.309455133154444,280.48989480816465
142,10,5.773747097341626,-7.219394216332499,1.7798038338064313,-12.332152538570291,2.267185987859961,-4.469488128471323,2.777877169068902,-12.989787403092457,-4.311273214649304,280.4893157654683
142,11,5.774598454973746,-7.240174367694063,1.7392190757226418,-12.386610474178894,2.268818266583043,-4.4498585535538,2.7769345887872436,-12.942594407357989,-4.308959105484312,280.49000022134146
142,12,5.774801428281986,-7.206268263583642,1.7563104781604837,-12.202540436322133,2.2693330049616662,-4.5271191546375995,2.7779648982127156,-12.880561885469893,-4.310801544737609,280.4895846411264
142,13,5.774129713529976,-7.129231433133942,1.7798544485382366,-12.303404754227405,2.269381204203004,-4.502190406337672,2.778553508680751,-13.031711535253319,-4.310239261118961,280.4895188280419
142,14,5.774601579893357,-7.151544698081341,1.748563622679426,-12.234603906529758,2.2680523417629117,-4.505193939950582,2.777853505757939,-12.846409460545095,-4.3117786962049545,280.4897273276596
142,15,5.773706479524541,-7.156679727853758,1.7686469372964122,-12.253156831919332,2.267619681269444,-4.514933996671995,2.7766269081095225,-13.005035035612256,-4.3109681631738015,280.49026139272905
142,16,5.773479471247956,-7.20360952399868,1.7621665585551716,-12.291542311725228,2.2650620461725444,-4.523909800216184,2.7774940122812506,-12.87110170909088,-4.311098872616464,280.48956231222746
142,17,5.774866792339187,-7.15912762135632,1.7835156484184158,-12.245790448407895,2.270535496176532,-4.510909645472018,2.7782625442449826,-12.901435992960463,-4.311224523356275,280.49023346634294
142,18,5.77383085092856,-7.093318073190816,1.7822720706079271,-12.357081958194001,2.2658235505353397,-4.465648808550888,2.7779907672611257,-12.929475338685775,-4.311392740500949,280.48929376198316
142,19,5.773953726666868,-7.152569465645479,1.7759804403693882,-12.389764986462234,2.267443757282163,-4.4863898451007085,2.7774608000469216,-13.02161089710017,-4.310965372433235,280.489297737895
142,20,5.774424998323906,-7.140203555388101,1.756560651320739,-12.2930866255533,2.266271149617189,-4.53094133396256,2.7765663841927597,-13.057522746782599,-4.310893894148073,280.4893966175415
142,21,5.774019511748501,-7.297944271073557,1.7765859453883386,-12.261982869708438,2.263048020739103,-4.448320044034451,2.7755119102071837,-12.94893497738638,-4.3109481390386115,280.4902930313495
142,22,5.7750028406373834,-7.071156387748454,1.7616432349249975,-12.342183988565901,2.2692940236815735,-4.524251445439617,2.777748365006968,-12.897330984717785,-4.311386471737515,280.4898215053661
142,23,5.7744169139262045,-7.268701156340001,1.763138935851802,-12.294253676255913,2.264366342506547,-4.4483615000875405,2.776747406027791,-12.930861859923203,-4.311054475531293,280.4897565593056
142,24,5.774459606943615,-7.159911163527607,1.7550329567936722,-12.284483869720255,2.2662836964393613,-4.503956868871446,2.7770297131254926,-12.835051852262255,-4.310294114528988,280.48946341731096
142,25,5.774091792450163,-7.127445566271157,1.715595493341342,-12.258948270930002,2.2655294343612966,-4.5016027171966115,2.777161724749887,-12.92536518448859,-4.310695833086863,280.4912037688955
142,26,5.773927599421687,-7.210726759933231,1.7590935049505738,-12.402876315914803,2.267661285704934,-4.427674028859473,2.778181764674275,-12.936526406874252,-4.311480829938624,280.4894804708267
142,27,5.774122316361488,-7.265759993957878,1.7873412810512475,-12.254858501632683,2.267778756103913,-4.531830203124611,2.778509700991596,-12.805934936440986,-4.3115011499022415,280.48955678703
142,28,5.774904372335057,-7.128782534708769,1.7626066542587076,-12.222014932065205,2.2728973853099133,-4.5288794429552235,2.7779312709453676,-12.904513327326518,-4.308175706400018,280.4904463595934
142,29,5.775008214816964,-7.223441637067501,1.766635207865228,-12.27166740737707,2.2714355787443012,-4.4889397918257075,2.778184454847641,-12.970983466419817,-4.309754809752996,280.4900538446981
143,0,5.773762181112019,-7.184509208899874,1.769706692769986,-12.302689407632723,2.265805484003355,-4.540305699910098,2.776912699212005,-12.882620415039401,-4.3110880311537505,280.48930151203945
143,1,5.7739575285476334,-7.148202374271173,1.7832872714319945,-12.45881898906134,2.2685987958116924,-4.444486795629651,2.778655888721019,-12.930201505142124,-4.311285290221564,280.48952689781925
143,2,5.7735978021480445,-7.0774181342419915,1.770102925707272,-12.233274123957123,2.266921895147877,-4.543794605549151,2.77692476669521,-12.831886036665855,-4.310101432307282,280.4895364915669
143,3,5.774910951892676,-7.058151398694958,1.7477384588522344,-12.294785409324207,2.2650040043552835,-4.510220450654373,2.7758656181778174,-12.902372295226717,-4.310503630612698,280.4902941724654
143,4,5.773843617160627,-7.06699495243685,1.7689515239614457,-12.303358429642355,2.2656509306659536,-4.512092239968551,2.777643058847354,-12.976073146671208,-4.310736725204523,280.489237951497
143,5,5.77432253491179,-7.066769258893601,1.7611346191588877,-12.362145321911092,2.26964744414744,-4.532235631296729,2.7775580488705622,-12.991889917600068,-4.310301560023473,280.48933234175615
143,6,5.773514444547369,-7.121491040414505,1.7871426901539524,-12.275011645623438,2.2658944347671515,-4.565314570800408,2.77828114268352,-12.792563919459786,-4.312255810414249,280.48946714318055
143,7,5.774003289480486,-7.150361100562876,1.7750720492977883,-12.426830714363154,2.270692168261208,-4.451670093705331,2.778324968802002,-12.871683887797456,-4.309289095097564,280.4899325019651
143,8,5.773874125945114,-7.044994275467134,1.7793349250294233,-12.351261544689965,2.2657326194149974,-4.517456088306765,2.7778778098621504,-12.899586327165308,-4.3111272856648,280.48924534015947
143,9,5.774038193798566,-7.219463084522227,1.7628172866081773,-12.420314762719885,2.2647769544598257,-4.44903882430458,2.7770779825519223,-12.95726691121893,-4.311782559513188,280.48942177557797
143,10,5.774538796696397,-7.152977290020484,1.7584150294863492,-12.440826167157871,2.2655986868921545,-4.466728069764685,2.7772045820342615,-12.997704128689769,-4.310584269923843,280.48976294272205
143,11,5.773880264390198,-7.20728686737953,1.7746570441896996,-12.337362821354311,2.2682276527960346,-4.483524589500997,2.7781541389963538,-12.909223336925574,-4.312077024765532,280.48966948224995
143,12,5.773786873790438,-7.146365936244965,1.7913273902150988,-12.408766728566277,2.267514859663731,-4.500673636152586,2.7783223892899978,-12.89259080123455,-4.311662173896492,280.4894946515817
143,13,5.774377487383545,-7.174135255981279,1.755244509141913,-12.369998992769863,2.2647825622228837,-4.473243406950927,2.7770169460678154,-12.892909316690059,-4.309958169691969,280.49007440061087
143,14,5.773840011833253,-7.014439760437821,1.7790308990163328,-12.546726189052556,2.267051818184261,-4.445352461398384,2.778493015496286,-12.9991758020118,-4.311039304875939,280.4894440816971
143,15,5.774280784346929,-7.211190174065857,1.7770946978578899,-12.407674716771526,2.27004519812396,-4.49497481993801,2.777851602676535,-12.839343199815886,-4.310215810543386,280.48964685104386
143,16,5.77396957168694,-7.099731067079731,1.7602981818509442,-12.30086582819845,2.2656232635310287,-4.539039816591123,2.7775268318121817,-12.799076367065132,-4.310012393079931,280.48963133200266
143,17,5.773667604156364,-7.006074710781139,1.757772369161192,-12.438111968811688,2.2686212084429354,-4.490292046299675,2.778133569931136,-12.951255753411424,-4.309916199143932,280.48960164182074
143,18,5.7742066870969895,-7.2214237235524985,1.7711524292590484,-12.264090261584467,2.2712728831844955,-4.517681547955037,2.777854000799423,-12.900433120082802,-4.310177332921729,280.4901034297002
143,19,5.774302960669133,-7.100426716840672,1.7591540080481116,-12.371666598541529,2.2697560369551826,-4.481983645984763,2.777612953370833,-12.876980250689442,-4.309240940980555,280.4895043772598
143,20,5.774575892122391,-7.303666570828954,1.7722865905770144,-12.243265415088045,2.266928283759032,-4.47135438013094,2.7769954137834745,-12.88725274759198,-4.310308885913919,280.48967078581205
143,21,5.773942063444977,-7.110679174368415,1.7759724230638991,-12.33181803236638,2.265974368441556,-4.537980286592195,2.7772966676796593,-12.789398610208622,-4.311614122494226,280.48915302393374
143,22,5.774064962920301,-7.073093896921047,1.7669079194702255,-12.388826184550172,2.268544236743302,-4.479967056135277,2.778190041158427,-13.039484521078748,-4.311105527363441,280.4892619476055
143,23,5.774840907655997,-7.149557731651745,1.74888149248892,-12.296191629702452,2.2689846706857986,-4.481922745941244,2.7783306325000536,-12.90258217040295,-4.311566235916582,280.49006776667386
143,24,5.773738669619262,-7.142983582101576,1.7717964912532407,-12.36198782767861,2.266640251930626,-4.466823438235623,2.777245397089772,-13.081578966143091,-4.309785670134232,280.48948934739127
143,25,5.773927160119582,-7.1668555189966145,1.780758380680629,-12.408397637659512,2.2667957110012753,-4.458424736591301,2.7779311632530703,-13.013123115010531,-4.312368257148764,280.489466692788
143,26,5.77465427795024,-7.017040818277239,1.7266186377896924,-12.352611566883787,2.2700727418943583,-4.507451491901914,2.7775021237178095,-12.984373269614546,-4.3093964423707085,280.490197794147
143,27,5.773628853794026,-7.157667856433296,1.7677315510701854,-12.308149614252217,2.2648192776312666,-4.466091510182329,2.7777691040915182,-12.904905305385467,-4.310643502698217,280.4897144789752
143,28,5.773922917455822,-7.10948298472276,1.7692642753539898,-12.337446012749771,2.270429445562666,-4.471072479969438,2.779009114320555,-12.997786597862898,-4.310274128901783,280.4898124811872
143,29,5.774355525814592,-7.14702957716579,1.7656397989658241,-12.382629521267994,2.2680398311614005,-4.489670233316176,2.7772885362419633,-12.877825058751489,-4.310373691822527,280.48922478380774
144,0,5.774165312311572,-7.154819891234906,1.7729516893207864,-12.361500367886677,2.269497084895157,-4.452151753652453,2.7784717895137376,-12.9612536011716,-4.309409790212698,280.4897794688885
144,1,5.773330906175032,-7.27570182646261,1.7844361622551197,-12.335996540052781,2.265611945310692,-4.431806082528089,2.7783999775379122,-12.816408589319943,-4.311997344165653,280.48975830152546
144,2,5.77390432268263,-7.252901823151812,1.7557506942659173,-12.329169604452803,2.2666153660901203,-4.469162324868086,2.7770839746728004,-12.92229857473513,-4.311308115055217,280.4895267567122
144,3,5.773729627381909,-7.13095183958339,1.7809465024501083,-12.388847907048723,2.266822272188348,-4.538842360716653,2.7778281908579356,-12.907506976035794,-4.31187549132079,280.48925718658006
144,4,5.773681813871669,-7.1349499633978954,1.7749467831866321,-12.404751764402423,2.264682125690337,-4.526431099528096,2.776746968638816,-12.776945871541463,-4.312259985772115,280.48959287436196
144,5,5.773728687371226,-7.189394250309756,1.7853928971834772,-12.365047696756848,2.2658785888190724,-4.511415867155975,2.7767617268038083,-12.82578643003753,-4.311049113296443,280.48965635313107
144,6,5.773805849447045,-7.006666547063952,1.7916434768862433,-12.488379174468585,2.2630257975311983,-4.486219123374162,2.777605991474087,-13.057127500857044,-4.312335647938041,280.4898934687169
144,7,5.774321631478217,-7.170736432371741,1.7609731799341026,-12.215141755327373,2.268989842434917,-4.570072055507406,2.7766756852201193,-12.921916584789203,-4.309625613537585,280.4896813448788
144,8,5.773753254958029,-7.219636092630762,1.7570452045908296,-12.280786255344825,2.267033047037411,-4.503166781096346,2.7768021231272604,-13.00589734812579,-4.310574822676321,280.4897547169806
144,9,5.7745346712784125,-7.281080363136902,1.758700226554329,-12.19655375913108,2.265305656729007,-4.5105082908992085,2.776456947802886,-12.796970991394302,-4.31144036028211,280.4897106653897
144,10,5.773752863290417,-7.058517640193966,1.7666911814532857,-12.305766452180023,2.2656023206926985,-4.523944050927583,2.7773273138020422,-12.81126452095113,-4.310963048130783,280.4891592539936
144,11,5.773634690278329,-7.069656832115424,1.7530590440021285,-12.418156971880357,2.266189276350367,-4.495862014651365,2.7769653969908696,-12.978776231780632,-4.311181348382293,280.48959548970856
144,12,5.774372091661176,-7.182912000038311,1.7614815034254907,-12.293982437460738,2.267531673745524,-4.4723671129381835,2.777007404020914,-12.8875768433045,-4.311963589034758,280.4898362438379
144,13,5.773682595089943,-7.151822138858298,1.7746108435252355,-12.278366156596444,2.26551871920102,-4.4701412855655915,2.777661945260787,-13.004084129388012,-4.311961947967011,280.48931967066676
144,14,5.774035486904131,-7.12637037278957,1.7706065843777037,-12.326734505429219,2.26708001127772,-4.506099080382826,2.7770797250690715,-12.863498827276475,-4.312049994186222,280.48972071192895
144,15,5.773992627899289,-7.213217844497192,1.781616699452862,-12.245854361592963,2.263805228791897,-4.520803758297664,2.7771827003383946,-12.778790962995602,-4.312726563739326,280.48969256954985
144,16,5.774355329806609,-7.185255182644779,1.7631914757080263,-12.319021715428821,2.2658151297897753,-4.483733268897773,2.777001666798565,-12.993583760889246,-4.310846669423839,280.4893474911861
144,17,5.773510878796262,-7.101474065686889,1.7750655949393883,-12.44860266088283,2.2664663407432304,-4.481128048915384,2.777851204935149,-12.938901842555577,-4.3119134346635715,280.4894314658907
144,18,5.774006615782826,-6.981229187887424,1.784911607888605,-12.472422696811996,2.2690230455697633,-4.5036143134026325,2.7794599871775625,-12.822197028394308,-4.311131228720684,280.4899290138711
144,19,5.773998828192679,-7.058760799447102,1.765282085255278,-12.379079786316797,2.264216451829522,-4.525472158817421,2.777493551639365,-12.831102690166134,-4.31167229718903,280.489546618967
144,20,5.774279747634386,-7.143479483904454,1.761616865508802,-12.501651045828599,2.2672399957764253,-4.452809756979182,2.7776062723464143,-12.992247499736482,-4.311216239283245,280.48923799832625
144,21,5.773825072416632,-7.029806978070405,1.767408124966066,-12.356201159758044,2.26647273414121,-4.529047381760037,2.777322635514502,-12.917455403190724,-4.311937038135337,280.48929226637335
144,22,5.774112850874905,-7.111881996465129,1.767258572969416,-12.391411481155696,2.266939390979797,-4.465013799713611,2.7775347036117637,-13.008105877123228,-4.311095823422928,280.48917303854864
144,23,5.773907548092649,-6.998829304742782,1.7706797020897735,-12.339962924524388,2.267250664038338,-4.514855233856655,2.777540539112991,-12.96883688794109,-4.3101700118611275,280.489115658021
144,24,5.773740260963423,-7.208232481494614,1.7778674486895,-12.416758866643287,2.2642441259891384,-4.435152299198869,2.777115768504833,-13.056341450275736,-4.311175308111002,280.4894096712227
144,25,5.774028429978654,-7.07640218556532,1.7713381232912855,-12.403786019521437,2.2626292457618824,-4.4847024942902065,2.777287036573453,-12.94389877660359,-4.313029102202394,280.4900825370113
144,26,5.774239112981435,-7.121112294499905,1.7489824393199949,-12.343459175412914,2.2662119802099787,-4.493825883877156,2.776895472258028,-12.838075214019545,-4.310391512634919,280.4893953223037
144,27,5.773430436370447,-7.137412645274447,1.7580279655745956,-12.153038459180758,2.265808053817069,-4.559703264872287,2.777263481361274,-12.821567981494525,-4.310610279790657,280.4896144520477
144,28,5.77344467115733,-7.116557624593922,1.7649885533884762,-12.382707870426042,2.2619179189770144,-4.513204250603667,2.7763152614153133,-12.870758934777067,-4.312053861643246,280.4898833064527
144,29,5.773818735130161,-7.013049512889282,1.7707714785763766,-12.301552747190204,2.2648592808893895,-4.496390848671033,2.7778677483345726,-12.901106095363968,-4.311294861426275,280.4894992473632
145,0,5.774142118336195,-7.166260178161541,1.772862938131465,-12.34049543366354,2.267733715988528,-4.503215443639177,2.7775197036152375,-12.961129617950165,-4.310128190792468,280.4892487554688
145,1,5.7743630302473195,-7.111365814495207,1.775638260112315,-12.510308016819609,2.265709357921724,-4.467480110730886,2.7777205778092147,-12.953789848284057,-4.312037801628402,280.48953040954353
145,2,5.774042442101038,-7.124043450801691,1.7436775197916607,-12.400965983590678,2.2653202786548587,-4.4569999948148675,2.775974310290625,-12.95523141702086,-4.309956851375709,280.49000120749076
145,3,5.774031624508967,-7.007356594064027,1.7708980098331635,-12.40989714567753,2.2703235830819177,-4.545489358959903,2.778551884024386,-12.863814528605104,-4.311163815912378,280.48948445989686
145,4,5.7739466671927895,-7.119291200515469,1.7602583837162127,-12.478999530937285,2.266689048579975,-4.428313252326594,2.777971552300825,-13.000782472163706,-4.311127365307471,280.48935986471764
145,5,5.773588175655258,-7.178091771050973,1.7880519723617256,-12.383014041799385,2.2663643110512797,-4.440902484372848,2.7777829930883464,-12.943042972448573,-4.311288449549784,280.4894269013297
145,6,5.77337128148291,-7.204111846882642,1.7628011580462584,-12.38667990841544,2.2656586612460528,-4.463734267143814,2.7770586518799525,-12.857478193734,-4.3103736883473855,280.48977212836587
145,7,5.774267497332478,-7.074773778074255,1.7660969586548796,-12.340995921676956,2.2666291803648537,-4.508548122086896,2.7769402048619325,-12.92807791608598,-4.30905371161325,280.4896536221207
145,8,5.773905385822469,-7.077512714620558,1.752571413454385,-12.426626153902907,2.2666601724733066,-4.505837342046376,2.7768243372452637,-13.013992184372993,-4.309801932749242,280.48944079292824
145,9,5.773740857097053,-7.047100906591379,1.7728891036808778,-12.342163260412006,2.2672917617300854,-4.515471596760088,2.777748261864376,-12.84652550227378,-4.309949564456194,280.4893235480716
145,10,5.772884642629497,-7.022316829785593,1.7850863715627967,-12.371005354611944,2.265396486323354,-4.4563059911625285,2.778277469688476,-12.972914502793813,-4.311485189713051,280.49011386523546
145,11,5.774271944917546,-7.141028510781263,1.7836644654878535,-12.199685089892546,2.2666424153058338,-4.539211889803289,2.777587059692674,-12.944966471547465,-4.311688644527603,280.489352348003
145,12,5.773645624354333,-7.023861417258955,1.773875836845682,-12.452224881312988,2.266124174537175,-4.5321375915773965,2.7774678260047785,-12.816192719566123,-4.311481320604118,280.48913164677464
145,13,5.774465651541159,-7.0553278818339695,1.7882564419114189,-12.418374651729227,2.268322094604645,-4.470379729973588,2.7781676112692546,-12.996918150221322,-4.31033607083679,280.4897381463293
145,14,5.773973856012358,-7.075871454918494,1.7533316834996058,-12.463865451597691,2.268988695038057,-4.459604533739572,2.77770111911096,-13.037368921484685,-4.30966163311013,280.48955463398966
145,15,5.773698615665965,-7.03073108196674,1.7746680869954112,-12.375240760725475,2.2636404949002404,-4.52842186420415,2.776326303518063,-12.813254427456092,-4.312089457014717,280.4895604365148
145,16,5.773620574270217,-7.050012573967529,1.7631416376035731,-12.412432084116437,2.2654704680142106,-4.517128955203702,2.776617365226092,-12.91881099297636,-4.310897099784407,280.48942530882573
145,17,5.773974335043109,-7.1465683090039285,1.7848863609240206,-12.317311177549144,2.2662308800179614,-4.522143138673653,2.7773408742352568,-12.765612479853345,-4.310524223378256,280.4893108519838
145,18,5.774318011418778,-7.024632010712496,1.7789503173287737,-12.381345911904994,2.2678484639866783,-4.55535992137703,2.777714245125295,-12.801057937976262,-4.312096382201823,280.4894300864322
145,19,5.773228995094114,-7.02609828264656,1.7948820729189245,-12.358131518855348,2.2651727551168803,-4.523522886744574,2.777884831656451,-12.914557758390826,-4.312802435649511,280.4898428059869
145,20,5.773940653009711,-6.988820779078027,1.7720391641273987,-12.487197174786415,2.267217217495166,-4.479473924105227,2.77742739320792,-12.941848037778291,-4.311652407092166,280.48928220159553
145,21,5.773726585713066,-7.073096058083103,1.7551792325892523,-12.327979443613854,2.265374425834179,-4.487371254492852,2.7764654160035707,-12.999198106351107,-4.311817256816022,280.48987773928127
145,22,5.7739330148755155,-7.063388342471188,1.7718584233965535,-12.298462951702781,2.2676971712351057,-4.564164370086011,2.7776233611231302,-12.797655621948456,-4.310727930783261,280.48906542282964
145,23,5.774527690968052,-7.067270463749904,1.7628410031444544,-12.356912461968923,2.266102704164867,-4.472782166689732,2.7768871088245537,-13.02679308108079,-4.31013022129523,280.48949599777114
145,24,5.774291115968216,-7.134412332576523,1.7544359051124265,-12.28722766583865,2.2680993110300167,-4.500072692845663,2.7776118171011324,-12.980452851397915,-4.310869759700585,280.48927798709144
145,25,5.774081802365131,-7.051991218350365,1.755247201798751,-12.288229328047285,2.2669651702512272,-4.5035532453255005,2.7776841930017793,-13.031656584133364,-4.311479279030413,280.48928131628804
145,26,5.773349716423619,-7.0106453747898145,1.789234281695945,-12.387753796254847,2.2657768881845683,-4.557392497933258,2.777725616248984,-12.874372792672713,-4.311672418799866,280.48941300051183
145,27,5.774717680216768,-7.020492311493789,1.7598611971336133,-12.317854361455334,2.269969026096048,-4.548112660027367,2.7779264046254104,-12.959802262357742,-4.309401993506124,280.4895548474828
145,28,5.774604194544097,-7.080958606794959,1.7518611846094063,-12.357261537454214,2.269044720352383,-4.474476034619104,2.777580055071289,-13.077680685588344,-4.310402647810021,280.4894326324875
145,29,5.773937138877395,-7.08865403616766,1.7752893110351042,-12.386094870134142,2.26622803603864,-4.5196328975109505,2.778243249717461,-12.900279624449137,-4.3125867293245115,280.4894685357905
146,0,5.774177681448778,-7.141138541653692,1.7695478291401614,-12.330429714478083,2.2680573939551243,-4.550286336118778,2.777188192478436,-12.875322532393799,-4.3099041027639915,280.48929952528295
146,1,5.7738762083859125,-7.090375788424318,1.7605545330804695,-12.34725068663499,2.2677474025924336,-4.491263835877201,2.7776780004757753,-12.931301178301958,-4.31147594372545,280.4894093752405
146,2,5.773983228414999,-7.074422890755309,1.7831201257507767,-12.346403770123365,2.267985192226523,-4.569498291412276,2.7779419122334734,-12.691690250775975,-4.310353657407387,280.48918005820326
146,3,5.7739843196852485,-7.158288772963708,1.7675404698351067,-12.377107713280306,2.265548176854319,-4.481984220949978,2.7770781475487216,-12.857921958329662,-4.311370036909772,280.4892437543741
146,4,5.77360495634085,-7.156093905289173,1.7528697300511344,-12.302290128490714,2.263948284519619,-4.496139526884392,2.7767374361047352,-12.916451066850609,-4.311035004647475,280.4896944911142
146,5,5.774178283474787,-7.02171322676183,1.7634981278745399,-12.419508724612996,2.268301020161055,-4.510516722086671,2.778176020734446,-12.921692367192795,-4.311720213980408,280.4892863836786
146,6,5.774067140057414,-7.089975904669012,1.788963110299785,-12.29215304335829,2.267122177616789,-4.5522999179926,2.777636463867418,-12.793736847608525,-4.311339247477989,280.4892637239125
146,7,5.77451149270182,-7.054997606479698,1.757274062356689,-12.417386777301108,2.269093350845548,-4.485011125528303,2.777285131605851,-12.949435570203457,-4.31075344431087,280.48945563663244
146,8,5.7737694230028955,-7.107514199217883,1.7698547451620381,-12.393686590657365,2.266486590143312,-4.465653049432387,2.777936477634381,-12.979086115290832,-4.310671952710274,280.4893315616347
146,9,5.773725162148097,-6.99687435905578,1.7880109132238036,-12.419368839033538,2.267373077010168,-4.514540945442489,2.778284087687467,-12.869909167340353,-4.31227660550885,280.48946662921344
146,10,5.774314031340641,-7.081756092366577,1.759549234041437,-12.442744188979047,2.267839548708035,-4.45798339493813,2.777795925989904,-13.015553006381891,-4.310249596774193,280.4893183138032
146,11,5.773919519500851,-7.110827310402604,1.783401532214561,-12.287468621080803,2.269743946050599,-4.549819007956181,2.7785521839939906,-12.854375977415911,-4.310305237226019,280.4895052123754
146,12,5.773648778075664,-7.06801702578381,1.7627744395859088,-12.283960213834881,2.266172309619455,-4.5407702414651725,2.776852844860067,-12.890617012924636,-4.3104603035140725,280.48936538618835
146,13,5.774248206481435,-7.113888296259493,1.7779388953616675,-12.339827380553887,2.266567767123022,-4.530841316999567,2.777418522103005,-12.816848856874413,-4.310424967637348,280.48928581957864
146,14,5.773864576963121,-7.0471066088323,1.7734302037114293,-12.347745556986878,2.267663990949917,-4.546910683714326,2.778132186768159,-12.875854204905938,-4.31166118316825,280.48916534781347
146,15,5.773695230450002,-6.985782025223648,1.7672003471505309,-12.49292708956373,2.266075072912139,-4.498548631918297,2.7772090697082756,-12.848149421422066,-4.310213094643895,280.48926513342144
146,16,5.774201661298701,-7.088871824122004,1.7609060320002372,-12.418438345059053,2.2675844621501646,-4.460134499190764,2.7776790301237817,-13.02922755842263,-4.3110323117471125,280.4891690379967
146,17,5.773631216140737,-7.068072304772329,1.7589555917763497,-12.248731107324666,2.266833306393561,-4.564684145750633,2.7777793650317495,-12.875613682444401,-4.311173845550264,280.4893589774632
146,18,5.773682889147319,-7.151125955292611,1.7899772245414842,-12.398896148512703,2.266842975722484,-4.483946467041791,2.7779667082701445,-12.894722376385177,-4.310901367236115,280.4894831484854
146,19,5.774031533619686,-7.06305153202626,1.758547739520541,-12.298466516239905,2.270975612645826,-4.521446844392205,2.778534859963824,-12.933941171122964,-4.311061966452518,280.4899361207264
146,20,5.774405449352034,-7.194556494546525,1.7768164187068602,-12.291469219102432,2.2671246211319596,-4.45780735932494,2.7781739182281937,-12.912037421704039,-4.3110833654687655,280.489609980992
146,21,5.773781880498251,-7.014880871817947,1.7765656976587627,-12.363907757710002,2.268948035989733,-4.577327581986764,2.778193107081608,-12.786536791541696,-4.310248924454758,280.4893381448397
146,22,5.774125159076071,-7.053767651361581,1.7660611381732911,-12.41334940797272,2.269009806133824,-4.539840684494788,2.7777690131607518,-12.87272805248366,-4.311630713024279,280.4895306758875
146,23,5.773529129551571,-6.978967725024791,1.7722081599917632,-12.437464635382733,2.2645796746179254,-4.524078359709692,2.777454687484103,-12.820690235225255,-4.312342665725227,280.4892728088813
146,24,5.773618550544021,-7.0350403324244475,1.7861120272382902,-12.453966796942554,2.266676235789454,-4.502230849522548,2.7780521025372753,-12.979666806749028,-4.312304327359003,280.4894069703706
146,25,5.774101134071865,-7.024638184238227,1.774095388008625,-12.355063630954122,2.2662210701682013,-4.5378426479448235,2.7771953303447265,-12.895398355200799,-4.310955435858259,280.4890925521384
146,26,5.774380994037966,-7.184409126291545,1.7570420651533933,-12.330027602211901,2.2685079418534198,-4.505816618972856,2.7771572735232795,-12.883769812398413,-4.310048536208151,280.48944365364457
146,27,5.77394858302478,-7.086586174858902,1.7610786463964572,-12.375158310232889,2.265778359255101,-4.474986428962023,2.778061270218457,-12.833885700032532,-4.311420349415682,280.4895413453826
146,28,5.773861026104257,-7.129786173208622,1.7686609676205975,-12.38234515588158,2.2658333777328057,-4.4792982466049205,2.7776830553061265,-13.004011638645945,-4.311986103230088,280.48923071128695
146,29,5.774021780602757,-7.088562246625908,1.7678498994141203,-12.30849271195346,2.2659734726303298,-4.515434661596212,2.7769989005729,-12.883300370370673,-4.310217646246287,280.4892021621464
147,0,5.773869513592299,-7.029506708507963,1.769804876012347,-12.416686943877188,2.267110866836435,-4.524653357626719,2.7778947228954096,-12.821871671274668,-4.311001648481433,280.48903861636876
147,1,5.7741662309443,-7.0690319607993395,1.7748128249986788,-12.405741231709209,2.2679894520021646,-4.561377419167636,2.777777514691145,-12.844343080548507,-4.310396663429773,280.4891282231422
147,2,5.774006993592263,-7.041008295699768,1.7747311444525766,-12.385527435777925,2.265120654494009,-4.54198023527533,2.777316065430559,-12.906661057002086,-4.311071535700178,280.4892112793291
147,3,5.773646919988766,-7.126862893761382,1.7725361282026622,-12.31072732090203,2.264952916382444,-4.513345629215307,2.7771762828202413,-12.90336591142313,-4.310998464221275,280.4891863193855
147,4,5.7736851833721206,-7.0568296788657685,1.7659814128466145,-12.418635970586774,2.2664443393087517,-4.513631696582161,2.777881982189207,-12.824175312361772,-4.311474939138785,280.4891623456222
147,5,5.774179599145733,-7.096814061028622,1.7703893751467616,-12.420665865352774,2.2680451859925146,-4.5313015806204255,2.7779509392878974,-12.796815510287129,-4.311047411919451,280.4890963891813
147,6,5.773910188887545,-7.080253622160255,1.7720003123163655,-12.419078668019434,2.2658732179765813,-4.506784501563999,2.7774790096215587,-12.893472040727577,-4.312850104174663,280.48957937114915
147,7,5.774230107027074,-7.226918153217701,1.7574589309129627,-12.268697005041533,2.2672597219672563,-4.497267527613046,2.7777124907129376,-12.89823004377865,-4.310452432301615,280.4893493175512
147,8,5.7737368150573,-7.04608733156412,1.7769457548528664,-12.39736273959587,2.264742182898634,-4.548353074497851,2.777082200661275,-12.828231035827638,-4.311735518453079,280.48914163752613
147,9,5.773972115694897,-7.094860260164471,1.7730261419607907,-12.31985732261182,2.265344822626538,-4.512259249826014,2.7774123657388414,-12.803065512849361,-4.310560322323615,280.48934959482585
147,10,5.773713975679134,-7.153916252273138,1.7740460631416368,-12.299085531869771,2.2675887421818137,-4.535220487086278,2.7773229290582244,-12.88326472410826,-4.310275655748123,280.4894025530015
147,11,5.7741678082933445,-7.077105724211541,1.7843044293729002,-12.452165809418426,2.2705114352103624,-4.5244919164806445,2.778725370861644,-12.880454725868317,-4.310061220991569,280.48966314537387
147,12,5.773797799211278,-7.046612323018667,1.78045025150534,-12.401201044648056,2.266438139546529,-4.520623302214996,2.7773360704937153,-12.804282061463846,-4.311845414375137,280.4893200933768
147,13,5.774404137915893,-7.126117697565427,1.766603001938241,-12.368459599160722,2.2675282829680867,-4.4927039393830785,2.777538457197522,-12.877818921265446,-4.312007770638541,280.4894499806749
147,14,5.773968777552795,-6.989598173069033,1.7815040438494651,-12.419957631891172,2.265933093789122,-4.5478917357879345,2.777270191285896,-12.867001623117185,-4.31082179305488,280.4890582819547
147,15,5.773447405819074,-6.971728752773059,1.7897058191389508,-12.430606275749973,2.266706308192107,-4.550381468006465,2.778350010757479,-12.820540018840122,-4.310535728833538,280.4895944688037
147,16,5.773600620220296,-7.05576049312457,1.779747532422476,-12.256586695840015,2.2658361993000105,-4.563487233190577,2.7775037387490835,-12.852379317914622,-4.3114599178897945,280.48915404615576
147,17,5.77452137672205,-6.998934309218555,1.770523359009397,-12.300695249641503,2.268574806747111,-4.5623122411615284,2.7775037573701566,-12.906016864393061,-4.310025608976801,280.4892601773935
147,18,5.774413524601104,-7.128032623342153,1.7564226738361541,-12.268177945843165,2.264700217568663,-4.505817646984708,2.7764370713284348,-12.943474442456454,-4.310244760172917,280.4897298043215
147,19,5.774118667781217,-7.038940058207451,1.7688980190356856,-12.287578044428399,2.265302635445802,-4.540056365956662,2.776881031454544,-12.888124290997794,-4.311107296399905,280.48914532764877
147,20,5.774270835408691,-6.9429126459419495,1.768084940869171,-12.42880914523561,2.2686966527695103,-4.597806852025506,2.7773893967550176,-12.778267647216271,-4.310306737414571,280.489039067411
147,21,5.774258967819506,-7.082332643763499,1.7572951846955691,-12.353755110554127,2.2672929065629077,-4.534311440090696,2.7774873499864268,-12.856591130691053,-4.311450067933493,280.4892243866855
147,22,5.7738703453330675,-7.130589305504191,1.7744429524495164,-12.308891849632165,2.2649460030861586,-4.499950632902956,2.7769387467996705,-12.921093610159762,-4.310690835892143,280.48929450570677
147,23,5.774247616279628,-7.118309922821508,1.7641261574949418,-12.25724594870877,2.268530680806362,-4.517730859277538,2.7780630935999264,-12.974137295011703,-4.310457902876686,280.48921062567547
147,24,5.774481883846653,-7.12995916077551,1.7580448660960666,-12.356203959432433,2.267834591354522,-4.499098787896635,2.7770168772013553,-12.935593155403051,-4.310709677082809,280.48936838837955
147,25,5.773739540302455,-7.0314604029886745,1.773890885729175,-12.383967777546998,2.2677590972423487,-4.5402086331460465,2.778293829578006,-12.855480177446685,-4.3111604746656775,280.4892330056474
147,26,5.773994036073365,-7.074121079184111,1.7700188823857328,-12.385253995559744,2.2667257185019474,-4.501285047282035,2.777506019367575,-12.960204829174048,-4.310634971997277,280.4891328372669
147,27,5.774124806200644,-7.0751875643384,1.7802042042445294,-12.254961113146157,2.267701857183068,-4.561088849598574,2.7779939619337513,-12.873113009539182,-4.310779946717858,280.4891939724654
147,28,5.774352522289233,-7.090101739943739,1.7638464207487599,-12.394192612113507,2.2668713148814628,-4.5069666440943355,2.7775558120700166,-12.861610851504114,-4.311644047387271,280.48922746144774
147,29,5.773842083522366,-7.124272604127916,1.7757104088267495,-12.34480924483308,2.2661319738614747,-4.515730365022158,2.7778085196335924,-12.916644198876558,-4.311604398862298,280.48915182666036
148,0,5.774103042409411,-6.901013624825639,1.7700702626722444,-12.476673479583901,2.267575406418221,-4.592630938658851,2.7775335448590512,-12.752533126146927,-4.311172253039131,280.4888873947165
148,1,5.773837114872352,-7.089711721380208,1.773205987755462,-12.238823245340752,2.2644858413974105,-4.500574275693478,2.776649988554775,-12.998522982035757,-4.310284972707071,280.4894169085485
148,2,5.773306789902523,-7.048273024835225,1.7874701710163932,-12.362693889820092,2.2648269665385996,-4.52999636931417,2.7772840421099447,-12.798266142537226,-4.310712480510782,280.48953451104876
148,3,5.774112181700622,-7.0293189166119605,1.7944262401627136,-12.396679414237374,2.2679757050332205,-4.534618612588901,2.7782906615045406,-12.725071957826959,-4.311008283757256,280.4894701788877
148,4,5.773497154946224,-7.072650058959842,1.783133795363153,-12.446930221286665,2.266290103790587,-4.553473811788264,2.7777959582387513,-12.66883799988517,-4.31140734938139,280.4892457065521
148,5,5.773401210870122,-7.087738273044977,1.7819615539684275,-12.390243332353684,2.2647941870628356,-4.527612447403356,2.777277390427845,-12.786086409920554,-4.311267755827676,280.4893265726274
148,6,5.774588395338567,-7.029837107173624,1.7528563300925042,-12.2858591422887,2.269823739927965,-4.509663648396975,2.777532957232655,-13.034938138486673,-4.3094996428034165,280.4894301367368
148,7,5.77381606094559,-7.007410393055036,1.7779715780144303,-12.489772035952265,2.267737787920201,-4.472331549260005,2.778649189121619,-12.960603635008178,-4.31135152048459,280.4894316379874
148,8,5.774307017485667,-7.0189297685183245,1.7748227016661031,-12.28407395036662,2.269322026974508,-4.631792677465173,2.777324832962588,-12.774742346002324,-4.310178602096395,280.48934662137157
148,9,5.774188531030746,-7.039851683552171,1.7610437354857944,-12.321700440797294,2.2699873287726353,-4.55344962262501,2.7777984570106584,-12.819509342229551,-4.309648743289693,280.48930249992475
148,10,5.774494190176732,-7.121504116908356,1.768561901466234,-12.429679873376509,2.2686383986123997,-4.503644761468863,2.778135915953388,-12.86669953116583,-4.3108789357521955,280.48934324596
148,11,5.773987237398977,-7.049530647649775,1.7665737869291231,-12.462799809967672,2.2672240499399563,-4.568584509539949,2.777182397896265,-12.776325223401635,-4.310564199281133,280.4890689657276
148,12,5.773705016236549,-7.082124361413141,1.780745770500458,-12.40836024518789,2.266786111768992,-4.554533547979601,2.778086080441777,-12.775216116742238,-4.310690658740486,280.4892892378318
148,13,5.774284816003576,-6.985469053707974,1.7756323651058419,-12.422397995205321,2.2697521255098905,-4.558411390223267,2.7785007868441074,-12.740416304800746,-4.310294866311605,280.48929935672163
148,14,5.773934693493453,-6.916544192911648,1.764371393559241,-12.365161726251547,2.2677163902962842,-4.6285545584137315,2.776904216728741,-12.791229359030101,-4.3100849528208185,280.4891564826255
148,15,5.773809220008666,-7.056496871982356,1.7801404788029351,-12.512014020337059,2.265500752209484,-4.506457658174652,2.777213535561112,-12.843384574194687,-4.311160690458115,280.4891940714829
148,16,5.773982338494918,-7.088941005926131,1.768437129566104,-12.390063574631537,2.2655978739689426,-4.544570524028493,2.7767125661631917,-12.795236510285562,-4.310131623056666,280.4892565875275
148,17,5.773357678055797,-6.975681563104736,1.7734651465186542,-12.356659614120518,2.2668918310726074,-4.566346038233894,2.777796078268682,-12.917286602185706,-4.310456512062054,280.48940493493035
148,18,5.77418176394003,-7.036820878396005,1.776294949398948,-12.360616772786218,2.2679406608222,-4.551190900414341,2.7778512501722408,-12.879383130167692,-4.310598959182949,280.48907750925014
148,19,5.773782493897895,-7.130377788193941,1.7736267012741411,-12.444604972234131,2.2672619873909903,-4.472888686034072,2.777850250295873,-12.800006707417829,-4.310433325337902,280.4892259594315
148,20,5.7747101931101055,-7.030752985348408,1.757909650000988,-12.493692171791302,2.2675922562968607,-4.477315318060936,2.777448665456413,-12.938825715171632,-4.310722639756217,280.4894294472536
148,21,5.773768982932958,-7.065693526702613,1.7682040788111915,-12.349029817633424,2.2671026267114023,-4.532351271444741,2.777878087712902,-12.9255637661881,-4.310465631387247,280.48917113627965
148,22,5.773963351189997,-7.129673090747091,1.784164987658671,-12.37272980752947,2.266116838438079,-4.521399583463651,2.7777492535918813,-12.876820311315768,-4.311189985567529,280.4892454952011
148,23,5.774105064655875,-7.24343150329204,1.7696925739653602,-12.369096088316955,2.2676291237609147,-4.488688093012256,2.777740905770454,-12.800963172903435,-4.311469345108504,280.4892755716489
148,24,5.773778918986738,-7.141355074699133,1.7776096975886257,-12.271469770732534,2.2656324720386256,-4.52688710248732,2.7773170833454786,-12.910056712827595,-4.311172620382367,280.48915825356033
148,25,5.774148449216407,-7.022110402905915,1.7792285361282254,-12.430683083579453,2.2685022511568103,-4.509574444794125,2.7783575723179785,-12.890554785816756,-4.311088362823493,280.48924248121926
148,26,5.774284441346041,-7.0062586897251595,1.771707054130223,-12.426277365359333,2.2660305305988477,-4.609063038353378,2.7765521912851523,-12.644118051258777,-4.309871569445866,280.48936916294645
148,27,5.774000315919827,-6.964162146132512,1.772397036443035,-12.433661229278309,2.2675247704241306,-4.581836619486757,2.776996850592706,-12.713782736876643,-4.309658086046975,280.48922440122465
148,28,5.774137379000405,-7.209490115390128,1.770411032519518,-12.239053007871808,2.2664721219673463,-4.538721611022601,2.777625987051084,-12.662160808897296,-4.3107693184754465,280.4892557320141
148,29,5.774131838460121,-6.993866410270009,1.7804055677929287,-12.494715174222259,2.269729601402389,-4.543268022112171,2.7780533656655666,-12.836477461777697,-4.310183702013541,280.4893684193396
149,0,5.773992155037361,-6.927405112777776,1.7539211510525652,-12.367963795796777,2.2668703734744544,-4.602579860800126,2.7774433237022467,-12.879341503907131,-4.310916817302687,280.48903744138363
149,1,5.7738037071449915,-7.027086978329021,1.7771538897514392,-12.412559693753728,2.265733446250667,-4.592028628426318,2.777062983347048,-12.828789886877834,-4.311123501385706,280.4890555546029
149,2,5.773832621909839,-6.944676496151074,1.7522320941269207,-12.40166904343677,2.265450697111053,-4.562102543892179,2.776432285491265,-12.900259225701884,-4.310843826121289,280.48940389198987
149,3,5.773634825965119,-7.0117605857992915,1.7705299601624462,-12.369647811507486,2.2666035282434835,-4.548343537322495,2.7774862847566215,-12.751548852224927,-4.310412051595114,280.48916079331434
149,4,5.773685159261849,-6.972932688120494,1.769254423956301,-12.421321090308908,2.2666828699325547,-4.520996173380867,2.7777582089629056,-12.902876720448994,-4.309552013362309,280.48953125713945
149,5,5.774124206340122,-6.9908294484390625,1.7582643060421022,-12.32187117029607,2.26655519212113,-4.546018502292043,2.7767516534524384,-12.765140336732125,-4.310115527499545,280.4891482821619
149,6,5.77421876803106,-7.115352669160633,1.7670251882980914,-12.439426132512411,2.269988686654827,-4.526803883388546,2.7789896771306326,-12.75353479039269,-4.310746027617166,280.48957089138185
149,7,5.773740296863173,-6.964627799850681,1.7852509135190047,-12.280626362047729,2.2660975189604073,-4.629446409614868,2.7776419412244993,-12.799162412768117,-4.310751201844169,280.4890852883152
149,8,5.7735118236664915,-7.121607777851883,1.7877981521409438,-12.419037801951673,2.2646896076082443,-4.515077315415198,2.777095258133397,-12.803414011547623,-4.311625756736924,280.4894339231215
149,9,5.7742859468883,-6.998962683340886,1.763866526719274,-12.411017655258327,2.266077950713184,-4.5884652465764555,2.7764840522855754,-12.739397701776946,-4.30932900104298,280.4895003584397
149,10,5.774086511529135,-7.138241469622453,1.7661603291311359,-12.322833292883548,2.2666709492657193,-4.502589636583532,2.777138842958796,-13.027018016752749,-4.310499527550559,280.4891972829749
149,11,5.774292708840401,-7.06126395982347,1.7669550619721226,-12.404979615919835,2.269094015246239,-4.590859584763634,2.7772785208483817,-12.66881829574233,-4.311007856978763,280.48941276497845
149,12,5.7741352160350115,-6.9958520953791,1.7712936776968282,-12.367669847010031,2.269077731636179,-4.579069813110731,2.778052351380088,-12.866004728840723,-4.311900884457625,280.48940260662914
149,13,5.7744114902627555,-7.16787446650259,1.7712093397695996,-12.269940580308958,2.2671487355620235,-4.518998195617053,2.7772124574753043,-12.899412371762368,-4.310720718662886,280.48928874180876
149,14,5.773712435703795,-7.0280875220417816,1.785423340647285,-12.447510262183496,2.2665467420795142,-4.496913662267494,2.7783156097381494,-12.937931168253325,-4.311462366154948,280.4893056078553
149,15,5.7740314203943655,-7.012442979197102,1.7770735042602104,-12.438086495238933,2.2690588612418887,-4.582037907733769,2.778691880372725,-12.721576744533031,-4.310968505325334,280.48926338064916
149,16,5.774259909457627,-6.974494760753368,1.7704344574060904,-12.20229366440246,2.266137558573255,-4.60250979732357,2.7772637708296224,-12.842894057131291,-4.311281698722364,280.48903270070105
149,17,5.7736135014576115,-6.909904142783266,1.7714055423518256,-12.436858975180442,2.2649768742456873,-4.6374168000967595,2.7761981582592923,-12.639091145908962,-4.310803993939182,280.48937543867316
149,18,5.774044019827252,-7.024059361094899,1.7926127181855835,-12.369404709331013,2.266344943239419,-4.5298076472865745,2.7775096139352207,-13.074341315751024,-4.3118387436003225,280.4894577773798
149,19,5.773923046592498,-7.002403120546972,1.7728189900020754,-12.382149911713778,2.2666367403896945,-4.572311341343297,2.7773950284141935,-12.83293202104468,-4.30968742518647,280.48930069492263
149,20,5.77411372361832,-6.89096709299902,1.7621000348781672,-12.486260888605424,2.267946753899044,-4.60842754429917,2.7779750622735486,-12.715720306169473,-4.311649412624004,280.4889737384822
149,21,5.7741414413942405,-7.1119535619938015,1.7780462806847994,-12.467637879787016,2.2694253566944664,-4.501500560370459,2.777944242045607,-12.88157335318242,-4.3105537523630595,280.4894070447016
149,22,5.773944484310041,-7.009500531127467,1.768656965690553,-12.448255163132778,2.2672434807130717,-4.49672199998968,2.778185533706316,-12.894709200058292,-4.31131477538261,280.4891740372835
149,23,5.7742210503744715,-6.8362077591549655,1.7714763246902656,-12.589769871562012,2.269056131830571,-4.577672453991775,2.777901092836369,-12.854184838148356,-4.311549274929292,280.48912037333275
149,24,5.773872122760698,-6.832005316680941,1.775550746817312,-12.48035653354271,2.2668839379313446,-4.567282129199359,2.7775830611332086,-12.888960352015811,-4.3109137737796,280.48882184573165
149,25,5.773699689350584,-7.083713636662836,1.7905073949390298,-12.376518965166506,2.266600110550321,-4.588903682705922,2.7775750573831424,-12.778021263871716,-4.310963430784036,280.4892910842518
149,26,5.773788947644181,-7.129852566710861,1.7714521973014035,-12.406633144391831,2.266016269853681,-4.53638338227451,2.7771146526282435,-12.734939117856904,-4.310557028921943,280.48920231828436
149,27,5.773850559465608,-7.167149781879083,1.7824748945733149,-12.404166974746795,2.26786767012968,-4.466780656916701,2.7782844843858867,-12.856120809541405,-4.310409585967598,280.48944733248396
149,28,5.774153277492558,-6.955139907360365,1.7656462205806953,-12.363133405592091,2.2675398280066776,-4.582997144604035,2.7775934735348127,-12.837447813399272,-4.311032925258134,280.48893205899424
149,29,5.7739417757142615,-6.9035191918233725,1.77212091485878,-12.537740702377265,2.2672888185247504,-4.559117281781592,2.7775636380854682,-12.806725184390883,-4.311858957029019,280.48910941460304
150,0,5.7737960710551,-6.896908126044808,1.765580109881552,-12.547755751005878,2.2670307881346417,-4.573683838392312,2.777834698244955,-12.766078876509635,-4.31095254941476,280.48899102048244
150,1,5.774372687835168,-6.972312914274901,1.756379716074438,-12.343140735184567,2.26831349031287,-4.551880801889464,2.7774989621215314,-13.065964851816704,-4.31088557313801,280.48909241263135
150,2,5.773949408619603,-6.83388481424028,1.7672424434028615,-12.438681104162072,2.2674308357197073,-4.621881826190497,2.776895440656929,-12.717954782994482,-4.309970831473375,280.48905892475955
150,3,5.774074101061812,-7.0203318505607415,1.7688202308572158,-12.416439635456364,2.265900577829373,-4.5911760128239285,2.7768014839127737,-12.753333105786169,-4.310768360211781,280.4890786419299
150,4,5.774347072680424,-6.8723662933873495,1.7677598881271614,-12.320860328522366,2.2650763877876026,-4.6009161970813235,2.7779438157455356,-12.785329840296223,-4.31154050981339,280.48988577018156
150,5,5.773918815276938,-6.9378387771359,1.7528156966979842,-12.48732137326373,2.2670282152300594,-4.520004971389686,2.777893285636543,-13.093933180301777,-4.311290006608413,280.48926946389605
150,6,5.774097030826651,-6.957539009094183,1.7791342763017386,-12.488208836651435,2.268298994970457,-4.54871523515814,2.777923647819028,-12.976561793450333,-4.311566521732135,280.48915371480626
150,7,5.774152327354479,-6.767049294675,1.7684623664575296,-12.504262683942219,2.2680817980592893,-4.662215635662223,2.7774669382906447,-12.721467314167977,-4.311201366166153,280.4887755989937
150,8,5.773557285543569,-7.024419706862436,1.79408863570659,-12.376879685106028,2.265887684484834,-4.5239007310792605,2.778359887244394,-12.957227141904971,-4.31147561823899,280.4895917012552
150,9,5.773255123211917,-6.916783467490314,1.7891222841575911,-12.451013538215477,2.265377425845088,-4.627858003131615,2.7774569034653798,-12.57996305750889,-4.311675190033947,280.4893633482709
150,10,5.774290471597375,-6.91612168244881,1.7589239079333796,-12.473026046623508,2.269298604065637,-4.512930656266641,2.778405302801918,-12.890052381997164,-4.311443830845112,280.489268553431
150,11,5.774148562760672,-6.77603228488161,1.7636593055162137,-12.448207959354908,2.26750518874175,-4.587243754609121,2.778011470179239,-12.884282598069811,-4.311603708970792,280.4889512507274
150,12,5.774109966064687,-7.0188177612113885,1.752642099231812,-12.380371410127422,2.2666009740579147,-4.560787442419545,2.776633679448154,-12.789875337349514,-4.310713537830662,280.48930531482347
150,13,5.773586527641504,-6.762074027540525,1.7694924941108723,-12.506857402789205,2.2674135039776586,-4.617314074422281,2.777253470888675,-12.82231815004732,-4.309761810016537,280.48913697098243
150,14,5.77433106660305,-6.7104304991667485,1.7771268362663468,-12.606449378010895,2.266761042715527,-4.657984074700799,2.778461748033411,-12.768206947251702,-4.312697855302424,280.4894522286613
150,15,5.77354124801168,-7.0433800217034985,1.7777830391637663,-12.572444954060511,2.2669040807855496,-4.479014256226802,2.778164607873261,-12.73704235193486,-4.311064333824323,280.4893141449783
150,16,5.774180857425638,-7.0436504148672725,1.7682243836641238,-12.358434650999207,2.269023868580958,-4.588796855908335,2.7772362455465673,-12.746059478567945,-4.309184004563291,280.4894239121311
150,17,5.7736010656638435,-6.982721114795692,1.76923877557287,-12.367454946816858,2.267287417558696,-4.603096380714936,2.777475992215331,-12.654390919156484,-4.310235673502521,280.4891590006058
150,18,5.773726846107779,-6.879849251430238,1.7862107091342825,-12.394102961351644,2.2665231102030226,-4.609668012880131,2.7778436538487026,-12.822464354913429,-4.311384621983809,280.48893495573327
150,19,5.773820954000746,-6.912309616921839,1.7662985168467011,-12.420850282751708,2.2653560958149814,-4.52630238997759,2.777819870791507,-12.96042130897907,-4.311953289244935,280.48916364700676
150,20,5.774518590975313,-7.166406191937799,1.7705519458700387,-12.213066102985351,2.2684369755385356,-4.606601202262652,2.777310053589826,-12.629961433275184,-4.309507446096364,280.48945485953
150,21,5.774090766010228,-6.96987732416703,1.7745219112289208,-12.483840785488512,2.2657875781779326,-4.590173686003287,2.7779904222161944,-12.862314377976354,-4.312254186933911,280.48926585755555
150,22,5.773350821451917,-6.949447833144394,1.7905838763988513,-12.350743553061754,2.265760536702394,-4.617274604249307,2.777175745071633,-12.667833558850926,-4.311194471067298,280.48944388131287
150,23,5.773514616431683,-7.08067266400348,1.748221356157849,-12.326198246571318,2.2652308652589475,-4.583467621814228,2.7764475602424388,-12.865160052937085,-4.30950642462373,280.49000717606214
150,24,5.774500760009177,-6.907135077076686,1.7454877439024883,-12.540796025482578,2.2696914825084207,-4.516662734036295,2.7779251469969624,-12.904626844221156,-4.310690328474561,280.48940332176596
150,25,5.7742198415322195,-6.8470531471724465,1.7676617009099316,-12.511040228616087,2.267973852214434,-4.586478200885041,2.7774350358152935,-12.753383768722358,-4.310636713032064,280.4888813730131
150,26,5.774335305289388,-6.833817331611938,1.7690712179952683,-12.420915084867051,2.2676079166662126,-4.624110480149667,2.7780849245245127,-12.744958832192008,-4.3102596692205575,280.4892794259664
150,27,5.774705361473212,-6.860795990544925,1.748620471567926,-12.523238977122084,2.271461672133912,-4.634397336925668,2.7781994625008335,-12.64321603929435,-4.310942804648253,280.4896153380931
150,28,5.773833474651357,-7.003286931691833,1.7795388463291784,-12.48915224425579,2.2670615928978965,-4.523627303955328,2.778516485510527,-12.858597232496471,-4.3116705864146185,280.48932855309533
150,29,5.773540254898157,-7.208017243003561,1.789766546792796,-12.414001775130147,2.265808805241088,-4.497254132020386,2.778006209201101,-12.851567876092984,-4.311810460668241,280.4894866534881
151,0,5.774497762151972,-6.967103694337497,1.7678379455371107,-12.430649850580867,2.2670976968859797,-4.5654977851218606,2.7768002544651176,-12.784089881064965,-4.312086020124065,280.4897273739482
151,1,5.7741431807461385,-6.744935365642952,1.7602105809257165,-12.698464545087168,2.271742438484973,-4.548613758951484,2.778668647634098,-12.905286009745886,-4.311105690588065,280.48978145833075
151,2,5.774080295921231,-6.844726413528952,1.765108744625902,-12.431529545658146,2.267599469373654,-4.6191764916322695,2.777635614780245,-12.759371991566589,-4.311008827074156,280.4887676945706
151,3,5.773980268566314,-6.877937864170034,1.7789231409322963,-12.442564764901636,2.268826085884853,-4.5833453454668165,2.7781407484760074,-12.812917349051405,-4.311283342093591,280.4891377222535
151,4,5.774332020428991,-6.769554008502043,1.7568617110168208,-12.530121204579302,2.2684450293364016,-4.5708435641939476,2.777678799489274,-12.85490105802281,-4.311529990394491,280.4890604058579
151,5,5.774385847082215,-6.919335278737866,1.7765414242266364,-12.504827428269655,2.2714492892926197,-4.579079675773174,2.7789885513791566,-12.755919343019869,-4.312095560404524,280.4900900728458
151,6,5.774820488941409,-6.937448277285353,1.7592687470152164,-12.3734591187538,2.269303284049988,-4.602463055451039,2.7770026375285735,-12.92789482537415,-4.310586486083745,280.489510117045
151,7,5.773591633777181,-6.79040892475691,1.7625763033579718,-12.596603422467927,2.263052760687437,-4.591995476841246,2.7771816566316305,-12.811418104541184,-4.313251024461526,280.48964373666786
151,8,5.773566805889079,-6.728035969349513,1.7706235440672582,-12.595371486881184,2.267703809276866,-4.669425414927703,2.7777147681885848,-12.741306902448084,-4.312170679507581,280.48931392355263
151,9,5.774298713829367,-6.753893528961038,1.7682813712514487,-12.52084821357322,2.2667278728870754,-4.681725650842801,2.7769857479637308,-12.707624113110997,-4.311551666186898,280.48885635629784
151,10,5.774139857803163,-6.752105332594589,1.7847999919287443,-12.468542455320486,2.2687729267492727,-4.620286128564948,2.7785975595176056,-12.9649611077556,-4.312894897083881,280.4895336134514
151,11,5.773743935909057,-6.706757549754284,1.7297431838021438,-12.483771692151935,2.2683669483357587,-4.597052348095977,2.7777128187208207,-12.911843239184195,-4.311249870623078,280.4902023017906
151,12,5.7737330778103555,-7.024883042303908,1.7560940442204085,-12.2513061175242,2.26603035496024,-4.510045539668601,2.7777445712553885,-12.956509842841877,-4.311536737876494,280.489379799399
151,13,5.7739190057076195,-6.884352071577296,1.7712924696766434,-12.429646365433177,2.268620026937163,-4.610403140034928,2.7778144339912316,-12.770714569850318,-4.309848632768632,280.4890331201562
151,14,5.7738326997755145,-7.179945717485999,1.783484224543108,-12.171124072551514,2.267363732372976,-4.579726376221438,2.7779170464765333,-12.840734377177396,-4.310647542290575,280.48928936280925
151,15,5.77316431965923,-6.766813584417278,1.771078709475822,-12.310739912340711,2.2650350308514384,-4.6076298342875,2.7773754159681387,-12.909273267605691,-4.310571396130336,280.4894388125921
151,16,5.774551293535096,-6.960037887316237,1.7614317690662373,-12.476703438899413,2.269790339580501,-4.6238482984438765,2.7779034517956727,-12.773305108726666,-4.310989293628638,280.4892132352524
151,17,5.773843489776798,-6.716581297231656,1.7695408640514956,-12.55648154138263,2.2683389926508077,-4.6284729471465536,2.778031735853041,-12.691838363417602,-4.311084265927933,280.48883907552437
151,18,5.773835566693354,-7.143451340968338,1.7725649484954056,-12.322540512131013,2.266409845118269,-4.503089188556479,2.7777215891021956,-12.876580282898956,-4.312816372170533,280.48962482142593
151,19,5.774443778042279,-6.822820388385292,1.7631917308723706,-12.42844537669255,2.2688826124860526,-4.62426478304646,2.7772465262799946,-12.768603595132813,-4.309015067995606,280.48924684626763
151,20,5.774536120266344,-6.882362839382519,1.7531627155785328,-12.574311561653658,2.268702831763795,-4.555259176812758,2.7771897794495164,-12.857103685201427,-4.310195597142952,280.4891236181991
151,21,5.773831350656707,-6.974843794772099,1.775686441852108,-12.369401905575165,2.267711784173541,-4.5619619911456795,2.777760343594594,-12.93221215516726,-4.310677821571337,280.4890014271022
151,22,5.774272536837691,-6.827111311504825,1.7701881206218502,-12.431761056418217,2.268395084941265,-4.59635349847175,2.7770717415845274,-12.756520658188363,-4.309945263482128,280.4890763591743
151,23,5.773668691005518,-6.772094247329577,1.7604188858834091,-12.324709304207584,2.2656993114334028,-4.659848205844902,2.777350109721266,-12.720222130592767,-4.312023601468756,280.489005014238
151,24,5.773516633323838,-6.885786514448027,1.7716968450759234,-12.581624109311484,2.2684316221186553,-4.621495916345408,2.777227170263115,-12.723039978946344,-4.309478253678218,280.4896568973088
151,25,5.774070713651295,-6.7245986317287105,1.789748348057898,-12.48790202008268,2.2668887841311594,-4.725435255172849,2.7777343161801675,-12.558769528019534,-4.310714606946581,280.4889925636819
151,26,5.773826594050514,-6.9585624029747555,1.7640239080656348,-12.404138741149158,2.2673303468712342,-4.638513219908915,2.777460161510286,-12.671266653460751,-4.310808958061796,280.4889319531907
151,27,5.774262938893431,-6.826680324322139,1.7576343152856404,-12.365352395267733,2.2676945277757024,-4.6714940067272614,2.7771230026994553,-12.645198626598383,-4.3099230717131265,280.4888988579705
151,28,5.773764368254149,-6.723117803130023,1.772203082160755,-12.564164476625967,2.2669323406100728,-4.628218985526251,2.777658364434968,-12.728549858117612,-4.3118377081663475,280.4888453903719
151,29,5.7741419675431604,-6.934948236649058,1.7770038201001628,-12.36367619616237,2.266006028473867,-4.554213757086051,2.7776276555747046,-12.804576509235082,-4.311801966054046,280.48908556396185
152,0,5.7732465737549115,-6.875536608621421,1.7941200535898703,-12.55143788009443,2.268217483777282,-4.628693307274368,2.7785222715371307,-12.751915856577474,-4.310426954276749,280.4898282436525
152,1,5.774008942761,-6.754580914570324,1.7660151058356195,-12.431976563013517,2.267815551176911,-4.602068576905243,2.7777649515063896,-12.791988430679304,-4.3114177395997135,280.4888181416324
152,2,5.774253338766537,-6.809755026882281,1.776060970426216,-12.514916223906214,2.267968897815364,-4.623278122557975,2.7779289774757063,-12.673598602040382,-4.31188227722449,280.48899630240555
152,3,5.774269803997896,-6.790022545639778,1.7726261868798372,-12.272535603328627,2.2662318026477783,-4.669800961146402,2.776717029970623,-12.628984126367639,-4.311111122411412,280.488874993947
152,4,5.774184386203817,-6.6165600792339125,1.7519499156670855,-12.49954239611899,2.271385437296593,-4.679071702064684,2.7779657991279487,-12.594419163294729,-4.310585568325515,280.4894012545113
152,5,5.773747810635625,-7.036532732798161,1.773589738344069,-12.431041446176854,2.2659072018419972,-4.556049639087443,2.77823306442628,-12.722760685836665,-4.312137305163577,280.48936423835585
152,6,5.773958897278737,-6.729012013681419,1.778533367401066,-12.5068107212996,2.2688264780824534,-4.585510887330303,2.7781400202009663,-12.856073410016663,-4.310981250568888,280.48895124754756
152,7,5.774313842783903,-6.7324253569199035,1.7812928123460987,-12.539731446690956,2.268318395342861,-4.695842899825258,2.777961240415775,-12.699912835354016,-4.3119075254725825,280.48896315269553
152,8,5.774165232820851,-6.70856497703711,1.749111297844051,-12.458945998329066,2.2685857015009026,-4.680848160379819,2.7779841064584234,-12.754826696488458,-4.310292096907645,280.4890008944866
152,9,5.773590474926067,-6.919301093908879,1.759513945644339,-12.482683652105806,2.2677965578589148,-4.56896903618431,2.7778545034416724,-12.767645852579461,-4.310539312344345,280.4893049543998
152,10,5.773854689583518,-6.686505821520811,1.774300664764345,-12.533952018236334,2.2678690461839124,-4.646922544107093,2.7784329297143633,-12.689312535963724,-4.312274831084203,280.4889767928571
152,11,5.774190817275462,-6.6530681874001845,1.7775038366479692,-12.63808809562584,2.2684156601954,-4.6474952120963,2.7788200094583573,-12.693888179568336,-4.312176905985261,280.4891146461899
152,12,5.773501805187706,-6.78924637853292,1.7923950252858663,-12.713709866317108,2.264686921501391,-4.606005852766096,2.777371392553139,-12.754282809492667,-4.313078098160551,280.48954859664565
152,13,5.773732329347365,-6.46272165492254,1.7612822125470056,-12.442309257063824,2.2690833599900317,-4.777755323327933,2.7779632725696257,-12.43403073914519,-4.310415106294484,280.4885709278396
152,14,5.77425206254798,-6.756591544033436,1.7787793430306706,-12.379632179318879,2.268555928274188,-4.691581973069915,2.7781882208136985,-12.816875580262419,-4.312545577466485,280.48924002316994
152,15,5.7742075969807765,-6.688878715757734,1.7598216103830593,-12.452790171728752,2.2681982400539247,-4.616146795836831,2.7779280222388856,-12.862320451569062,-4.311943533918381,280.4889535190242
152,16,5.7739273460744736,-7.169226920246677,1.8044707075424962,-12.31540207029689,2.2669091246883446,-4.583788923070135,2.779015535920082,-12.725888574825921,-4.312185679780551,280.49030594116323
152,17,5.77424219749225,-6.667517564208635,1.7622864642379263,-12.52930588159469,2.2684733883676667,-4.7051885206303465,2.777464923659448,-12.468164333221418,-4.310155425952888,280.4885983475583
152,18,5.7733301289043,-6.672266015243046,1.765573792912857,-12.618546112289955,2.266441008936241,-4.649672575618412,2.7774449259810496,-12.637284180959334,-4.310135272097439,280.4891948449984
152,19,5.774262391950652,-6.880372085462039,1.78159802448033,-12.404696688105549,2.2683964614192367,-4.702405964325133,2.7780264711767266,-12.644409034651812,-4.311325188964137,280.4889525096283
152,20,5.774239854803812,-6.624355572822129,1.7649349144710027,-12.535510459139385,2.2673322783100742,-4.642770010097502,2.7766885764848865,-12.842637180483246,-4.311481346513728,280.4890160222108
152,21,5.773571072359469,-6.886666565061691,1.7635659307774587,-12.292729627978666,2.2659408168676736,-4.665594638087812,2.776159228888909,-12.628882720473015,-4.309921414420593,280.4896161648375
152,22,5.773612939693504,-6.8168236256629955,1.7779635906792135,-12.532527804028925,2.268620102326725,-4.648128667079116,2.7790131008230907,-12.606795195609312,-4.312273101436509,280.48947504392873
152,23,5.773433977374758,-6.825898216353868,1.7709213622246158,-12.420042428965871,2.2641680863542306,-4.605348917066197,2.7769280300187247,-12.79343442566822,-4.311676013299132,280.48912671155
152,24,5.773934378511581,-6.6624096226687115,1.7592469591136082,-12.462198126793295,2.2671500194876484,-4.719752075219119,2.7775186828130836,-12.499909501183554,-4.310725144918609,280.4886542695549
152,25,5.7744013196187005,-6.868950272556167,1.7581011753579145,-12.447771009713614,2.267716564428225,-4.574112920870099,2.7780986422502347,-12.767429478308863,-4.3110659714097945,280.48919309267603
152,26,5.774506497466097,-6.605052749123701,1.7810556823979535,-12.399050346609194,2.2671058221951044,-4.704158655937015,2.7776556340645016,-12.6861722561373,-4.310728063763434,280.489054127352
152,27,5.7747255307105085,-6.634201694175057,1.7776205011596289,-12.549314714408853,2.2695512198412624,-4.732748630353878,2.7778073276645894,-12.630034801418176,-4.311045184005012,280.48902737318724
152,28,5.774027385499153,-6.8217527347469655,1.768249914747595,-12.358153437589229,2.2667346896139744,-4.611291491449751,2.7778416710452367,-12.836872750830908,-4.311947453484214,280.48891252103334
152,29,5.7738295198842895,-6.727870154932614,1.752798829496247,-12.489716718637627,2.2675710265539575,-4.558769163743626,2.7776355036384293,-12.835487034604869,-4.311554590558445,280.4891574683787
153,0,5.774265378016074,-6.738457872569763,1.7642011500194157,-12.28844654883966,2.2707749648072397,-4.7259952698508725,2.7779183311845785,-12.804731495490769,-4.308643933617715,280.4892167841276
153,1,5.774411982058897,-6.834205168912552,1.7672958521642155,-12.311918452043095,2.270022706826333,-4.699230064953493,2.7774707461974337,-12.49031433005038,-4.310026892002854,280.48903825023694
153,2,5.773922572523681,-6.697782044634097,1.7665093334852255,-12.531247243772857,2.268241780125597,-4.756058460659378,2.7784719696187237,-12.266960289479272,-4.312495548098985,280.4890354521394
153,3,5.773485775102752,-6.896096068529975,1.7784329004673831,-12.538232276185274,2.265061528783382,-4.509824359732977,2.777556147946432,-12.970847258735708,-4.311983033749695,280.48918212010636
153,4,5.7740070918560376,-6.5796598877565655,1.7843634520878509,-12.722402548900536,2.2672900201606776,-4.6747133245325365,2.778042167561726,-12.579899029265851,-4.310738882954133,280.48877707474156
153,5,5.774692323076674,-6.708946718318736,1.7694679428128062,-12.430924062560733,2.2707279962186844,-4.680381566622943,2.7786810906457484,-12.80088508852467,-4.312121798242743,280.4895800264751
153,6,5.773998869794693,-7.088783802267239,1.7795509093040633,-12.421908744389546,2.2657854890476496,-4.507785055262299,2.776722210458933,-12.712546981114535,-4.311322945884609,280.4893851178568
153,7,5.7746281054835595,-6.596691549234265,1.7533319697084246,-12.545149405225418,2.2663667469302315,-4.6632238118927924,2.776211332067564,-12.697364719352988,-4.310304621752664,280.48911482231625
153,8,5.774243965540271,-6.536946678636752,1.7827689428142761,-12.562372539256405,2.2687981781084767,-4.703222193369616,2.7779271816991513,-12.554516768486817,-4.31080432944746,280.4885925895048
153,9,5.77456744622251,-6.682153926881598,1.755972274382874,-12.597285140250793,2.2693376358721724,-4.678581916060213,2.7776289448935523,-12.526981822176403,-4.309681532355733,280.48887684322915
153,10,5.774225913511147,-6.121836402875828,1.7380971438136654,-12.593271388770539,2.2731246609193216,-4.911414691939974,2.7784954203201035,-12.349918595279357,-4.310349752380194,280.4892058736712
153,11,5.773834944830834,-7.198348639345859,1.7705879145808687,-12.243677145600302,2.267420365122784,-4.521420197665339,2.7787513897665805,-12.796373176511702,-4.310916805266708,280.48974634981187
153,12,5.774348900741467,-6.413155370675855,1.7625230566530368,-12.46848371832553,2.2731277310601268,-4.856574596539399,2.7794919196673766,-12.398911830203227,-4.3117752806902025,280.48963588274376
153,13,5.77388433933547,-6.682853273765754,1.7569105880113205,-12.393275391564197,2.268189439646123,-4.717193799506095,2.7781376729846357,-12.414038492984682,-4.310120991578424,280.48904036255493
153,14,5.774151062886416,-6.351324815128141,1.7649034909147223,-12.375429996071652,2.265611425816393,-4.8233549026533735,2.777157724257678,-12.182006091294904,-4.310787741460212,280.4884613591094
153,15,5.774086467036876,-7.120317658024876,1.7427372620496069,-12.17181247022402,2.267463564259064,-4.55436083367282,2.7775781525227163,-12.722383870025386,-4.311749866670733,280.48968771340253
153,16,5.774064904541341,-6.71688941104553,1.7572973863620298,-12.616294356686222,2.2693520503207454,-4.623522157411523,2.7771510078782997,-12.621558011550194,-4.308523361488509,280.4893218286372
153,17,5.774163314369693,-6.598215399012233,1.760370530387415,-12.496852653404073,2.266746310583115,-4.688318745422805,2.777267237670182,-12.7928594439309,-4.30987143169245,280.4888202291111
153,18,5.774029355334042,-7.3498053675306405,1.7813866574586636,-12.309455844852723,2.2671598667557276,-4.4147004485909465,2.7782540257754134,-12.859900539550454,-4.3111108725116605,280.48950569550414
153,19,5.774159070005672,-6.27308870782607,1.7574908597242656,-12.480384252491183,2.2713361065145157,-4.902022445593881,2.7789339805186253,-12.525177393419865,-4.310656902835508,280.4885405246855
153,20,5.773570136110611,-6.4498463802467025,1.7594575069326839,-12.53523823118151,2.26780506915769,-4.855076019546041,2.777150917779172,-12.444664184450925,-4.311191183422024,280.4887288809788
153,21,5.773825409965469,-6.7691088902801075,1.7805786529748666,-12.433231951354152,2.26489778387504,-4.641638411490584,2.777740148401459,-12.757857743123958,-4.313641253581122,280.4894559631814
153,22,5.77497279743075,-6.8163418308978505,1.7525123728097811,-12.494513565771166,2.2688857077554765,-4.649804490962814,2.777831561224115,-12.740059242299862,-4.311862764295975,280.4897088996361
153,23,5.773718205417091,-6.759802259450449,1.77249722725034,-12.362472135421893,2.266624274292983,-4.599187643776489,2.7784693174702997,-12.927744883206515,-4.31188429794832,280.4891259854871
153,24,5.774599338267161,-6.882066711236767,1.7707039915387313,-12.366821493729953,2.2718426605525925,-4.6061641512503755,2.778044547723273,-12.774241188468688,-4.309029349253082,280.48966065152194
153,25,5.773809955655441,-6.742037834028924,1.768828229306842,-12.504963761997525,2.267438742349674,-4.642423879309034,2.7776086916840126,-12.687645064646945,-4.31107804631334,280.4887822230986
153,26,5.774632620444483,-6.931480942955563,1.7561681781866516,-12.339242954006531,2.268819819393412,-4.564353961911532,2.777370523404921,-12.707196928682027,-4.310155186768941,280.4891930063876
153,27,5.77385168420677,-6.487155382772531,1.7507048825056746,-12.161056483863177,2.2682597393355484,-4.939765261904684,2.7768446794186206,-12.338664523496549,-4.30888968952836,280.48886451129675
153,28,5.7738791035529164,-6.766905505997266,1.7569764941459278,-12.589058648262672,2.2650505853358576,-4.618836926832258,2.7766286424033795,-12.858579617921281,-4.31173797417311,280.4891079069099
153,29,5.773798948698178,-6.722050265641613,1.7771467264029537,-12.580070583358687,2.2675480131635513,-4.722351059441437,2.7774030582186335,-12.37843783659811,-4.3115427159081285,280.48883444064484
154,0,5.77433981413857,-6.342481162722746,1.785960414424632,-12.518662556047257,2.2726619250493028,-4.74105918043184,2.7785113683112037,-12.721708660000317,-4.308988819435427,280.48940792133493
154,1,5.774542784788974,-6.130788230416507,1.7691807431697473,-12.703993389072295,2.270142793386066,-4.861198440845444,2.778691944134655,-12.424819093325551,-4.310817723321871,280.4883116762077
154,2,5.773959837150559,-6.4262187171090375,1.7760854837359652,-12.35337904642872,2.267464606025406,-4.797832597208544,2.777894389082955,-12.421545151653659,-4.310500687536361,280.4883412992567
154,3,5.775034554302671,-6.280980189645421,1.7529284749511476,-12.180381795478983,2.271107524786915,-4.9237133713608845,2.7766411657363417,-12.432972889158982,-4.307827791274848,280.48931889557355
154,4,5.773869580806458,-6.380905797102835,1.744818980253607,-12.597093955612365,2.26804838998902,-4.829607021526931,2.7775710842647072,-12.230364929218787,-4.310704572348916,280.488594844206
154,5,5.77407886047608,-6.259014393643948,1.764172357027118,-12.423759983379702,2.2724064883088655,-4.966201470193176,2.778298639267039,-12.317969330467028,-4.311464174684223,280.4892029225276
154,6,5.77447370150679,-6.800117752512257,1.7531073725599085,-12.595260693536591,2.2686215115080395,-4.637387246528192,2.7778199451244197,-12.869318253521307,-4.3106275780792656,280.4889834596023
154,7,5.7740226258315275,-6.558034029908507,1.7752344122562465,-12.36507848766865,2.264133907215271,-4.673797430179048,2.777602038433967,-12.941182106673097,-4.311943311125461,280.4891919805817
154,8,5.773873095554678,-6.846561847606721,1.7731287232703388,-12.58170561833507,2.269275228805323,-4.651673843515825,2.778235707345387,-12.699233582065926,-4.310740301429783,280.48901957087526
154,9,5.774450620954855,-6.733823194810264,1.7654285016392357,-12.665674188455174,2.2676577479805493,-4.625817831485727,2.7772162622493495,-12.473782378831377,-4.310699767098854,280.48884437523753
154,10,5.774143425796752,-6.409883135684187,1.7683616165564386,-12.483613182770405,2.2656458346883026,-4.758377139944651,2.7763843973144255,-12.331287964175342,-4.30952655577325,280.48874459154524
154,11,5.774844889729494,-6.304356527874739,1.7816450052797865,-12.379713598517174,2.2683655525293602,-4.980346453830829,2.7774045511657026,-12.143937176163492,-4.311815179941984,280.4889244934386
154,12,5.774151455356614,-6.957739433001569,1.771444987736151,-12.205185698617768,2.2688611081036,-4.678142979026395,2.778179180318757,-12.31857693795985,-4.311315229871965,280.4889735416968
154,13,5.774597042296973,-7.067954900235289,1.769017038940614,-12.747453994526367,2.267810106462739,-4.506953830625034,2.778405609095258,-12.771366728362688,-4.311163238709475,280.4897085244355
154,14,5.774642131038455,-6.307521772304247,1.786772777951757,-12.577129807298496,2.271219696555278,-4.859238117406877,2.777650593500311,-12.679026135312364,-4.310591587536634,280.4891159700045
154,15,5.77347740240434,-6.2433923577621835,1.7705128955428915,-12.65996990482705,2.266414301235069,-4.825734871331113,2.778759665486459,-12.280758728894297,-4.312247447113354,280.4888117941774
154,16,5.773595565665541,-6.778366867233254,1.782772060391237,-12.840697633694038,2.2682884065434314,-4.496513762332214,2.7786717056054937,-12.607649366607255,-4.310541601047845,280.4893361649599
154,17,5.773776967057859,-6.537249791872999,1.7805353004297444,-12.707191561501746,2.268749007628019,-4.794075160440588,2.7788123696228113,-12.76885994699809,-4.310763632600311,280.48881987035395
154,18,5.7745704965311,-7.017370417987047,1.7602964561152246,-12.209332778716986,2.268109577243848,-4.578668431035554,2.7762501166283355,-12.821322246259042,-4.309151211599843,280.4897751128027
154,19,5.774387415725972,-7.021561856790192,1.767982259052303,-12.1021968038955,2.26911973434254,-4.659043728630591,2.7783174149166685,-12.57774858078415,-4.311548820557136,280.48916453934567
154,20,5.773459597292929,-6.629096882062073,1.7739008541492784,-12.165456889331503,2.2648637811481285,-4.868180573379044,2.7774081285320893,-12.310459816403327,-4.311876980136356,280.48869311640146
154,21,5.774393325309206,-6.194395556627311,1.7554420822673371,-12.37675870766431,2.2688988723234176,-4.901450294344089,2.776681527112592,-12.288117481302134,-4.308765825638235,280.48833695185635
154,22,5.7742215332720805,-5.837939179342044,1.7707513271573625,-12.716312216605303,2.2701499361016553,-5.020611885574422,2.777344932873099,-12.046924950677813,-4.3081774948678175,280.48781449214806
154,23,5.774103543614716,-6.540097491848512,1.7886728007418853,-12.777442067984424,2.265303315201767,-4.765591591725322,2.7772336854129356,-12.366751504890631,-4.312325268124522,280.4888982498193
154,24,5.774261019996375,-6.199194856439633,1.7409495428578043,-12.477126490392566,2.271486139684588,-4.92607235150105,2.7779881025791537,-12.121988021230393,-4.308185007599012,280.4890691450727
154,25,5.77375025276497,-6.063652385167683,1.7639743044374059,-12.471153406627955,2.271767152885565,-4.8214962470884455,2.7797343420950487,-12.470990798047714,-4.31198581597539,280.4892784359065
154,26,5.773448620145948,-6.530661144168109,1.7775041840660477,-12.418758504676438,2.2635171669464045,-4.901339903397376,2.776047921702664,-11.938469086150503,-4.312324299465379,280.4891147456391
154,27,5.77446474748719,-6.359300199786926,1.7797221428514534,-12.557463994856725,2.269958618785521,-4.904716327681809,2.7781172861129204,-12.324703183097498,-4.309850617693415,280.4885572238842
154,28,5.773912121564369,-5.977586021689653,1.7672748091297281,-12.92693660282922,2.2711843204081257,-4.797453135931691,2.7782504600066975,-12.375922969448741,-4.310180057949796,280.4880160453186
154,29,5.774358723676902,-6.546422007992671,1.769804437313831,-12.6001162608026,2.270982003216706,-4.640468870493945,2.778595111332907,-12.521080838666592,-4.308742473010992,280.4894103087049
155,0,5.774390372902998,-6.7995797653497805,1.7932687360603876,-12.48501103985605,2.268615761626782,-4.697023004326835,2.778009420338601,-12.770631607264924,-4.309783314080061,280.48956128517034
155,1,5.775347313098588,-6.34961606019861,1.7817595315374082,-12.159973743934032,2.266610530119835,-4.793091835194098,2.776231743013809,-12.52062257888349,-4.306077016913249,280.49499009589505
155,2,5.7740685445089195,-5.381143495467457,1.8029237323061142,-13.03698601531305,2.2665914204754904,-4.893385255441408,2.7778248307827935,-12.426035760786782,-4.310644678183053,280.4869066999439
155,3,5.775025751219019,-6.802897073345934,1.7469097426450024,-11.988432770845824,2.2709543231387386,-4.642673847356717,2.778595740728981,-12.638723657004391,-4.309205235779683,280.49026591961234
155,4,5.77327947778882,-5.976515710585418,1.7808926338376068,-12.556757513183149,2.2675081264696244,-5.044577974971954,2.7772398853056237,-12.012062143911535,-4.309951402569585,280.487915798486
155,5,5.774315937568782,-6.377424197771279,1.7931658571931612,-12.45720772552098,2.262412821483384,-4.998932513534046,2.775484649019559,-11.83756715314938,-4.311043500903996,280.49020564999125
155,6,5.77432160974556,-6.038599562777682,1.7512631120699034,-12.4243793495258,2.2703413442098426,-4.899003903782235,2.777747543205628,-12.19237564944027,-4.30864657635385,280.48815361099196
155,7,5.7733934534030515,-7.148482309088065,1.7374242397542283,-11.859696142096547,2.263231670035759,-4.59562050604364,2.777145757462565,-12.653977559170078,-4.30969489889047,280.49168571268183
155,8,5.774028486772177,-6.0774997770083115,1.8099630425664488,-12.63071986978852,2.27104750846904,-4.9894780914140915,2.778418711582191,-12.094245555354092,-4.310414562950097,280.48909152675736
155,9,5.77408709878703,-6.3050968460723835,1.7343483447362715,-12.682159043658155,2.2721266140162792,-4.610067829735705,2.778611191783804,-12.849341296007257,-4.309791434122083,280.48976501807255
155,10,5.77460227333348,-5.876019028453465,1.77984372414781,-13.007963723594694,2.27456402456582,-4.903229732061562,2.779180354053939,-12.210078072914836,-4.3075480723281885,280.4895775762114
155,11,5.7756419356653375,-6.51551207574112,1.6882142027433074,-12.545426856195208,2.271193914727247,-4.575367223269686,2.7753002797970927,-13.196646232917841,-4.306945094158725,280.4934987175909
155,12,5.774264704631363,-6.0260999406755555,1.7760559120819361,-12.844578337263739,2.273683564346319,-4.809337524176447,2.778927268978055,-12.438457931920814,-4.310767616823104,280.4888961641051
155,13,5.775112015437738,-6.12762393162629,1.7250961542601388,-12.019352476483197,2.2716077472863674,-5.074522103233839,2.7764452747313344,-12.347002457307477,-4.306959857536266,280.4899423315965
155,14,5.7733874466018005,-5.65131695258185,1.7639049012771981,-12.868993102524204,2.268782060202653,-4.91125058979291,2.7795050603858,-11.9177155129748,-4.312428498583439,280.48832785361407
155,15,5.7736170173070684,-5.403509955950248,1.7500340169288942,-13.084538376978278,2.2705319926304397,-5.092279042454491,2.777388122133335,-11.957973414192216,-4.310291376863446,280.486605258082
155,16,5.774560129374218,-6.8453509384009354,1.7934071220848717,-12.521899953218023,2.2681858548032046,-4.542434100350689,2.777084133065706,-12.953298795162063,-4.309997605094201,280.4899411901583
155,17,5.773912674762629,-5.702267386673185,1.7121764563875441,-12.939707144720261,2.270032807029385,-5.230926395861537,2.7770232035788087,-11.310329147018725,-4.306987630788256,280.49013483677265
155,18,5.774856599173373,-5.830256240980237,1.781474021113159,-12.738523732176258,2.2715055900165213,-4.8478293749873815,2.779512880617514,-12.56436356272171,-4.313901776194249,280.48987550191566
155,19,5.7731425088419925,-6.0334206999492155,1.7912004640400416,-12.765795569795328,2.2690274812164817,-4.99945117241431,2.7780025534340567,-11.765732861053682,-4.308168475378424,280.4896133548705
155,20,5.773505316407158,-6.359925002969653,1.7427221974964242,-12.870629243030995,2.269242704590888,-4.7287435355777925,2.77772242697859,-12.423902312304214,-4.3119593042626665,280.4900888623725
155,21,5.773113223085065,-6.534550545133294,1.7713485612706281,-12.472724705736411,2.265746840811144,-4.656210164918158,2.7774246716518873,-12.741323888263825,-4.311151943781276,280.4890957499856
155,22,5.774756603039503,-5.873912264555936,1.8001686146764306,-12.550777622946335,2.2700173443484863,-4.956448768639564,2.7771335316808203,-12.317742577150801,-4.311058363436463,280.4889332419816
155,23,5.774310077060036,-5.800078751242592,1.7878554171313763,-12.717492229818912,2.2724291577060525,-5.151245240057229,2.7782752400478254,-11.855828448794036,-4.310715947776924,280.48775808396505
155,24,5.77375276509156,-6.118513033141181,1.834784239825218,-12.81398396705179,2.2640755814182447,-4.952874484678432,2.7775227953220094,-11.953323424866246,-4.312623982307498,280.4906538043143
155,25,5.77371637768167,-6.503813631662583,1.7929264880131175,-12.730239965147385,2.2682032279985225,-4.685849899094338,2.779173517042852,-12.851564976633307,-4.3135245579625945,280.48963902624683
155,26,5.773377557227899,-6.224598778107902,1.789227634880348,-12.164195740955122,2.2713231889601477,-4.870678818265237,2.7789021471336763,-12.391429709923118,-4.308248512890117,280.49005757097814
155,27,5.774882799062137,-6.384163703491152,1.7671207529736117,-12.339518548338706,2.268861538239429,-4.8015444967059615,2.777529372459467,-12.46362185515717,-4.311206580958299,280.48873569599573
155,28,5.774816946221636,-6.426679662176058,1.8197797267894782,-12.34258471018622,2.2698518688535816,-4.827963344696712,2.7803521618032723,-12.164491564373813,-4.314926025770597,280.4935918658953
155,29,5.774886746242782,-6.963303001406161,1.7424925997592384,-12.208404268440729,2.270149758884604,-4.663968974835645,2.7780826415529813,-12.817643126101695,-4.3105503027424845,280.4896782716316
156,0,5.773224509610869,-6.3352833002566875,1.7569961921456205,-12.628787148790812,2.2671714623464663,-4.768382333132235,2.777569655178675,-11.432538784024436,-4.3086100307894855,280.4897809347751
156,1,5.774191591612289,-6.768783525943866,1.7260246212784527,-12.556752384128059,2.2694269800052327,-4.809834086518326,2.7773092906542245,-12.238647948887346,-4.308930798588883,280.4899183281749
156,2,5.774023226585952,-5.643370670412454,1.8148473144862667,-12.689657619591594,2.2778565738335277,-5.209060397654499,2.777487435616449,-11.32793543340602,-4.302785246954276,280.4983623843942
156,3,5.773370565953611,-5.446737783615927,1.844918297182429,-13.217738421346363,2.270597733603931,-5.259953025794628,2.7771125356106565,-11.473080146417526,-4.308232313776467,280.492030432222
156,4,5.77501851123707,-5.034101105012848,1.7902601285000592,-13.119167847946672,2.2737799739484563,-5.24875897798245,2.7757595547112426,-12.29630721526816,-4.30718136004978,280.48833727123935
156,5,5.774066518326809,-5.785818479343491,1.7960193558394943,-12.961718757916552,2.265806493373488,-4.930526209882245,2.775725253827057,-12.520150752239326,-4.309386502842428,280.48859736018244
156,6,5.772581714297486,-4.545798136591262,1.8398781360494032,-13.225900025847265,2.2717127209769346,-5.445677199939367,2.781906875001644,-11.539261459830655,-4.3135205583852825,280.4877442904558
156,7,5.773761613355438,-5.686861604998185,1.7794460330596176,-13.039779411599453,2.2668146939583806,-4.8817514746576816,2.7782806065182,-12.321798301758207,-4.314615232302164,280.4883611880366
156,8,5.774057223408304,-6.714963097679552,1.802668556387317,-12.194617908262213,2.267662059945754,-4.663338936303013,2.77638488055872,-12.645074673035605,-4.308932785602589,280.4907024117856
156,9,5.77436449261197,-5.582345844511898,1.749985028939853,-12.65937222903872,2.2724769298780285,-5.058620311662286,2.7769350556444117,-12.331781072241755,-4.307083895552901,280.48790665769735
156,10,5.77241413668495,-4.410079119667445,1.7850534874150887,-13.450642052990451,2.2695424822377497,-5.254897178739689,2.779357572952424,-12.117970437463303,-4.311157039216093,280.4824945746544
156,11,5.773007222253588,-4.754222999664357,1.7767575545897512,-12.808238787950962,2.2696709947592684,-5.310795356873049,2.7779050751230994,-11.396285928584494,-4.306226708123188,280.4870096977379
156,12,5.774136232346614,-5.335003884193061,1.764827964168669,-13.28290061886965,2.2726742833627935,-5.150035864892983,2.778254460881026,-11.800223034913913,-4.311937229086993,280.4866889417139
156,13,5.774277530883154,-4.890059314436172,1.825085436851206,-13.513725601148082,2.2728646432479507,-5.165841080671002,2.778974875696229,-11.51229741475376,-4.313314293844791,280.48692566722417
156,14,5.775654770241324,-6.4932757013962865,1.7284208212212555,-12.170015455418081,2.2712777044800183,-4.844017995831187,2.77777324934628,-12.565771318949379,-4.310267215668658,280.49055380106114
156,15,5.772954098837251,-5.07075136163123,1.7453029741906123,-13.11791732324514,2.266443235034835,-5.137243655898369,2.777216465513928,-11.979086232887719,-4.312147172164061,280.48606883067566
156,16,5.774231161745321,-6.019340583399884,1.7625620471010868,-12.797245128580338,2.278326393666459,-5.07312299305526,2.778942163157144,-12.512843431634334,-4.306864650589446,280.49154939760774
156,17,5.773568310573013,-5.198366146794974,1.756708489352603,-13.25619048312268,2.270309506210575,-5.203978691152885,2.776940340093426,-11.786196480202744,-4.310340262401496,280.48575829911186
156,18,5.773143382436604,-5.790904253781212,1.761194087783977,-12.22223339427526,2.2669216499750107,-5.20567173627803,2.7772703553009475,-11.790791863787181,-4.307953325333315,280.4892295130693
156,19,5.776858511797236,-4.890892192874127,1.7144680344621568,-13.268386910859721,2.288773016739189,-5.1736397760089305,2.7822745716476325,-11.765634751089975,-4.308101337972779,280.49677037603226
156,20,5.773103245159082,-5.3849166422285215,1.7634134542029316,-12.665383234812932,2.270361603574394,-5.1854889466456395,2.7800974789475186,-12.055179457505659,-4.310303426265649,280.4889953519987
156,21,5.7734009814123315,-5.666441536434795,1.8398728112437024,-12.98073168538092,2.265113368186631,-4.901484271955358,2.776950532666123,-12.420779472436976,-4.312348279780615,280.4900822224161
156,22,5.772945246388805,-6.7212282211057675,1.7974597727241324,-12.72968789122896,2.267399566335764,-4.672158883597699,2.777892728430916,-12.635171245186806,-4.308271944430828,280.49125752795965
156,23,5.7722124190483575,-5.502422814364991,1.8137792070906527,-13.020153182996708,2.2576899744043186,-4.863018242759556,2.7780227882982294,-12.07171909676886,-4.315704818162167,280.49126382406905
156,24,5.773750802514111,-5.639206307941584,1.8122371953498704,-12.899858071545372,2.2646074913669842,-4.873495489590361,2.7749072687877,-12.421266233724118,-4.305806712420645,280.4935972562928
156,25,5.774395479343602,-5.2332512691584085,1.7904818664160493,-12.695961396379634,2.267805580145067,-5.176180056676062,2.777095281324034,-11.979413871490998,-4.30702760062337,280.4887410214452
156,26,5.7751609558249175,-4.928141320100805,1.7739079147842176,-13.267521049907563,2.2737868764410174,-5.387064643392214,2.7771597201303933,-11.635037897095284,-4.309796754575604,280.48475520525085
156,27,5.773267152298902,-5.155542632511143,1.7803629079725123,-12.9373947313137,2.263540044047225,-5.182737374087238,2.776050864455786,-11.170119767423358,-4.311708086812727,280.4851803017547
156,28,5.773843812569212,-6.220233762396853,1.7865504494465683,-12.497355845614466,2.272846503831867,-4.9358545099833,2.7798076599605968,-12.215635319822406,-4.308697119436811,280.49012908643664
156,29,5.773448922638938,-6.7612403625806365,1.8390573765764486,-12.369492191440028,2.266096855845943,-4.734254162327402,2.777111491987896,-12.391006325297933,-4.309765112214624,280.4926238452455
157,0,5.771712573299765,-4.231856369376716,1.8020474246465725,-13.432635921308751,2.2619464120469503,-5.6785347227516985,2.775531111316775,-10.458071985414248,-4.31074754111293,280.4813106997885
157,1,5.772236024001856,-4.9495100499918,1.801260458272761,-13.59363027635815,2.252452481270982,-4.9914810593412025,2.772660331235031,-13.137555595421075,-4.3134398930221485,280.49172149388227
157,2,5.773054681413222,-5.411436554600196,1.7361991122138716,-12.048721448199242,2.258522739009925,-5.4693369248637875,2.775975581492874,-10.794567678302437,-4.312858349586652,280.4904177479107
157,3,5.774294560414363,-6.982593396091334,1.82410637377602,-12.29691372196271,2.2599474955631678,-4.166055997904984,2.776160639294799,-13.98899972884489,-4.308188258503185,280.4970413474289
157,4,5.776442523413052,-5.877817594772709,1.793126951209101,-12.580189645980509,2.2730022172008235,-5.434830346674358,2.7768594859497844,-11.017304584234115,-4.310612370385651,280.4933674430312
157,5,5.773727209951589,-5.2232234634093055,1.798986619698374,-12.503516944026881,2.260144989427482,-5.404044942091717,2.7780418615799802,-11.374424361405794,-4.316687967271277,280.4905038659674
157,6,5.773839364212327,-6.560586863424598,1.72323793742195,-12.14613247360294,2.272667197825828,-4.735812009282049,2.776624850809855,-12.356884518387954,-4.3034719133674955,280.4958564521804
157,7,5.7739198992809415,-5.065963708819414,1.7789430601900524,-12.669095517496407,2.2764895096321496,-5.565007310920223,2.7805260964498264,-12.005746996982422,-4.312070106073052,280.4872776717748
157,8,5.774438691930006,-4.6827198087265804,1.7398981616381786,-13.304057945180528,2.268943295599967,-5.551616999967393,2.7758866644795974,-10.885592078200398,-4.313477718055584,280.48435214456106
157,9,5.773005802332535,-5.290339224980052,1.841393164387764,-13.014787967185216,2.2710292764834223,-5.0603519218770305,2.779740804262066,-12.689967785310523,-4.307899010447193,280.4919284319388
157,10,5.774234528623562,-6.413963571447025,1.766016456003806,-12.15622949888842,2.27295821359839,-5.082879779958262,2.776627262785326,-12.654587911752124,-4.306684408325205,280.49082782273473
157,11,5.7737503937612775,-4.919274439344206,1.8323783960901667,-12.797794331991938,2.2696186383371897,-5.858114098087586,2.775863742106088,-11.031307849657923,-4.309156520162491,280.48772774977385
157,12,5.77289368337754,-5.156072572649217,1.7778572445062664,-13.270263925393227,2.2669121078298526,-4.952109327381516,2.7801277567069933,-11.98758522560809,-4.318502064596678,280.49304358844176
157,13,5.773235891377233,-4.8321825313461115,1.7219599007889315,-13.378637029677744,2.2730394012621806,-5.4733327863862264,2.7758400539409926,-11.902759841325514,-4.313071397726342,280.49413599118327
157,14,5.773789084368015,-5.017758772905626,1.742484027671918,-13.108427468264669,2.2715082586619566,-5.39543257641989,2.7756242830988764,-11.459174503787537,-4.3088298558868985,280.4865115481259
157,15,5.772585628374099,-6.812105948443954,1.7264031917261105,-11.836010479642354,2.2599485528760415,-4.742735175005549,2.774994041925876,-12.67269781866553,-4.30741648676808,280.4960830048939
157,16,5.774995164948015,-4.022654866863489,1.8326509917393565,-14.89147952869677,2.27522602363867,-5.159547008546766,2.7761002039987477,-11.812805470138734,-4.3117938237423035,280.48306046341156
157,17,5.770824489925613,-4.588716262562093,1.859336058678477,-13.38176492455103,2.2692257257565256,-5.379620787674977,2.781177742781761,-11.5018987565985,-4.316966040256582,280.49528932559764
157,18,5.772685564803772,-4.940079424899374,1.8141692848191648,-13.337655955555002,2.2702122224976384,-5.635781767688974,2.7774503556866126,-11.278348745728705,-4.310807941656653,280.4863770321909
157,19,5.772793453102148,-5.431908033938066,1.7664596062877547,-12.854642347463573,2.267948064437332,-4.932371223060329,2.77390884699485,-11.856032233440363,-4.308279626451386,280.49415898041184
157,20,5.775499806216789,-5.969386825156863,1.7964295143356928,-12.242386704186242,2.2683336164876002,-5.048570117891608,2.7780539796101062,-11.376939778076785,-4.308582164108766,280.49322293494504
157,21,5.774675083178991,-3.974998273938523,1.7877465762238025,-14.091395326668142,2.279100438255218,-5.679278895434651,2.780865940320033,-11.174478967172764,-4.316272566345258,280.48306870057
157,22,5.776648998988888,-4.907821007080716,1.7817390854026007,-12.963803324212904,2.2843190095367634,-5.326437634134613,2.781244602764083,-12.241706445860428,-4.3058366842683995,280.49447638112485
158,0,5.774018742943162,-4.950918599724975,1.8258068902585107,-12.944875364484115,2.2777911176661094,-5.509606193391433,2.780655236135867,-10.102773838676953,-4.31659425173271,280.49589697020764
158,1,5.771384223550193,-4.808343571161395,1.7361717769996479,-13.625685936107264,2.2658209833784535,-5.271004509904198,2.776283154869884,-10.992593666728087,-4.312031288081695,280.4917705320512
158,2,5.773793110974619,-4.569789173963675,1.8508970962923499,-14.118716642017121,2.272833130805382,-5.074007233031298,2.784976554202285,-11.75140433308247,-4.31845767002718,280.50055247930595
158,3,5.772600818208373,-4.303355818833222,1.7591598532493247,-13.51886832048518,2.262349590053525,-5.631010182520322,2.7756343627376414,-10.556699261817888,-4.313321703608083,280.48069224358403
158,4,5.775042984742115,-4.1602970290294365,1.6278251930937246,-12.97846986500525,2.261430774171103,-5.769947672488068,2.7715570165078796,-10.868218255686312,-4.310580031818369,280.49240929017185
158,5,5.772439657605767,-4.094087642736227,1.8595908933508274,-13.497087104408127,2.2688857948602856,-6.126911394816597,2.777960127842723,-9.447566964309795,-4.304629470038444,280.4901456468702
158,6,5.774670197540885,-6.106459890106637,1.8596930490920953,-14.030217452812517,2.265112801564278,-4.41623812653321,2.7751412278989944,-11.978975172935769,-4.318368193441942,280.5113815975129
158,7,5.773016141197655,-4.141196092701838,1.8144623033853855,-13.008313625332573,2.2688549450960815,-6.1838802364801575,2.7779212983876267,-10.049267673849094,-4.313546054789256,280.47731134601895
158,8,5.773563766018821,-5.088733314927121,1.669332339762463,-12.440668395191299,2.2668220529064826,-5.769777244492077,2.773317331342482,-10.314184230605813,-4.306574246359776,280.493490757191
158,9,5.771606810979977,-5.5657108315052355,1.7915926477576867,-13.541977363268883,2.2655792256431924,-4.805799359578245,2.7761513825357476,-13.716833640214492,-4.315581892053535,280.49943130201456
158,10,5.772755223432628,-4.442815063182966,1.8124798430518299,-13.828956157804164,2.2574188094772514,-5.329519016169192,2.7757853366189256,-12.610825004945918,-4.316412469747954,280.4847466387308
158,11,5.77606025949587,-5.9166108558592425,1.8307763321761574,-13.205472533152228,2.279912491341822,-5.382785015746591,2.7805896869450293,-12.118755366040258,-4.323609000042492,280.5327692477806
158,12,5.77498638401014,-5.645261508330977,1.8025354979728498,-13.259370867606583,2.280494265502759,-5.658173005233565,2.776629105218149,-11.50346500279222,-4.307150052302939,280.4980157815669
158,13,5.770961956353286,-4.945378124010951,1.8005994234800375,-13.800393348764725,2.2678978369284346,-5.328079012982026,2.7752678460703186,-11.866683188588935,-4.304930668544255,280.49941796796804
158,14,5.770974095414904,-5.691360070547994,1.7477779504449678,-13.03184428437748,2.275830425639907,-5.150005923855415,2.7818714541047234,-12.195256901378821,-4.308699336726849,280.50504118019325
158,15,5.76933371861546,-4.051686474430625,1.8323924410563,-15.108616757927136,2.2755573766519244,-5.478972123280725,2.7815499428036228,-10.518098207292628,-4.315428496752563,280.5049953356594
158,16,5.7725448787808995,-4.270308558268996,1.8573808499401148,-13.28865475393784,2.254230173705719,-6.1797340913155745,2.774269643695398,-10.600035474263892,-4.31846808908375,280.48967509119916
158,17,5.774762349087472,-4.855584871446587,1.8079454122535625,-12.099403280733878,2.257212677307508,-6.094106403552583,2.7696691996752913,-10.156367227607808,-4.309758336885542,280.4992534298242
158,18,5.774943273656711,-4.659907322065737,1.8567312733503538,-13.734174016850899,2.2627085418622572,-5.486424275814445,2.774644031968528,-11.485068267682166,-4.308645364841848,280.4944913359504
158,19,5.773804684718524,-4.2369041114607935,1.7636362877443506,-13.911444344886805,2.2678152787401307,-5.425728534568828,2.7784967413609665,-11.49082891560256,-4.3139000161877235,280.4796821935905
158,20,5.772239606242857,-4.8344482940499045,1.9797301480250646,-13.042145101909162,2.25921673888804,-5.950349093886855,2.773773294770871,-10.798787013039643,-4.316055376810823,280.52678884346096
158,21,5.774533956553182,-5.673069532301656,1.7930685783734548,-13.0050974444337,2.2560016140183157,-4.181530672241124,2.775086402916509,-13.57907953588277,-4.314821567266764,280.49320007366526
158,22,5.774707043393396,-5.06757065858724,1.722851985571347,-14.653107641272387,2.2760470933709382,-5.285659470021574,2.7735495178088665,-11.698856890330475,-4.299308136205989,280.5009770029994
158,23,5.7740282723133705,-4.8630941891853645,1.7872336742472785,-13.941309021313018,2.270717711723994,-5.126682894796071,2.7795509551254574,-11.650798838383283,-4.317385806734701,280.4895641902787
158,24,5.7697639455268055,-5.5645634280073955,1.8396232437948246,-12.021293719945707,2.2615049939695053,-5.428056161770022,2.7778603018591888,-11.290446227107735,-4.307306841149774,280.50525174079746
159,0,5.77403324893198,-5.693084042963881,1.793231602320789,-14.017684190597361,2.255211462902653,-4.9152078555816585,2.771995219922997,-11.423388492347858,-4.317243129053035,280.5007207262292
159,1,5.773887304358147,-4.039216273357229,1.8115867878800893,-14.253525207658159,2.2724398828591843,-5.726202062174424,2.77704517305273,-9.568455342800833,-4.30914790401603,280.4755982065532
159,2,5.774694219904364,-4.365735539277827,1.6966950830071723,-13.706962232082157,2.2753090859975886,-5.57002952082269,2.7788357351458055,-11.177257509747678,-4.316162765133306,280.4903151321413
159,3,5.775455703089547,-4.15520931881183,1.834502842549757,-14.310820019021502,2.270976665422839,-4.925974562609214,2.7824515967514647,-12.258565861619601,-4.322246324968837,280.5015326061632
159,4,5.773941710657502,-4.423352216658668,1.8896300428821269,-13.147776347252188,2.2627174855738006,-6.07103356046281,2.7742924987245194,-11.18254136286274,-4.309413748008941,280.4942937874139
159,5,5.777526040203148,-5.272386109333342,1.7149615684771775,-12.181564104260083,2.2798797410665688,-5.391860040675142,2.7770071469247033,-11.640253043584867,-4.306583345736914,280.49394055774155
159,6,5.772120055296095,-5.439601499177746,1.8479125439885555,-13.178674059811271,2.2630595346298494,-5.124039620253978,2.7729677308632428,-12.699998930689336,-4.311802416309542,280.5027586166868
159,7,5.770627540718613,-5.788286430890969,1.8486593637553717,-12.532073575694163,2.2490684268557546,-5.184272169324673,2.778664892276794,-11.73500321973343,-4.313917959420851,280.5098700319024
159,8,5.77475752025395,-5.827565518168852,1.7006082350486944,-13.807987572737494,2.2724252594268006,-4.89457270586015,2.7773291315385973,-12.254824843641016,-4.310112095837661,280.4900547144979
159,9,5.770769030402346,-4.897836285115622,1.774062120140205,-13.116046055072733,2.262530739530677,-5.527491555647438,2.7735652334324192,-11.416908872527898,-4.310305169100076,280.4971290039566
159,10,5.774179609773798,-5.204974116855095,1.9030806033361287,-13.706825590877877,2.261526348016881,-5.112760712998114,2.7813359023174877,-10.575527005215864,-4.3230324116768575,280.5123185698281
159,11,5.773401494253665,-4.249973979000673,1.9598573169947089,-13.800661064242892,2.2651160840001467,-5.456861135016083,2.780512944212388,-9.97546671126473,-4.312124463703094,280.5081057114004
159,12,5.7754163917541534,-4.561063718502541,1.8512170421610523,-12.87353281467096,2.2724601901063815,-5.809354002053641,2.7763159981307095,-10.762382581620605,-4.312625972482434,280.4912473112003
159,13,5.770335079908726,-4.283525374982898,1.8267967509179055,-13.602401995019786,2.268302341927649,-5.923738252250166,2.7783948829835357,-10.561631118743623,-4.316693459594093,280.494469175693
159,14,5.770645538363623,-4.876222621627144,1.8255320812797484,-13.807491442628839,2.2520934183288883,-4.648324949916843,2.779386568684155,-12.290456805911193,-4.313888012669391,280.503425950809
159,15,5.772501325994752,-4.708490250929786,1.7922041879029447,-14.424897562713298,2.258923445330374,-5.128115693785531,2.7752646751350754,-12.461730427874793,-4.3143195831749575,280.48516638313464
159,16,5.776978840678468,-4.0563939331924725,1.6567753005604282,-13.421929299537732,2.2759050437652615,-6.276544672789139,2.7742497273139786,-9.856622957925307,-4.307371331219047,280.48491924142826
159,17,5.774089121153487,-4.720876071608782,1.7450452673864107,-13.202648020331239,2.254851176940784,-5.7800076311287185,2.771569448906898,-10.931166690284849,-4.318677400983489,280.49834741533726
159,18,5.77165431339149,-4.7481902557425135,1.8682980140114638,-13.887002280872883,2.254924956082841,-5.056044667617652,2.776908140596208,-12.324789501539861,-4.318454184244701,280.49319047155205
159,19,5.772856529312602,-4.706740893152579,1.8783810813503063,-13.430010486535998,2.2529562763887148,-5.909805648861889,2.768836570069033,-11.239268751970743,-4.31056850691381,280.51010757551546
160,0,5.778689096283702,-5.000410300452734,1.6706629674589641,-13.484848491584412,2.2940962851247666,-5.716996488440295,2.779243689619999,-11.328262114960808,-4.311200651146543,280.5173269840241
160,1,5.777343172032809,-4.808791685345204,1.7166852031008821,-12.804581812363816,2.287231248088888,-5.76662201580839,2.7778671176882614,-11.438620948284973,-4.305044805391123,280.4944797273615
160,2,5.776609305804004,-5.032485047081315,1.8679524264636485,-13.304222560417948,2.267390432881808,-5.7045826266929485,2.775446404414817,-10.037009218860968,-4.310160047084139,280.5036822771057
160,3,5.776961603972738,-5.529649065704862,1.7107997969369177,-13.771132160151897,2.263970253890158,-5.104161425394805,2.7744537734370445,-11.630791303614528,-4.310812205549884,280.49772955114645
160,4,5.773812590339012,-5.60516134484672,1.8041605957239621,-13.109880261728025,2.2578100492941204,-4.882971645787068,2.7729535212042897,-11.445982111667407,-4.313471014740347,280.49336502702226
160,5,5.776646883162338,-4.7853163667848575,1.827023753523789,-13.670454611294545,2.280922634556291,-5.64441596246837,2.774728046137071,-10.976317982416848,-4.304248058860784,280.50343092369747
160,6,5.778048371110326,-4.441450444954433,1.7426060895863362,-14.633029615704313,2.2755999332497923,-5.63805213859697,2.775964362948524,-10.692770691749413,-4.305646346912031,280.4937931900406
160,7,5.776578626661858,-4.790833794561252,1.6717072089862755,-14.249180532847895,2.2786816261890293,-5.379148335777169,2.773353264689947,-10.130543277141133,-4.303870592346873,280.49569971984863
160,8,5.774858610353052,-4.4062174532167475,1.7934736516876058,-13.222489947512242,2.262412550298434,-5.444993223832849,2.772003567034784,-12.877062397953878,-4.304422442683449,280.49272983020126
160,9,5.770893712536096,-5.757132469908727,1.7936038580068756,-13.532310508369012,2.258003149439847,-5.165920916469899,2.7731549043147368,-12.162452172789212,-4.313594755573575,280.5010024127363
160,10,5.773415039143077,-5.1197971279731505,1.7820127817323483,-14.308467850018355,2.2672686487859335,-4.838682406127684,2.780128100531888,-12.432562531863962,-4.31440396295197,280.48785999780023
160,11,5.770167927394309,-5.4214179774235465,1.8947826116607682,-13.554711225288429,2.2468485225921775,-5.098008737077881,2.7720518741489255,-12.100810441411149,-4.310740882899237,280.5125719887339
160,12,5.775533254404807,-5.179558730322193,1.7753089126924597,-13.743452537044588,2.2729659277588365,-5.133611723541356,2.775097739399936,-12.382928067522897,-4.309647106038051,280.4902514776456
160,13,5.7751015776214665,-4.7603166467921625,1.7126873701961771,-13.28760059394499,2.2722144153949366,-6.0117944919242445,2.7801740210338406,-10.466781941900983,-4.314473543005892,280.49030898776675
161,0,5.77774928625768,-6.473499992449568,1.7249024205812722,-13.121261274041029,2.277197875694957,-4.947706853428112,2.778965338712857,-10.817568032712114,-4.314526772212361,280.502988401178
161,1,5.775080043050964,-5.621191172869312,1.7279586214667455,-13.0918575245543,2.2581012296867575,-4.764777799829865,2.7742364826459953,-12.001139177568188,-4.309202789883892,280.4959869169304
161,2,5.7769159290389265,-6.13893293236495,1.7847432290086243,-14.86737708619524,2.289126009955887,-4.517180666264832,2.778193977585005,-12.850368415518433,-4.308668738042646,280.51569718758424
161,3,5.772654175294526,-5.898319814141062,1.6165686464489464,-12.990786986011415,2.2605786589073804,-5.074906670371614,2.7741495295491894,-11.576771116834394,-4.3109563989575435,280.50598554750286
161,4,5.776849985907235,-6.109543401425708,1.7441416688077835,-14.119510517002473,2.273734896558115,-4.736964528147898,2.774182796236147,-13.362618892434547,-4.312341525758724,280.5035862638281
161,5,5.77752330875717,-6.009998970395008,1.7290801425880937,-14.066743522237289,2.285072308417748,-4.453792185773653,2.776661314369396,-13.968474615942139,-4.309370637672849,280.50979669933946
161,6,5.773851812482166,-5.228191427649847,1.8438008995930901,-13.679857294338328,2.2586447109829995,-5.72094941466812,2.773832935862045,-11.257814007034808,-4.312641281403341,280.49304135691364
161,7,5.77347698251214,-5.915550698435976,1.6491795983573154,-11.642142888438741,2.2606287043298865,-5.3866769742286875,2.7718953919040095,-12.41700909679026,-4.3093984665583935,280.5005181674133
161,8,5.776422024096635,-6.355067435513985,1.803217441498597,-13.365405105372647,2.2613190707813686,-4.587024139991441,2.7756794134216216,-12.490133178031076,-4.31615039253249,280.5019986698378
161,9,5.770660058312225,-4.4004496329408855,1.8058524046669606,-12.902766185950773,2.248216720916656,-5.61050669990321,2.778177627738569,-11.980313245515324,-4.312034261437767,280.5139838126014
161,10,5.774874721172174,-5.289078142312078,1.7568274131365513,-13.28044721205503,2.258318034326996,-4.708826009349782,2.7750312354376123,-12.477699185223418,-4.309147267205447,280.4946695018248
161,11,5.773969814921852,-4.529370963634559,1.831022976937186,-15.129912392993052,2.2665836324046458,-5.143781419041078,2.777346189408665,-11.479412495070656,-4.315036920050215,280.4843420481941
161,12,5.774854556156155,-5.026677855755239,1.7643959554983855,-13.599043009543914,2.2709520975791913,-6.04866010454327,2.7784183328463747,-10.466255169751532,-4.310975013692154,280.48483366041455
161,13,5.776924924830386,-5.252249778875998,1.7487365410222473,-13.267851696621044,2.2769306985023285,-5.214030456334395,2.7768427666773596,-11.853093815164232,-4.311157606439159,280.4931245679271
161,14,5.778289524316945,-6.1593943205787705,1.697395383838634,-12.6268239902981,2.281321880207158,-5.552020101952952,2.7755149040359113,-10.348061242608239,-4.300970074410596,280.50576853506067
161,15,5.773051548383068,-4.408642945716067,1.8751477846427123,-13.449290477169708,2.2704819149504982,-5.560145706480123,2.781745776700277,-12.472266836387659,-4.311879104951013,280.49038885151697
161,16,5.777706140249398,-7.043043370844578,1.6841471258746765,-13.363742451827465,2.280205779077954,-4.066592401827459,2.7756909791388273,-13.303241754116891,-4.304956633479227,280.5038783831751
161,17,5.776410509918034,-7.423557909372541,1.7458024019343934,-12.329366211436634,2.2708555677212425,-4.816081462686563,2.772832345823861,-13.463021468364667,-4.305688843272397,280.5001505037768
161,18,5.774118358035763,-6.1110677696779465,1.772264884130117,-13.106441562008547,2.2644159319678603,-5.43086805472992,2.7696794171406816,-11.525872254984218,-4.304008916183762,280.5072281581257
161,19,5.776417241729249,-6.410782947273765,1.6773507077168281,-14.272207798853774,2.2718469209454075,-4.7439903632391935,2.7745099823586568,-12.402944413932506,-4.3089909124554975,280.49632834982026
161,20,5.776491869760278,-6.00795499419971,1.7889145082960756,-14.243555813113577,2.2683689558009186,-4.916004197051365,2.7723613964009948,-12.159359428097634,-4.310770497985638,280.5038584021906
161,21,5.775587558740911,-5.26485908678391,1.7833928742915766,-14.089546838230053,2.2684943767694032,-5.331831682528019,2.7771486981873306,-11.315590076064991,-4.312957627571832,280.4885021081084
161,22,5.775744664528591,-5.1544570539638705,1.7721386234218526,-14.563765185813956,2.2800082477520167,-4.813164643664329,2.7784017160422976,-12.019496287262374,-4.307587383804006,280.4898531677102
162,0,5.772571422935928,-5.0612889679140745,1.575588230058268,-13.516757962412225,2.263745033213475,-5.360253017205375,2.771731085742593,-12.287037620708615,-4.310431092956956,280.515917192328
162,1,5.77188174416892,-5.059260969858781,1.7312635736241695,-14.101622538841987,2.2651507049413313,-5.42547181952946,2.7762780516868153,-10.835959389191547,-4.312207053163818,280.4904882876616
162,2,5.774500887515358,-5.0783594543457795,1.793673077963799,-14.910347194850136,2.272037413179864,-4.8335645477350955,2.778135288224569,-12.678901133923672,-4.309202422507847,280.48548415029774
162,3,5.771368408121684,-4.678311839991062,1.7743472796527882,-12.74682221165204,2.263890203512657,-6.1984691548601365,2.771616435191663,-9.11181250615455,-4.300766676461787,280.50640370714484
162,4,5.775589623420991,-5.147665904443157,1.8205071638204815,-14.251230788491837,2.269193860032527,-4.807364894935173,2.7793307445009847,-12.788796914795297,-4.314306731235726,280.49193260006746
162,5,5.777019611183943,-5.024485324903362,1.832473553818503,-13.439491818768111,2.266659456240205,-5.41632832016636,2.774964506493562,-11.46725745962936,-4.313052911677661,280.50122892756326
162,6,5.775258153605371,-4.993976467336124,1.8210775141309603,-14.139920814501181,2.2797921576785356,-5.511989712348402,2.782317679094216,-12.176105039358527,-4.313678149326591,280.49306603681686
162,7,5.7742675333214395,-4.525461467378289,1.7872258190798591,-13.750188070422064,2.2793116776263873,-5.7271918949743466,2.774821197790511,-11.687988593017206,-4.305313430721068,280.4932580256393
162,8,5.774327856043296,-5.770983527743005,1.773354124170571,-12.84330175023958,2.2576342341273703,-4.566785259682582,2.7773952492449987,-12.251831656579427,-4.316224824815212,280.4943470494294
162,9,5.77360542468544,-4.935372232828746,1.7680931521844876,-12.461871150338968,2.2521896793669702,-5.680543553564676,2.773960172811311,-11.508286110745736,-4.3151190450625165,280.4930767215025
162,10,5.772266047424864,-4.382306097705109,1.932154556834528,-13.883665418092615,2.278658623197937,-6.00628181935177,2.7802138619309487,-11.385700899663517,-4.3088327544114495,280.50485371797765
162,11,5.772807918206198,-4.829760231793012,1.7442466599609854,-13.42062332902967,2.2626061428408657,-5.093157673770522,2.777246421370959,-11.305895733568134,-4.312273048102928,280.48611985464953
162,12,5.770565257933204,-4.029029104134721,1.896012039438043,-14.64589210198451,2.269396694941135,-5.275878933440052,2.780795320051524,-13.084038145398829,-4.310872649344419,280.4914341146608
162,13,5.77107585030718,-5.293828076184606,1.6972754783775972,-12.654442849394988,2.269829207250055,-5.329026326318624,2.780173400967172,-12.000348530505894,-4.309465588924834,280.50376158686106
162,14,5.771725629862074,-4.595069528975463,1.9028369966192653,-13.233773851292826,2.260745510985151,-5.070432547522608,2.7778595387888116,-11.90813793271325,-4.311810160949544,280.4939875345277
162,15,5.776223183119113,-4.701414370994461,1.9150444066141736,-15.175237786452193,2.2715164187895884,-4.891340268546423,2.777579867666886,-12.968065936926498,-4.3126356748636425,280.5083486772679
162,16,5.777616035316145,-4.367222078616407,1.766150256461558,-14.513306330860665,2.291188242789937,-5.797704308838035,2.778888019946797,-11.598675852216987,-4.304998167166184,280.49552124710897
162,17,5.776932850037786,-5.817831879469556,1.8385857044406753,-15.020029623948524,2.270960271027414,-4.892238518714161,2.7786078113151227,-12.254551941480754,-4.314852113982585,280.5030865147819
162,18,5.776041421560839,-6.399985819846609,1.8541703801229819,-13.595977899718525,2.2633758134042634,-5.392605332920601,2.7770621169165453,-11.161397537117198,-4.315686276651842,280.5038030968425
162,19,5.77798568826167,-7.147493874704369,1.7262853064919752,-13.733951040546584,2.273133652641861,-5.072786408670593,2.776985286352204,-11.396947750071284,-4.313487766188001,280.5030834247656
162,20,5.7776844226534925,-5.181913815769888,1.8560566312998017,-13.479221700257911,2.292088637732403,-5.938740229368603,2.7815655863736777,-10.01315077817961,-4.307988740889977,280.5141355686402
162,21,5.773971253612183,-4.409467990030011,1.7227224886312456,-14.071600173700476,2.283083654505625,-4.940787248367182,2.7837722163754597,-11.7234693970616,-4.305292854431467,280.49923508663767
162,22,5.777548578335728,-4.167719381364289,1.7602111518421268,-13.35583123903644,2.2832216308366236,-6.165693755297453,2.7805808790294853,-11.064653671299878,-4.306374807541874,280.4911469239237
162,23,5.77332005443322,-4.427300294515014,1.831153907591517,-13.253940927720205,2.2764781008104045,-6.213118225691555,2.77602200552417,-10.000511007204908,-4.308847648636166,280.4901837695297
162,24,5.777490596375626,-4.448594738250434,1.8289009701990953,-14.586078189366237,2.2763672683914953,-5.32503125231603,2.776461612301909,-11.393254602839695,-4.307584153111866,280.49589248837714
162,25,5.772979709116585,-4.8273172415013725,1.8052919330647192,-13.923853011832987,2.255255100986837,-5.083732932928507,2.7716628779122505,-12.536238546309704,-4.313123069383133,280.4920573581242
162,26,5.772457761295492,-6.160814554606549,1.8190594339383124,-13.348934133054103,2.2568238298484866,-5.356653594928659,2.7822666993982463,-9.537138063313645,-4.322962799358012,280.5110544725286
162,27,5.77276748416363,-5.76701047720258,1.7326251276688471,-13.410884927189226,2.2654911001080364,-5.503178229677616,2.775311761507229,-11.071210980804153,-4.308117908174213,280.49075007971163
163,0,5.774001396931315,-4.9249589442998865,1.815918373003269,-14.037284414880487,2.275564698014091,-5.120582743403803,2.7802926088666156,-12.382328448029101,-4.3063884504379955,280.49016506042824
163,1,5.773778221526069,-5.32304446945586,1.7629482640821572,-13.807979859389496,2.274867116032023,-5.371355718532124,2.775723665617273,-11.314590036452786,-4.307844808319821,280.4917099000735
163,2,5.776371748988308,-4.948398898934736,1.786131785533003,-14.67249119673432,2.276596856213388,-5.513902532166974,2.7769472150330166,-11.160299968585615,-4.303004547292769,280.4946597237694
163,3,5.774348561489491,-6.181625857155329,1.7231044040550505,-14.434192421453648,2.279181074038535,-4.692657380678078,2.7782556318957963,-11.829184421323774,-4.310712416301679,280.4978997461485
163,4,5.774497764579003,-4.208868193517756,1.6925676595097523,-12.810493332599627,2.270742697380593,-6.322568846399034,2.7752172205467334,-9.753176792975456,-4.313468505638358,280.4835205649248
163,5,5.772850985690429,-5.653349156455301,1.7201300556499985,-13.081712020076372,2.2629850684460555,-5.350607567858207,2.774488065076895,-10.35249966821208,-4.309429545755857,280.4908875411652
163,6,5.7739619092745675,-4.222575829900811,1.8052670780455977,-13.974216182812652,2.288987200092511,-5.9730658757165,2.7838734399418366,-10.840887399608011,-4.30321951163138,280.4978923183528
163,7,5.77344234153787,-4.880160591484391,1.9026555686006201,-14.087167445171394,2.2700863700547966,-5.176935592291515,2.7799784461442743,-11.968959130688548,-4.314172415680609,280.4956966027436
163,8,5.773797146311816,-4.707996657486898,1.7311309045282777,-13.717446865383467,2.2792349476259797,-5.860381884391554,2.7749130056870164,-11.141533467140984,-4.306572207832608,280.49544114147966
163,9,5.772914617108855,-4.565043918418946,1.885900061042694,-13.419481774001584,2.2668401081421465,-5.41895581683065,2.779535638104136,-11.035980846207096,-4.311680364833471,280.49011777424965
163,10,5.772979084479112,-4.208724294992683,1.7582028459778363,-13.935864191073513,2.27887473414687,-5.966462312029875,2.7809143300206136,-11.684459281508019,-4.312154724557285,280.4841846469136
163,11,5.773755803479703,-4.799570213077658,1.733874422588512,-13.892630579288259,2.273365593334857,-5.4619648102394835,2.776794692090533,-10.970688681669376,-4.309273309862077,280.4848758273457
163,12,5.773878045565442,-5.283427126746347,1.7142763599117565,-14.076433565036494,2.2538357715364676,-4.9033260857030605,2.77510779341896,-12.60684678622268,-4.312854724432869,280.497619334491
163,13,5.7778988776250415,-4.674005529975561,1.785453766092948,-14.207791426568908,2.2802694206546223,-4.928046384215976,2.780163425251851,-12.667026632899464,-4.31490565020716,280.50036280919994
163,14,5.773850850467949,-4.33965569302282,1.8202479277985883,-13.219179712569792,2.2852820129069014,-5.72680170723233,2.7828231821582965,-12.396126364859816,-4.306686467001276,280.4908430401021
163,15,5.771993153609674,-5.371472060457819,1.8673946028838344,-14.212404926002357,2.2540719766683766,-4.910234634043457,2.775001695733681,-12.450833952518103,-4.312100596122147,280.49631060496455
163,16,5.773801849322897,-4.550038083200103,1.7129059920628704,-13.278629673309858,2.2796033089794183,-5.249537597343777,2.7812628174633147,-11.921015146923548,-4.313328500583087,280.4915121538515
163,17,5.774844599702461,-4.146738632959341,1.7372202589411088,-13.994406722111524,2.2828383227606386,-5.70146738690145,2.780624726414981,-10.381041461353302,-4.304215052620228,280.48581749239077
163,18,5.77427173450679,-5.141034532487791,1.8257853318199262,-13.663541881479118,2.2648936784166827,-5.188399559815998,2.777284027786813,-12.100157945305618,-4.311013991899237,280.4881224823472
163,19,5.775143219619783,-4.820948918447315,1.7726572525440272,-13.961340095689899,2.2766422277161245,-5.357289438874417,2.7781370869097413,-11.167230516142475,-4.306433391213672,280.4856285370312
163,20,5.772794382106944,-5.33332103946274,1.8762827111145386,-15.167424500617473,2.2659731808645085,-4.592646594287745,2.775874334921161,-13.615530195498906,-4.309167448538137,280.4972727000336
163,21,5.770418381692368,-5.133399475548001,1.9159039443413326,-13.012032906484059,2.2551299573127936,-5.258937366157868,2.777784945233675,-11.426531331042105,-4.316252030950489,280.5021203268124
163,22,5.773368307742682,-5.6999728338403814,1.8388637249510373,-12.954740735891363,2.2541522372569647,-5.266703192813294,2.7732050234649295,-12.396738521627393,-4.312003506996129,280.49659611918605
163,23,5.77447095554793,-3.978618832129723,1.744247679882274,-15.324825476527966,2.2850300391462337,-5.541092631179425,2.7754210471331593,-11.793162350925808,-4.309356699507114,280.4960084342805
163,24,5.771517810804533,-4.12517040635584,1.7818833212105203,-13.870040955620828,2.2746623902303935,-6.023002770095409,2.782525600878983,-11.025288059675443,-4.3090846411399655,280.49139406503434
163,25,5.774304405396584,-4.197586991985847,1.7093086413821061,-14.133117366331698,2.282023672744491,-5.389705368137329,2.7793062415874314,-11.703492824631718,-4.307450731777721,280.48389994060096
163,26,5.775151423055183,-4.901393573443092,1.7603582397261317,-14.05766929514855,2.2721506890316605,-5.131707151381161,2.7761694674727293,-12.171672875517084,-4.311911782621573,280.4863164719975
164,0,5.772965095754904,-5.93088446288969,1.7572894780466919,-13.420101079650362,2.2743730754270106,-5.3285225064889365,2.77680896015104,-11.130014668609874,-4.312121240517703,280.4982032695823
164,1,5.773071156781732,-5.146452823291887,1.700343443841244,-13.21092800411979,2.270837023988132,-5.985726166392884,2.779692676481204,-10.89390145304565,-4.313110863743387,280.4922837447618
164,2,5.773500088281282,-5.048063743638296,1.7555373943303738,-13.334479398069806,2.278624338084008,-5.3095198637442875,2.7774639140800637,-11.44446658857554,-4.307459567511061,280.49172258801497
164,3,5.774771467469687,-4.815562583437301,1.6195138786941743,-13.202053218291386,2.2690967865633858,-5.495332845787177,2.7750098020628498,-11.540908832865483,-4.3098729123692685,280.49476522367314
164,4,5.775020444530302,-4.998713100740836,1.6931762687648475,-13.01739024012966,2.2754294444064014,-5.558278231851845,2.776359655543038,-11.383497816474284,-4.3117844805261765,280.4911107096567
164,5,5.774003661630846,-5.0287891369476645,1.70492685483785,-15.267348015570802,2.2813762399409216,-4.906218151042521,2.7788846714584947,-12.73485200705203,-4.31130570725691,280.4980008593336
164,6,5.774914049619326,-4.972525476362199,1.7208820500433488,-14.287642727239218,2.269661557884487,-5.0957322612112765,2.779648065593118,-12.080206762547732,-4.309846836172914,280.4914746747998
164,7,5.773806739317648,-4.088129201138992,1.7209752544206123,-12.698204191552657,2.2635840487254297,-6.039434987478057,2.7755859982806914,-10.505940733957486,-4.314050381040707,280.4797568767651
164,8,5.776351401591806,-5.178356955619835,1.576241381946668,-12.66077853381573,2.2712251274683344,-5.611165907407404,2.7741778794335312,-10.726807099532941,-4.305263541471315,280.50460324843084
164,9,5.772721869027649,-5.554470288252025,1.6841652166741883,-14.632398588565074,2.2793318973585888,-5.253921328463116,2.778962758308746,-10.40783328749524,-4.308530970578718,280.50182966867646
164,10,5.774120045305574,-4.26744224043638,1.7026391642875376,-14.775259705166722,2.269380284707456,-5.409254068494739,2.7761227924075405,-11.020718183020419,-4.311427509740225,280.4809553770507
164,11,5.774213838295662,-5.035339193185678,1.7438861489681476,-13.285406782835793,2.2608916684876053,-5.679150801292225,2.7745532343409414,-9.937978778536198,-4.317621876227604,280.4924147792792
164,12,5.772901162608089,-4.443157420924564,1.8270131200735866,-12.820334333877847,2.264149796416144,-5.80978382303577,2.772967453304012,-9.589134711996287,-4.309493993589757,280.4871826621091
164,13,5.773690440575501,-4.340188579037074,1.7737212435085927,-13.391289603083747,2.275914471240497,-5.835828346693696,2.7775281476041296,-10.089637898606066,-4.307090803414554,280.4807153351457
164,14,5.774164672030419,-4.493759697311742,1.7739474718348387,-13.289670012186505,2.275047436149606,-5.949176976586102,2.779537215238342,-10.510755657429375,-4.315540829170545,280.4853913531788
164,15,5.769855913888127,-4.983002103052071,1.81853997278907,-13.070799887436472,2.2639814019545423,-5.365017780919737,2.7814992796391085,-11.223667075333555,-4.316088926223236,280.5003042793064
164,16,5.77169861500298,-4.872240038848876,1.7681070396185594,-13.961210382928552,2.254320106716739,-5.025193997903667,2.778393666361458,-10.329421325916705,-4.322654205787938,280.5018829134585
164,17,5.7727238435212715,-4.419236911543866,1.8268707301189184,-14.54018832297275,2.2795566099700255,-5.284149395755553,2.783862557443425,-12.600390204636112,-4.312239686600395,280.4914554795088
164,18,5.778580825750564,-4.7060847914471955,1.7863667975336754,-13.109768494728632,2.297632221863451,-5.383967840746205,2.7781398128687225,-12.55059754182332,-4.299958473549507,280.51915008810585
164,19,5.77229697160025,-4.470143033963067,1.7320345046059153,-13.890146922301234,2.2821343243364547,-5.645680438022169,2.7852191230137966,-11.59845672662704,-4.311022120093236,280.5032569016935
164,20,5.7737786504745054,-4.328334663882428,1.8475944537511415,-13.791844308552571,2.273035741738062,-5.347080004475495,2.7785172076510465,-12.666486358721654,-4.310704527102795,280.48262681151937
164,21,5.775779605836254,-4.489663753645546,1.631399182355694,-14.545504862301248,2.267021633642193,-5.264262208326718,2.7728031946139184,-11.697589533896094,-4.31340729433841,280.4967771107717
164,22,5.778102170585046,-4.822207570471095,1.5887112826958227,-14.103478894202695,2.2861398410353573,-5.568144809280642,2.7767439010625603,-11.70178179881608,-4.305698071887492,280.50499255487557
164,23,5.772017944514632,-4.7789180634102735,1.7526169061627168,-13.47578819915271,2.2661404115726693,-5.737258602298994,2.7771127056196216,-11.411408595944165,-4.307023929165367,280.4895426760818
164,24,5.772249160463772,-4.73217865038634,1.7359727808236576,-12.704466441025376,2.2765064895161244,-6.055302349385264,2.7773234184370614,-10.205337951696885,-4.308394166381676,280.49267831035564
164,25,5.773996211741585,-4.052610200206314,1.742189045624042,-14.032942802528,2.2732872306461513,-5.676638799644593,2.772970427736092,-10.420613221031669,-4.309651819182348,280.4848460822932
164,26,5.7737544975001285,-4.635170871167716,1.7268812744832323,-13.768418923634455,2.272404610226312,-5.540582775432166,2.7765856860332097,-10.981309559577104,-4.308424478729704,280.48331994584595
165,0,5.772386621796752,-4.575266001272481,1.8149645360909021,-13.536488354942081,2.278438920711352,-5.906781580559525,2.778312613446868,-10.200146620350187,-4.307463349340351,280.4913316444497
165,1,5.772136718982768,-5.065405003888785,1.8790022285061077,-13.23575410168479,2.2666394255315563,-5.348877054509784,2.7781051745365697,-12.236165215487237,-4.310838067202613,280.49283977572003
165,2,5.775033825863295,-4.703990670652074,1.7263081910248568,-13.26760972160254,2.2578566660292405,-5.241529361549548,2.771744512667455,-11.119906050243697,-4.309382650263207,280.49167428397345
165,3,5.774414918061411,-5.627122108448617,1.7751310753613327,-12.94182814448973,2.2577585700413203,-5.132503182428519,2.7726963243100995,-11.368192669701807,-4.312781709498341,280.4927935151522
165,4,5.777135715506758,-5.392149275131461,1.7723063339241683,-13.169817456900068,2.278945066362707,-5.382644063045005,2.7771739602673895,-11.768810594565517,-4.306209739048856,280.49458495328184
165,5,5.774197494900184,-4.193074501796819,1.7217735395181335,-13.918057000106208,2.2838133928585025,-5.453328734235798,2.7781501400418844,-11.469056006029444,-4.310589285280838,280.4902466980684
165,6,5.773606765416565,-4.712909645244564,1.7079239290537185,-13.948834673211078,2.2749214413057044,-5.643752760852328,2.777860077749409,-10.159891970155396,-4.308061101681237,280.4861677746646
165,7,5.771990754924598,-4.033876353110524,1.7278383004817068,-13.975617518943197,2.2770893877946077,-5.6897432750336066,2.77971267785425,-10.570099470409787,-4.308065203165312,280.48606844579865
165,8,5.7739993755251025,-4.469302185465434,1.801211707056363,-13.473130602434324,2.278444957770756,-5.9562382344079285,2.7793934589197042,-10.804345083176754,-4.314183480839786,280.4874839426988
165,9,5.7746605630179735,-4.392658295342195,1.6769943909849918,-12.878976232165149,2.2783780985827162,-5.601428300775431,2.7754681795132763,-9.393166958444276,-4.306846126135642,280.4874855568089
165,10,5.773232545481441,-4.2077312153694875,1.7350596144674868,-14.321820810293701,2.2630810942097694,-5.603162572899153,2.7746261533525964,-11.070437208031029,-4.317196480824306,280.4858808310854
165,11,5.7719088267645695,-4.229240886710628,1.7545913097354904,-14.016587592398484,2.2694090624017837,-5.619652343006422,2.7761654668089224,-10.706772665054139,-4.3105212267017805,280.4831319574512
165,12,5.772981271846067,-4.404160989301297,1.8079588489356515,-13.022038764257124,2.2726181889378636,-5.3272578480459645,2.775640808626114,-11.338991414018269,-4.303945642094453,280.4884044669599
165,13,5.773792211481931,-4.86371545073419,1.7777265745064295,-13.146661230993612,2.26951702890214,-5.461403142230014,2.7752748088720867,-11.353834527083844,-4.312580037384939,280.4873203449828
165,14,5.772936589272408,-4.298119302981787,1.8813606208939466,-15.117124037597874,2.2587133900079004,-5.173385588377305,2.776454630440355,-11.621110461578617,-4.317740971516197,280.4892936770214
165,15,5.772259834794435,-4.692272679678457,1.7375761514057326,-14.291530704554921,2.272641110260319,-5.233680157507474,2.7761237779470975,-11.607083972403453,-4.312183232468893,280.4947535273302
165,16,5.773610098711769,-4.44292092760475,1.7527728557359423,-12.89691466947929,2.2598495461919907,-5.79961353296753,2.7760334399163167,-10.713861295732757,-4.314263931593431,280.4840973845253
165,17,5.772506791300596,-4.491777951832255,1.7498072578027333,-13.86910744353822,2.2661002048307886,-5.1559632423391415,2.7764832033229863,-11.850574754518597,-4.315009057277438,280.4857710226562
165,18,5.772654312232229,-5.0733649578562945,1.7046674267436523,-12.316749016134931,2.260797983808982,-4.913536355222277,2.7760225344753913,-11.303369501138802,-4.312127290902182,280.4909375114195
165,19,5.775841644210776,-5.614587433764079,1.7225885081474097,-12.961261670151066,2.2722450496379185,-4.858441075218672,2.775782481798727,-13.044371121230679,-4.309359382939221,280.48998444748304
165,20,5.772784118692443,-4.004515841953328,1.6395072159476498,-12.58852824367644,2.2843673574395242,-6.168313913989816,2.7786990505711597,-9.450028112763624,-4.303550193184661,280.49918722899696
165,21,5.774350295418529,-5.478740696183795,1.803077654619495,-14.280136695710956,2.254326944570703,-4.469412866884622,2.773634049613847,-12.955703306053302,-4.312996431213892,280.49432964406316
165,22,5.777730360211353,-4.7120677645164335,1.6583880667387139,-13.354103876981444,2.2856709148597867,-5.479552580941565,2.7814509095288282,-11.577951752355885,-4.311234035812905,280.50120269078684
166,0,5.775482986603008,-4.226062739459694,1.7387183537065196,-14.490064654082104,2.274234556712062,-5.6520971742281825,2.7742253364392933,-11.143523614188135,-4.307012729023385,280.4813444380918
166,1,5.771196933161292,-4.643226507716211,1.7489257909430649,-13.505475710610392,2.259743173536652,-4.882320731548583,2.77665375357673,-13.03192567456112,-4.313091379087543,280.4897756227771
166,2,5.774101282738096,-4.490564913646039,1.6869100464180775,-14.117454426168493,2.2774059494607704,-5.264968858921279,2.775498927385523,-11.28954881025446,-4.307805520740792,280.4900427750738
166,3,5.774205751785304,-3.9886595288683435,1.7235306404285848,-13.60895665969861,2.272081270962352,-5.259522713018947,2.777663501341397,-11.709433469083656,-4.3072349955876845,280.4785028683001
166,4,5.773486537525409,-5.25724491465044,1.7485534761007686,-12.39118278683687,2.268642946982757,-5.7600195668906755,2.77643201901484,-10.887081037367821,-4.313255794086788,280.4875490323459
166,5,5.777501410672404,-4.684148724855878,1.731266615520898,-13.441120656569566,2.291651828685937,-6.134956046806274,2.7794257586183075,-10.476335267217523,-4.307805799454348,280.4987222879577
166,6,5.7744057132287665,-4.605298435318209,1.7455657555385797,-14.2783173283029,2.2644981622716265,-5.483808575516493,2.7748146316235207,-11.000301229269922,-4.3177677545805775,280.4909385840083
166,7,5.773541978892938,-5.030944315668311,1.7655922355367097,-13.44489728855717,2.2737564600459343,-5.326449225898886,2.7783404436859347,-10.92697818500343,-4.309662083566779,280.4853698213755
166,8,5.772519171094083,-4.835751207546566,1.806963550487685,-13.60505348017345,2.26428568531803,-5.055786450437596,2.776441352200482,-12.73508168335033,-4.3163154673783515,280.4891691722151
166,9,5.774559810730767,-5.853596630767772,1.7071517951371658,-14.058665651111237,2.269381100453132,-5.044628809982201,2.7751419746150927,-12.451816171229805,-4.30979472297928,280.490448666945
166,10,5.771929703526207,-4.2812702546098516,1.7831065811625881,-12.876837688111516,2.2656381632617695,-5.428660770456495,2.7789060555282323,-11.465501345268256,-4.312980947027354,280.48244591441926
166,11,5.771462551584945,-3.98927203172059,1.7391825446430633,-14.102896273164623,2.271054523628792,-5.593062064913295,2.7798017152064047,-11.039439533409594,-4.3159560877369305,280.4877439090964
166,12,5.771631839196459,-5.234179922000137,1.7631821911833363,-14.741549838503952,2.2795594877150243,-4.510001793701749,2.7789862917046158,-12.600267806570177,-4.307089737441627,280.50612390376
166,13,5.775337520328516,-5.055038779444856,1.7246970120489935,-13.52389435526517,2.273359116584536,-5.2974465155228145,2.776169002014841,-11.111270692582046,-4.306518027556358,280.48676105051936
166,14,5.775797292952345,-4.7574033485265605,1.7382239551468397,-13.22218475638184,2.260158136039035,-5.445929831900308,2.7758034260010755,-11.31344533977478,-4.315767891281172,280.49425580210396
166,15,5.7740911587304415,-4.131568779018342,1.7019523001783576,-12.93026425882486,2.2627994418126267,-5.827249647238936,2.773753082127868,-10.350426022656949,-4.3135506733822195,280.48220758600854
166,16,5.774152391998279,-4.514324416863118,1.7769127784664207,-14.488740152936652,2.2763561548935045,-5.528362850667888,2.778199189214204,-11.506347416265209,-4.307715887607229,280.48205172497205
166,17,5.7744518597887655,-4.124424859473565,1.7646731803212847,-13.725984587762138,2.2708443266697005,-5.441798954025046,2.7797535287876736,-11.50414461984826,-4.3106852797017865,280.48141589441536
166,18,5.77202388840049,-4.481537583357779,1.7511008403714428,-14.449651010265017,2.2667319910315915,-5.457927612258778,2.777201154532626,-11.297891542368458,-4.314386807141641,280.48598108308977
166,19,5.772837943793748,-4.612827532317823,1.6825143932410962,-13.016800174592992,2.274405248045735,-5.748546591209878,2.777122753294403,-11.3479905506765,-4.311020471662701,280.4925800534929
166,20,5.773794077265557,-4.078472384441154,1.7553635151764868,-13.614140238934693,2.2759302503374,-5.5941754019890775,2.7775266506714393,-10.406384779103348,-4.314936272428594,280.4838281182426
166,21,5.775137252485632,-4.959527880206985,1.7441165503579699,-13.550524362975585,2.2820997440299564,-5.275546845724472,2.7778989554217937,-11.338069082761136,-4.304159212451982,280.4906914584268
166,22,5.77213904036635,-4.68967949768685,1.6709084006100094,-12.892903070641287,2.2692143813366292,-5.563304173410082,2.775913732375953,-10.39902491198165,-4.315120776014944,280.501932010167
167,0,5.772214944149702,-4.141109930953971,1.7414318570975515,-13.756983692673234,2.2729805974748247,-5.861791480810892,2.779063514540577,-11.366388218922674,-4.311803859069266,280.48248267854507
167,1,5.7744971407210315,-4.462737629385861,1.7578698203948746,-13.746159157290117,2.278731849116471,-5.102465548205455,2.777873057146144,-11.915401580333146,-4.306242742064127,280.4834880866727
167,2,5.773860696292802,-4.958974103945564,1.74948285449272,-13.540701482370514,2.2668671047389544,-5.361281759298834,2.7772776528898713,-11.512290284723047,-4.308757509644405,280.48573053667377
167,3,5.775422732990954,-5.1068300564009075,1.724381604228247,-14.453045390891276,2.2759255026409133,-5.043451379929125,2.7762491210127527,-12.34682188691357,-4.312363037791361,280.49291910532406
167,4,5.772758245341043,-4.0698336993169555,1.7628852885667454,-13.96994547209083,2.2654705332791982,-5.510516104668437,2.7760150622281206,-10.595493185127618,-4.308845209949679,280.47792104371996
167,5,5.774162654751826,-4.45861855870791,1.766260076925601,-14.183166802392936,2.2687555682962404,-5.0015817902237,2.773736785055539,-11.672112369010481,-4.309681817217014,280.4840882822086
167,6,5.77469798257314,-4.033712198682012,1.6886051040824266,-13.79847946405186,2.2647640753948344,-5.844258865051701,2.773647842288994,-10.20840388706082,-4.308292043679516,280.4817338546511
167,7,5.772796869323341,-4.882019320877122,1.715975526778191,-13.073088310178695,2.2685794970585467,-5.189097369062471,2.7767182472769303,-12.347493739961179,-4.311334709940856,280.4879568707675
167,8,5.772825427168452,-4.442601036365496,1.7949126410555976,-13.154123810771948,2.2585193049712924,-5.280551059505793,2.775483427157945,-12.103093326714095,-4.311730419707318,280.48355622728917
167,9,5.772737263997616,-4.152470145454652,1.7890300580599527,-14.815869798439456,2.2661318341420515,-5.406515215449886,2.776014341265853,-10.86132094454986,-4.307100449490886,280.4804343547242
167,10,5.774065732032712,-4.204140158013934,1.7220238929203662,-12.973084188462868,2.2697528998557748,-6.11113308236123,2.7774907795398724,-10.27656419088931,-4.316943305202331,280.4847204332545
167,11,5.774399062214619,-4.784042992535261,1.745253061890904,-14.281537446829276,2.2745240471749417,-5.066634636164235,2.7802678327404564,-12.934005492486676,-4.312716119941574,280.4860728517709
167,12,5.776783825497245,-5.4041270914376,1.7960646633405117,-13.667572801179947,2.279699498936261,-4.9756666477872,2.7775012623501008,-13.299481056796616,-4.306556016715828,280.4956471402266
167,13,5.774906740103657,-4.370282637002656,1.6701591609544122,-13.587170426944187,2.269423327142461,-5.70672764288208,2.77325448222546,-10.867091097387979,-4.310234246939229,280.4868641600393
167,14,5.773904801522805,-4.114395329935575,1.802593705535464,-13.773109569010382,2.2718497115570155,-5.760390189313245,2.7772777906552846,-10.724771098105176,-4.311452490066143,280.47623778004663
167,15,5.774655405939891,-4.4110903192832955,1.7749509576441245,-13.652095769909485,2.264695249860114,-5.723028216470229,2.774464509908445,-10.29733723122277,-4.312553535472892,280.4815872978458
167,16,5.774943946960808,-4.07648010135699,1.6467534922240397,-12.519991545302764,2.277101843689775,-5.649894676041825,2.7762140194861273,-10.789517730271346,-4.306870031076227,280.48431860713424
167,17,5.7751099692561105,-4.439478668933845,1.6616296277245055,-14.397618616207993,2.2695782714602406,-5.527959550600186,2.7741074168895246,-10.557896099013513,-4.311307137956519,280.48795873359063
168,0,5.77322399104522,-3.987503759148183,1.80259756525724,-14.110242067547558,2.260209629204996,-5.541503792867863,2.7757076131861598,-11.186712028310524,-4.310043570354922,280.48025341902655
168,1,5.776138788688943,-4.513984910876339,1.7462428221754431,-13.163211314561176,2.2723829819478865,-5.604119352459686,2.7766261454277625,-11.192806879410352,-4.3129285073764825,280.48501923005836
168,2,5.773583035381903,-4.270186093625571,1.7530198915338928,-13.133934763532444,2.2806977711875636,-5.766760669532649,2.780874271472151,-10.241952642195097,-4.30852659724354,280.4836872217692
168,3,5.774145406922924,-4.033430457741668,1.8259406644911673,-13.761877724172928,2.271664477210741,-6.095113382176,2.777905987165599,-10.032523724056837,-4.307150647718361,280.4797319953208
168,4,5.774200391376727,-4.011149183570913,1.795183803088758,-14.021463556461695,2.2655384559578855,-5.163964364605743,2.7769880456836353,-11.616539730559074,-4.312572458850233,280.4763048367796
168,5,5.775257251154803,-4.0865555185327835,1.79249555749953,-14.445714077692955,2.2705383722572745,-5.582148307541441,2.7751031091605425,-10.575879155788217,-4.305867781363637,280.4807846169427
168,6,5.773348794914214,-4.379271459188899,1.7950114783714477,-13.44398821861769,2.2736573334530856,-5.638378692072142,2.7807046264039545,-11.468704470362452,-4.310304182444554,280.4827187043392
168,7,5.775443353949264,-4.573591635482188,1.7450221616197856,-13.666995880720432,2.2743847658507907,-5.160728058930358,2.776184343448238,-12.24073979038324,-4.305867917527235,280.4839990952403
168,8,5.7741625040168945,-4.397915569674991,1.7599998614904953,-13.96086893972723,2.2704679357647164,-5.364917104211046,2.7776105909993087,-12.143354955011072,-4.30928909189383,280.4798164013594
168,9,5.772820837507925,-4.168530809132828,1.7840539276917549,-14.049120986629413,2.266022247138273,-5.969895819326363,2.7734984804600282,-9.739648614230276,-4.309581194666812,280.4803701553149
168,10,5.775677447011915,-4.521404527895777,1.7211925259406486,-13.275524542285913,2.274975567082834,-5.2864612330751255,2.777021282418262,-12.158412941709082,-4.305210877705413,280.4854435492009
168,11,5.771839710850369,-4.072434302048928,1.7826862344705225,-14.68848865869077,2.2569732723904994,-5.247052164650995,2.7767039229725126,-10.490242559636531,-4.314312841932893,280.4828342501835
168,12,5.772291087327088,-4.108475381878078,1.758355879214382,-14.648043637958173,2.272427880218025,-5.334869331529252,2.77869056689229,-10.661914510350778,-4.308976926518467,280.48061071947177
168,13,5.774315680649756,-4.3263270166697945,1.7539331736178023,-13.660828424180545,2.2752378794222747,-5.411481336638466,2.774966358402425,-11.334952199658701,-4.306256738816668,280.4830854480289
168,14,5.773072838581887,-4.782239437315367,1.742115502314427,-13.072688133527128,2.262991032552997,-5.499070106087465,2.7767446773667728,-11.97261763172916,-4.315176618886238,280.4861331971905
168,15,5.772517287140497,-4.555485905124653,1.8066993290327416,-13.556074899252714,2.263509739631002,-5.112985690843562,2.776812456165855,-11.787372880691603,-4.3102077440369,280.48327464823717
168,16,5.775144915418976,-4.083819590791848,1.7874481208083894,-14.595148361639385,2.274533023871374,-4.87199687432521,2.777569302554498,-12.110350853553337,-4.30479463572325,280.4816135615235
169,0,5.7741878711312715,-4.798790742784754,1.72587843654798,-13.723045368630727,2.27371901763039,-5.121506194083669,2.7751745449131646,-11.75592566254039,-4.306499211894483,280.4873127175778
169,1,5.774285305159221,-4.801089606130321,1.845696419987913,-14.767851807175159,2.263183766226912,-4.88150844580179,2.774210200499388,-12.538604380545063,-4.30641865252656,280.49431078342263
169,2,5.773413281196227,-4.113077961488673,1.795899922996441,-13.869933484964957,2.2693597773415246,-5.341122819754573,2.7773355963726014,-10.653803030581342,-4.308561009723242,280.4772496583708
169,3,5.775492885499747,-5.026894894411427,1.7558141835094985,-14.47492113934346,2.2619512312896934,-5.081486843084988,2.7730446354901437,-11.41531965587438,-4.311357083883322,280.4903415019246
169,4,5.773568092155252,-4.0439527536095285,1.87134753035644,-14.68703775963525,2.2641936619149354,-5.138339364947287,2.775554080479496,-11.03010758444311,-4.311048634297035,280.4824306283673
169,5,5.772809754729777,-4.805425706982296,1.7997686728686921,-14.242646098774,2.262376042473694,-4.60899629581615,2.7786476086332708,-12.128595782600673,-4.308187870450254,280.49246425433637
169,6,5.7738977333871775,-4.334168911431511,1.7900359224075224,-13.996347464305785,2.2732759750938705,-5.759260652134033,2.7767813783486024,-9.710225621974221,-4.30824891567653,280.47935401923735
169,7,5.773774564429423,-4.227368094239656,1.7719134432209407,-13.70133971562952,2.264835394055962,-5.435543601504517,2.774610360891797,-11.094694913211983,-4.312541659701517,280.47875030337855
169,8,5.773807220730129,-4.09000334010641,1.8479048138846605,-14.416131209088238,2.2685112793296187,-5.553815894939533,2.7774126128530083,-11.266892898341137,-4.30902240776972,280.4806260688151
169,9,5.7735390734039935,-4.330754623688171,1.8309596627824742,-14.310363519918054,2.2663817972975555,-4.957550726080393,2.778385748337,-12.376775737242392,-4.308203392485117,280.4858146841168
169,10,5.77220221109264,-4.175548544737736,1.819099015437225,-13.63429086168097,2.268621957939481,-5.708609080247106,2.777973667982964,-10.796813063939547,-4.30882389919398,280.4807211437594
169,11,5.772469409001471,-4.177784872631979,1.8031283086828342,-13.990412781992601,2.2659754972307797,-5.234135095657729,2.7777526501823253,-11.098000041412265,-4.308724771457871,280.4810962836135
169,12,5.77244574174625,-3.985263686181287,1.7109242005928955,-12.981190224982774,2.2690708045263555,-5.6760967610265,2.778118348707326,-10.549730690941837,-4.308884957523518,280.48300576246334
169,13,5.774935357395127,-4.471608581144275,1.6685283203546986,-14.24117001119624,2.2787750501903297,-5.2262153952411925,2.778688801166563,-11.954410605576221,-4.308684137907366,280.487787781583
169,14,5.775266848271876,-3.9806438174413277,1.750355075605901,-14.12881635758111,2.2781388561979505,-5.532051360085278,2.777940041281556,-11.368514924806862,-4.304133863812667,280.4799720923254
170,0,5.773598366459159,-4.129761809621695,1.801363226675528,-14.115409326781025,2.2677000586079297,-5.357782204363366,2.7755070508981032,-10.670654044217343,-4.306949789767129,280.4791790979348
170,1,5.773349761988019,-4.159034347307549,1.7589170279689514,-13.520752131461458,2.2715251489800314,-5.853592994235608,2.777630662893924,-10.421328146850218,-4.307553457375738,280.47865399661174
170,2,5.774328460900592,-4.062351700337331,1.7790574993124906,-14.253096169153931,2.274628186577335,-5.589118109707346,2.7779413980567673,-10.188660158078015,-4.307640410621238,280.4763450820064
170,3,5.77550389800376,-4.300023945309664,1.8411548928196744,-13.998544492428554,2.2664778041402474,-4.899007255156847,2.774232793886402,-11.619311847594272,-4.305819395516217,280.49212349617494
170,4,5.774306500335196,-4.280892238294637,1.8087776673089717,-13.603962178331129,2.2660503145355593,-5.626317112631756,2.7738771503573076,-10.333747391033203,-4.308136400709397,280.4821885720831
170,5,5.771281143504768,-4.125357304073039,1.7993668321182634,-14.336442989338824,2.257154709348467,-5.273646973825455,2.773863358879754,-10.348617731790767,-4.313811213452562,280.4832110830352
170,6,5.772634672124627,-3.9930891922920515,1.8357247535996537,-14.54761179053176,2.257619886952963,-5.0728454265528,2.7774161036296876,-11.203098331317836,-4.311521892686358,280.4862483179451
170,7,5.773881594608812,-4.292044899906199,1.7928906775285933,-13.18632423558877,2.270607930502978,-6.059420950528667,2.7747867622866154,-10.439755846038315,-4.312015753373882,280.48242941922547
170,8,5.773082890690699,-4.044062507334593,1.8043350017210151,-14.194145870860918,2.268890245646404,-5.612634222877048,2.7746749279633374,-10.339131687178716,-4.308339252997145,280.47795394933013
170,9,5.775644643963646,-4.1492819791033755,1.8057917729460369,-14.321315371959738,2.2627402391465608,-5.519687721231878,2.7729266654509677,-10.813044588425592,-4.3145288489221,280.48744557079056
170,10,5.772099850576295,-4.1505149131591565,1.7450427942427262,-13.08201597010235,2.261149153359699,-5.58514397157838,2.7746170734966937,-9.523045953110081,-4.308860830272212,280.4824598170791
170,11,5.774137272030932,-4.63100642763395,1.8534584006767152,-14.474039829170852,2.2660225965149214,-5.070370608170666,2.7770348492045165,-11.171382792146893,-4.308395843635309,280.48935833412554
170,12,5.772731627172125,-4.394136861050161,1.7089531725975056,-13.94888286277065,2.2748957683981366,-5.174262509764335,2.779933974697318,-12.063486286141334,-4.311548450394464,280.48845886379127
170,13,5.772577721737875,-4.512881624980146,1.8081100713488814,-14.919915998321398,2.2678995672256015,-5.112024035438942,2.776908334708624,-11.482263519182954,-4.308975290773977,280.48300095077764
170,14,5.773355898234748,-4.001420127497822,1.8144205483467508,-13.412478989444871,2.2723835420717897,-5.75591690705078,2.7781704421010214,-10.414492532631158,-4.307805200725839,280.47709643768655
170,15,5.772145469336732,-4.520434412334497,1.8246355325469856,-14.347476279572684,2.261287069208689,-5.132567723849938,2.777984486134544,-11.345602283087246,-4.313353497597518,280.4844805001676
170,16,5.77231667278112,-4.4921124043210865,1.7792330213178433,-13.595255165157079,2.2622536168436516,-5.094734371880242,2.7767966869168736,-10.958196667835132,-4.311546399993411,280.4828207834405
170,17,5.772586531356676,-4.7323250380068815,1.7433020513582609,-12.656930164812948,2.261319352878669,-5.245875281145189,2.775135896368231,-11.247029163247495,-4.310814198563262,280.48550529918475
170,18,5.772034299559149,-4.114220417861368,1.7997397160573758,-13.6828810187861,2.271488365217347,-5.5148330689984215,2.7783885149999366,-11.332103827160974,-4.308664464393487,280.4804369116547
170,19,5.774647580082909,-4.723387622857485,1.7167263432587259,-13.382194159607494,2.271167142831363,-4.954337427283923,2.773179408128181,-12.01696993810257,-4.305038272223494,280.4895287855063
170,20,5.773929426993008,-4.1271806658240155,1.7946105066060132,-14.466690769161213,2.2638618940455424,-5.323427674012828,2.7763614349312333,-11.463142567651309,-4.309393489758583,280.4801397227658
170,21,5.771800775152583,-4.0071594237301245,1.7827936846940249,-14.88239726833747,2.269966081399957,-5.23191288314507,2.778955939425833,-11.129197310651943,-4.311897308630008,280.47921314626245
170,22,5.773954698413203,-4.575122218297128,1.799355752315633,-14.232149798775763,2.2676042275688406,-5.098943140469608,2.7763907317677607,-11.704477584695658,-4.3147108212938425,280.4842120335224
171,0,5.772626271803416,-4.1678560243023695,1.790543487220615,-13.819600326325364,2.2665743564303256,-5.499393428715486,2.7754262080799554,-10.325703133406845,-4.307134699864861,280.4802698698435
171,1,5.773731958824235,-4.137338662695069,1.8060189560895668,-14.107820983911378,2.2716707018070754,-5.509515174587201,2.7781271920746833,-9.748441065741039,-4.3081133985365545,280.4782347377462
171,2,5.772638194402667,-4.1447576193678595,1.7946635002902338,-13.729063273785824,2.268308966583689,-5.448727452745482,2.776551368345849,-10.268719524539389,-4.30501196575468,280.4835209189859
171,3,5.773861410932357,-4.288924611070091,1.7868943893105314,-13.750936330482888,2.2728415403630255,-5.633380642779282,2.7785400320344062,-10.278170624881154,-4.307342860568021,280.48059576519086
171,4,5.773923554593575,-4.598655963770765,1.8388115552828057,-14.291965123992409,2.2741099731766248,-5.156690859187453,2.777034377447872,-11.328183910575582,-4.308601101396198,280.48725783957315
171,5,5.774092540933952,-4.311017134540756,1.7932894954082184,-13.706932957015262,2.2670516281053708,-5.396396972233451,2.7726055024135325,-10.990927505880798,-4.305204699494141,280.4863062657674
171,6,5.772415687012811,-4.047007642264912,1.8536528059940944,-14.126006968348106,2.2679016956086646,-5.490819421362444,2.775992259315696,-10.46942416787193,-4.307897709172588,280.4818232147335
171,7,5.77329418697218,-4.26745375901668,1.792438084601707,-14.072756539107536,2.26352631381139,-5.530356268118931,2.7760879459329946,-11.426177801135983,-4.31102935747777,280.4791292399291
171,8,5.773479804585387,-4.158658343625851,1.775052093170953,-13.325292325891422,2.2756513093193362,-5.847724496153443,2.778476650845225,-10.697805678964924,-4.305310998930933,280.48132662682303
171,9,5.7735140161710214,-3.995139947121885,1.804864797780683,-13.758872551575665,2.268171708364971,-5.6490834688195815,2.7745998137474697,-9.620576937734063,-4.305501512581622,280.47919176000585
171,10,5.7741409235443255,-4.273397253366629,1.7447071973698054,-13.48244416742593,2.2705482683916562,-5.535060867532676,2.7769624508005726,-10.374371583295416,-4.30903174275637,280.4784370665827
171,11,5.774504744900469,-4.969619298538209,1.7909005769272979,-13.14027113222441,2.2711714710239175,-5.463271258222208,2.7754154986943163,-11.064194343732343,-4.30716962583119,280.4867071048501
171,12,5.775687303264456,-4.160419805539623,1.8314637500118698,-14.128955106656148,2.2799821047176594,-5.598263417527332,2.778458245175671,-10.697525150870936,-4.301841994410792,280.49292249140433
171,13,5.775251106023384,-4.1620132573557465,1.7969818607269312,-14.061870200028997,2.275762083918662,-5.465898767414662,2.777174556253642,-11.182992599902565,-4.308177320514858,280.47897626174506
171,14,5.774182768067939,-4.447919311699425,1.7769048178488351,-14.197395819228335,2.265173028820733,-5.365103326081992,2.7745680056774056,-10.728195887186992,-4.306701409259667,280.48379348666816
171,15,5.7747046691627775,-4.135665615598769,1.795745708699643,-14.37439597386688,2.2759986261727296,-5.687613240761992,2.7769266990775776,-10.90792147485742,-4.308290417609007,280.47805029951473
171,16,5.774147250988126,-4.383603183381721,1.7376236084234027,-13.336574829041744,2.272819501687107,-5.579898924944395,2.778447449378854,-10.918008717992587,-4.311063125041232,280.48039071563255
172,0,5.774105340841033,-4.024410405929072,1.8151632110527975,-14.206710600453768,2.268945486819996,-5.616866031767704,2.7747892736635382,-10.366083241789038,-4.306683941679458,280.4788933500108
172,1,5.774998192914648,-4.320101818970812,1.7999675759518523,-14.015778005127403,2.273310911949,-5.511199855840789,2.7764195706131924,-10.762647011790577,-4.306913462803699,280.4814904627964
172,2,5.771791139997456,-4.60252574221525,1.8091312314539714,-13.346505552888145,2.2637650068762936,-5.247323895947291,2.7782442572425157,-11.429719582279523,-4.311845427177271,280.4851394697764
172,3,5.773735117666762,-4.641461800057568,1.8148745934311814,-13.997519523377942,2.2685212957372856,-5.42475603057154,2.7777563759793575,-10.840481427686745,-4.3101748595177645,280.48265201886704
172,4,5.774060691596617,-4.248736212488629,1.7910444184911285,-13.937665272256128,2.2673836706020962,-5.545650681425494,2.775916654544659,-10.879430091416934,-4.307452911920594,280.4802511322073
172,5,5.773609482259331,-4.030483501376422,1.788841732368727,-14.153505135079573,2.270690713527919,-5.454783496802762,2.7761273572180745,-11.009820826904576,-4.311065495613064,280.4752807167242
172,6,5.775431896363679,-4.3447410878572,1.7458801641809611,-12.914200574164106,2.27855670529719,-5.74087599593726,2.7766516767171576,-10.568499486191362,-4.306496984143597,280.4816613215717
172,7,5.7731980778830385,-4.339111117864278,1.7831075943131787,-13.417336373669631,2.270509358699055,-5.493200914710433,2.7774792061569453,-10.874954628789235,-4.307079826058683,280.48121817631693
172,8,5.774175470907608,-4.456746569295257,1.7526694740314936,-12.90691534613234,2.2677820222049174,-5.836439615685615,2.776364328658678,-10.23882226454638,-4.3090191991355065,280.48057070112935
172,9,5.775173361008658,-4.090913035503629,1.7679878207745319,-14.274273027746277,2.2700568201138207,-5.500876214825419,2.7744943740500347,-10.61978682562478,-4.307725073656147,280.47800934795237
172,10,5.7740879244168815,-4.331099451147703,1.7550724615116762,-14.171741239649434,2.2726314539637826,-5.516796558262965,2.7780365226927075,-10.797001532254512,-4.309311325295426,280.47907347899843
172,11,5.774445118606644,-4.277845192570138,1.7531093143823948,-14.151326512701841,2.271495044713516,-5.3687987248332325,2.776443512194591,-11.025085269773653,-4.306197097463259,280.48036103549225
172,12,5.773306275732424,-3.9938375021231294,1.7312856109604478,-13.33338448649183,2.279536316298866,-6.046159964145035,2.7794416356366405,-9.54183382446704,-4.30550549388212,280.4818442287049
172,13,5.773644852490155,-4.014294139083205,1.7924117641738,-13.522955126111217,2.2675818162182395,-5.6050650180144945,2.7763649691438137,-10.736880894635437,-4.308951067168269,280.4756147098316
172,14,5.773736738726745,-4.392489759832225,1.769944637906365,-13.73632754665305,2.2688570332234597,-5.505023272842144,2.77640705182669,-11.113704993306214,-4.309405426400062,280.479215015367
172,15,5.775214573113614,-4.574561044929702,1.7911862443185789,-13.902427949811926,2.2718332571763686,-5.589272463810959,2.775023998553691,-9.678906694882082,-4.307619492731859,280.4843910120957
172,16,5.774880904369004,-4.0804705801597185,1.7669946149011775,-13.607657565266935,2.2719581836838363,-5.497928438548739,2.7767428351116714,-10.363795294662937,-4.305365171574675,280.48017565407554
172,17,5.773572223441975,-4.049360924499492,1.8036669176821725,-14.272617832735962,2.267270603870986,-5.770126256461135,2.774588514170792,-10.529275540354115,-4.309209997376901,280.47667838533926
172,18,5.773403908742526,-4.5365294115688135,1.7958178300598782,-13.322254054863874,2.2647685464482525,-5.667781011505258,2.7772405020326403,-10.40059913668598,-4.314868014118823,280.48197919602643
172,19,5.773874625800967,-4.172677346341163,1.7900811956782785,-13.299069528783932,2.2730128278174653,-5.403817468748999,2.777383655514533,-11.067202341056381,-4.306127968453147,280.4796431328151
172,20,5.774552642745753,-4.113071529523655,1.7873603120082269,-13.16808279133101,2.2646804649700356,-5.492235730753891,2.772553629452472,-10.56196607507734,-4.306495910155148,280.4824794331138
172,21,5.775075125655233,-4.221411719714006,1.7302426966978774,-13.852851180699407,2.274915769807799,-5.379718901593761,2.777096327051519,-10.551565653325788,-4.310711508662567,280.479032028373
172,22,5.775351244553831,-4.128291733479971,1.8043195149705507,-14.46702795626497,2.269387272292742,-5.311245236773415,2.776551302665185,-10.957879616373535,-4.309937939599178,280.47959211011914
172,23,5.773333602359799,-3.9884588848086584,1.8055653125224376,-14.127884083964883,2.270943521688029,-5.616549329798285,2.7767084583464428,-10.489172663545938,-4.309868291396657,280.47464751757866
172,24,5.773710852685675,-4.0702970661322,1.8068137327420506,-14.524717671450134,2.266977393351688,-5.094436034836809,2.7765420987806357,-11.650732686730475,-4.308116553264398,280.47832456467313
172,25,5.774143324291875,-4.608659092297902,1.8087657366060532,-14.076577608243314,2.27180204709806,-5.504861932452276,2.7758444164772507,-11.025090390398308,-4.3068296961400305,280.48492552210814
173,0,5.775077614016218,-4.225839838268179,1.7369137418996348,-14.401598861739027,2.2772564698074285,-5.430297473566075,2.7772518047879453,-11.499130262318275,-4.309855818193926,280.4796360874009
173,1,5.77367050740706,-4.172905096083654,1.755648160772481,-14.436068841662815,2.2700725671433037,-5.230955582134806,2.7753589019394216,-11.673077720802727,-4.308342211992742,280.4779418431758
173,2,5.773253283878133,-4.595656929766094,1.7705210055080847,-14.001078049120723,2.2673679480786832,-5.4718638148300975,2.7737871054714294,-10.91845711744631,-4.310600735695563,280.48600342502976
173,3,5.77408282948122,-4.164817024312352,1.7983424820216087,-13.499275820954619,2.273903212965153,-5.982524443576096,2.77756349386937,-10.317834424335048,-4.308606872129809,280.47728228781324
173,4,5.774505082103495,-4.456447494154475,1.7835435444926444,-13.744362550257224,2.2691732562161246,-5.211878407331025,2.775178479217924,-11.524796561500134,-4.310345371082841,280.48128213253926
173,5,5.773487748322644,-4.060400388582787,1.7786853415090085,-13.196297334378453,2.270034416176323,-5.843886263865131,2.7766949963602525,-10.858363521920737,-4.3092251290852195,280.4751579917363
173,6,5.77339443993095,-3.993922951680443,1.8101808694442516,-13.592010114853803,2.2686830125363007,-5.681425396583674,2.77896249479922,-10.736656381060143,-4.307848653329372,280.48186909328444
173,7,5.773840229132295,-4.362840406724381,1.7363871387471215,-13.448066621330288,2.271527701998938,-5.3671044998867545,2.7767244756006226,-11.36858556515665,-4.311476172358748,280.4804822545536
173,8,5.774180667660651,-3.9811007370434677,1.7595623296500995,-13.743137709767568,2.27294621498489,-5.641717461913796,2.775922853285169,-9.809705489233531,-4.307226044302672,280.47470596871267
173,9,5.773878229403807,-4.160223371708085,1.7891355957184014,-14.24154967954039,2.2691522506262323,-5.335880226089922,2.776624185203822,-10.424738830146104,-4.307594195526138,280.47829383422385
173,10,5.773228593212761,-4.06829040311504,1.850198947023867,-14.445602461513774,2.270419573665095,-5.447598362831188,2.7772211994076277,-10.831667070560204,-4.310647151148693,280.4789773794689
173,11,5.775200847120967,-4.04694999327015,1.8097518702898165,-14.36281929075942,2.274392125214113,-5.513468839149794,2.7780586949994137,-10.164267017693836,-4.306408026297398,280.48084059156787
173,12,5.7738247015764514,-4.34975313277368,1.7916537863366244,-14.210151880892589,2.2770317711580557,-5.934830799185712,2.7773977159842027,-9.937772193129653,-4.309215824805253,280.481865695407
173,13,5.772985025715372,-4.202457754375183,1.8308680604990224,-13.897568217047816,2.2652372129555354,-5.2788183447427,2.7756509231842896,-11.92975846247024,-4.310071544213297,280.4799646486032
173,14,5.77315705715627,-4.086487187335374,1.8064617965307326,-13.852134175237016,2.2645908906348913,-5.524095544018517,2.7757417301593827,-10.386707011898816,-4.308898632578619,280.47815190571123
173,15,5.774336804604974,-4.28891297023424,1.7749858941152201,-14.052512398122024,2.270358912100729,-5.350493425087874,2.7781648363974836,-11.161104426667496,-4.310866597796126,280.4787172377477
173,16,5.774140544157257,-4.031629996996617,1.81783977290363,-13.698393394064686,2.271339786413181,-5.813036320093648,2.7768592049976246,-10.149701946305688,-4.308099944598393,280.4768399907488
174,0,5.77335809809434,-4.139175518408425,1.7829238876030127,-13.890008335973654,2.2677042400302385,-5.3271935897473215,2.776755463919687,-11.25827140709939,-4.31127793942983,280.4761992456302
174,1,5.772382869564825,-4.043293697432353,1.8115946161023488,-13.865516515346245,2.266888713105438,-5.343595379905808,2.7764741854158115,-11.051097867073036,-4.310551660531525,280.476790996717
174,2,5.773408667768516,-4.135535214368987,1.7992794281475915,-13.53011386095534,2.2679940612711653,-5.444409622950462,2.7766049914395574,-10.99392115396257,-4.30731299289878,280.479161412933
174,3,5.774029400177527,-4.207487560340157,1.823187142610684,-13.902658303722934,2.267210717796558,-5.426463826019042,2.776695899600848,-10.733917212510523,-4.306012468387479,280.48526658716366
174,4,5.773802403508498,-4.226540716705791,1.7894947153376537,-13.916658173687123,2.2707628520384904,-5.68561415841643,2.776744727696369,-10.19717357879209,-4.30974952765148,280.4772110273066
174,5,5.7737055522465734,-4.081668442241025,1.778062451681319,-14.4408827783632,2.273271160511901,-5.343186202495252,2.7777898922859117,-11.15040342159238,-4.310259087208355,280.4757502055388
174,6,5.773111886554033,-4.121270391504469,1.8029685135027864,-13.436099146433317,2.265670936947052,-5.844352872968336,2.7749247558702774,-9.857656234769072,-4.307229936892916,280.4795251013188
174,7,5.772723128679069,-4.164230482851723,1.7611148654214341,-13.800135019452128,2.2683148441601797,-5.491679306890643,2.776420060068084,-10.448745095017811,-4.310972226272002,280.4779700196341
174,8,5.775069564113173,-4.363507814776358,1.7450936283553744,-13.323416187447519,2.2764427997211016,-5.822327199433992,2.776986550550717,-10.269176466697239,-4.306472304762452,280.48076626038466
174,9,5.774066332151397,-4.406104177178914,1.8046300545081713,-13.544135032364473,2.2734493508479434,-5.686752335139972,2.7781089820369447,-10.826113192177973,-4.310662754190291,280.4801587777816
174,10,5.773479190916417,-4.019340446659156,1.7882627367526986,-14.129849039427677,2.2728233253958665,-5.600979215297145,2.776204165385679,-10.401480338284594,-4.307996952657937,280.4759429405224
174,11,5.774045878389281,-4.130162744404077,1.802285841121455,-13.689782872388125,2.268878339429558,-5.672411876288028,2.7761328621206602,-10.200790984295704,-4.307800281319343,280.4780506186813
174,12,5.775323831314539,-4.122839106027235,1.8110006855221774,-14.238629311057684,2.275264338789659,-5.369068078230038,2.7768110248457663,-10.947109347673488,-4.30513159655114,280.4825452822895
174,13,5.774201705008836,-4.276080213020984,1.759583786611252,-14.211529920198114,2.2744066822668834,-5.284861891536544,2.777522018436207,-11.374661959324646,-4.308026346867566,280.4787315221847
174,14,5.774125920624125,-4.093649071226416,1.7704501893565054,-14.055651830449598,2.2727001256142203,-5.400020214316612,2.7765622759236828,-10.75509844041925,-4.309194852286722,280.4756811190693
174,15,5.773144744253761,-4.03888185095435,1.782678340556207,-14.193573148762303,2.2707104837171865,-5.533474519049647,2.7775425922281385,-10.14319342589809,-4.308269206610221,280.47631824265534
174,16,5.7734704180792145,-4.008560601322055,1.7649582838472329,-13.485942413430175,2.2642314907425405,-5.936548316445177,2.774001999311776,-9.847984064710058,-4.3103379675074684,280.4756181438771
174,17,5.774492765778299,-4.153341805431387,1.7691053170309239,-13.589498975361934,2.2709878592349475,-5.591671470910924,2.775487061802864,-10.646679118317161,-4.308813959912334,280.47685584199354
174,18,5.775004479286255,-4.427592382194239,1.8064993137304617,-13.935408460322801,2.270772860712085,-5.286301964188251,2.7777663550865723,-11.092509643539005,-4.30832527174179,280.48336780348
174,19,5.773659845524336,-4.354477290283868,1.8138527992828362,-14.331766803427527,2.274016713028071,-5.329448896903848,2.7783594528800672,-11.27629801222053,-4.308162431274137,280.4812904574694
174,20,5.77417134339455,-4.159487384793587,1.800428602532839,-13.453070437015691,2.26886016044427,-5.605224788817087,2.7758958634327118,-9.96118906313791,-4.308010049569148,280.478131259755
174,21,5.77446829732679,-4.254591210450362,1.7624012826514779,-13.2989380153891,2.27402348576112,-5.611705850819873,2.7783043574762947,-10.464769537506143,-4.310105669163208,280.47798431680036
174,22,5.773869532866164,-4.364805940926088,1.7801377760580233,-13.893054324096964,2.2682973740099746,-5.522866287835938,2.7768608795074123,-11.119138356904758,-4.312216588145407,280.4787679851162
174,23,5.77282155728622,-4.042889937258783,1.7838213114570902,-13.551763269077963,2.2692281329456083,-5.628096480989429,2.7779928260152182,-10.282748753701526,-4.310592870787636,280.47608214099245
175,0,5.774013084484105,-4.207653110720236,1.7536432918924683,-13.548537874733315,2.2653638237153344,-5.4568205635042455,2.775385403194203,-10.408024616773362,-4.311794659497503,280.47781029394207
175,1,5.7737200484489986,-4.180321416266583,1.737793508086332,-13.126629955525031,2.2687912828966543,-5.489831793256759,2.776821145703748,-10.581962734635283,-4.309272980860988,280.478184268004
175,2,5.773189698068179,-4.173065978703052,1.8077644110582853,-13.289138116599842,2.2680158112306006,-5.970817729805736,2.7755033841095185,-10.376473413866188,-4.308000186107262,280.47889103207166
175,3,5.772840843656365,-4.006620556792767,1.7918656617685331,-13.851663914080452,2.272168617174036,-5.5490583559999,2.7779782431766384,-10.70329352550301,-4.308113820544925,280.47676991917047
175,4,5.77446744093806,-3.9844189937509498,1.7654864285821184,-14.275234415912923,2.272064212169746,-5.577292661676879,2.776968566435232,-11.040233044539457,-4.31229385331323,280.4745124181155
175,5,5.773948606232195,-4.251410497997044,1.7813653344459102,-14.44992971686527,2.268627450967373,-5.4071375445707766,2.7768929495995986,-10.956485089541367,-4.309772552161545,280.47785148343166
175,6,5.772586705026555,-4.163635150870109,1.7591742921617304,-14.071230039817447,2.268660632835482,-5.465900054314975,2.776712952117844,-10.378299365625375,-4.311109216657888,280.47848248850084
175,7,5.773563623881532,-4.477275981453639,1.7399921327423635,-13.733775618033947,2.2688053725350508,-5.411654225222874,2.7761814820605015,-11.333310152470725,-4.314160956662412,280.4839739240657
175,8,5.773174986833476,-4.3377804035327365,1.7763917808260403,-13.978325316587881,2.2635725981459323,-5.257577025451594,2.7745267541653993,-11.118098061755513,-4.313046830886756,280.48100002096214
175,9,5.771702980459914,-4.008258877229118,1.8034440366629136,-13.930552858607626,2.2691090796260083,-5.377853190344289,2.776234541339502,-10.13151388992275,-4.308570474265335,280.47991842139606
175,10,5.773904510651134,-4.052498863620089,1.76614885381436,-14.001721520919636,2.271804249930021,-5.89303696110824,2.7755513927567463,-10.188121780996095,-4.310369803966208,280.4757413155417
175,11,5.774278227688188,-4.050565409750999,1.8001948698873436,-14.436019230482023,2.270754714931824,-5.333461002302425,2.7779059727600974,-11.272772582454095,-4.31062624960668,280.4758304197535
175,12,5.774337511202328,-4.300544168827237,1.774769099795971,-13.997195766359102,2.2705115270454668,-5.592733873293268,2.7759537199177893,-10.515888911917912,-4.308723277568707,280.47841125452965
175,13,5.773625732384335,-4.056175799154087,1.7412275965167037,-13.752471325832603,2.271885786199638,-5.692212945009497,2.7752206645926742,-10.556290776762264,-4.307819950560316,280.47702970767926
175,14,5.774472434789096,-4.20408142723848,1.7842105010844893,-13.51246487998716,2.269529498358127,-5.480249082998535,2.774988663174785,-11.115430782325587,-4.309432525360005,280.4781578728754
175,15,5.773883573337245,-4.061943316730222,1.7668012647491276,-13.575910751904027,2.2663168077246034,-5.396614480484778,2.776707104876242,-10.75674948707176,-4.309321804747241,280.4775273766723
175,16,5.772952324510403,-4.125356070757677,1.7721100179294158,-13.232404501837767,2.269076787373198,-5.807140183451852,2.77623018542191,-9.97911142599767,-4.309308084281449,280.47678497890314
175,17,5.773118093161602,-3.9735562610690964,1.7783723603753219,-13.810194033911708,2.269889170807253,-5.785363554272428,2.778028370494466,-10.202904154277785,-4.309535852033982,280.47540333385325
175,18,5.774061993742086,-4.342131048679281,1.7599559739266566,-13.59649689992047,2.2719852288864115,-5.42060218457033,2.7771675626096104,-11.207707531735458,-4.313629557198383,280.4811330513077
175,19,5.773356312614173,-4.141934600625371,1.770134763144185,-13.707718767493686,2.2674248021436676,-5.3805583498711576,2.7774613290837804,-10.988400494228037,-4.309965226668723,280.47770153602517
175,20,5.773898008054511,-4.102853409166771,1.764382127564784,-13.678285300762715,2.268265543974707,-5.634035636275785,2.775984942788977,-10.401335093442274,-4.309509134627311,280.4758077029701
175,21,5.772683244250991,-4.164781677911875,1.827860852971404,-14.151626917077971,2.264897456704586,-5.4997967549525795,2.7780552885462133,-10.680990702684273,-4.31348099532575,280.4790488930777
176,0,5.772878392856674,-4.125681747142905,1.7579265611856296,-13.845047018821417,2.2706208439087088,-5.693823153852038,2.7777881891105913,-10.503876695429861,-4.312610409229853,280.47801100856327
176,1,5.77394710991924,-4.007690556573,1.7794851605526736,-14.123307210170719,2.274462516590747,-5.458137333723037,2.7773963070118852,-10.600878111679409,-4.310045473787568,280.47480430555856
176,2,5.774243935902238,-4.215127471362737,1.774370230430784,-13.961622597639357,2.268144291468906,-5.623922767325049,2.7758836899313346,-10.985335020495317,-4.311033547701888,280.4771281381548
176,3,5.773911762645568,-4.529956145723249,1.7705043705045616,-13.73828165571774,2.2701880885534127,-5.301036277419765,2.7773020986069907,-11.025062518604884,-4.311301787942905,280.4803382456878
176,4,5.773778081494476,-4.258692959766825,1.7416573656813834,-13.979628257248331,2.2727751491395782,-5.437588829820483,2.7763704376910945,-10.401556141801569,-4.3106360662867536,280.47953417530266
176,5,5.773263229965643,-4.150475610266569,1.803809723540193,-13.928104567855737,2.2685229455767177,-5.398368509128434,2.7779218542752666,-11.610902570559066,-4.308996933922379,280.47875113517676
176,6,5.77399262372195,-4.134538270158826,1.7546652842923056,-13.61472610748781,2.268265712586649,-5.421566837099801,2.775797424908817,-10.545776224370249,-4.309192492873384,280.47649304427597
176,7,5.773425302726964,-4.12709484224197,1.7930380668703518,-14.365372469072474,2.2681784188593546,-5.57837493815264,2.7767155094667064,-10.343753181730058,-4.310179927951038,280.476138096713
176,8,5.773920481199447,-4.226062314052765,1.7698875164600292,-13.42254660277841,2.2712583540976907,-5.49608066460351,2.778104662777298,-11.271875029953007,-4.310108624896996,280.4777299600015
176,9,5.773657030252089,-4.345210995782817,1.8111556602705938,-14.016596096127085,2.26974153310336,-5.567942987429799,2.7765984781874447,-10.989822625431056,-4.309952606005986,280.479613542111
176,10,5.774787737094913,-4.041736927740645,1.7598673292477096,-14.29475880955172,2.2758280578652963,-5.38177406984552,2.777965610848059,-10.890139656976741,-4.307359006186501,280.47652242267407
176,11,5.77381615029805,-4.003821564804498,1.7848586919662883,-14.097521426864601,2.2648649990694176,-5.368796014349566,2.7756238637046864,-10.83009296122437,-4.310800394669147,280.4753010237418
176,12,5.773834600455821,-4.0220685599817605,1.7564292374283774,-13.623803298765884,2.269226636366931,-5.769205738312514,2.77614829581633,-10.612411815274637,-4.308367379948517,280.4754259793683
176,13,5.772956228127847,-4.177534460353787,1.7910216522519766,-13.766848526637652,2.269072740565022,-5.647062495562454,2.776958089129613,-10.075719208938143,-4.3084792866238635,280.4780892035724
176,14,5.773978697624818,-4.249052188378596,1.766273682118271,-14.194581252195748,2.2714247429195593,-5.423136746778308,2.777298462854017,-11.355603826143325,-4.310126790392117,280.47745071994603
176,15,5.772003304882888,-3.9711978098152976,1.7753324718509718,-13.92841455614843,2.262731341256292,-5.536496662303755,2.774505643148931,-10.660786082656067,-4.3110075273697746,280.4773586845545
176,16,5.774566994361876,-4.053505649500379,1.7480837468696522,-13.446901481460841,2.273858822741504,-5.809752928471661,2.778648172714744,-10.171638347118227,-4.307551602696701,280.4788096135122
176,17,5.773737507244229,-4.127119816333984,1.8046028756887984,-13.952002524529302,2.2689812518148074,-5.573982075766944,2.777183804840276,-9.968346676881964,-4.3088258287637915,280.47749066862696
176,18,5.772371109435416,-4.127712236490017,1.7832481228027393,-13.370213198034461,2.26625567474203,-5.510480685874894,2.7768248179743305,-10.532232508876216,-4.310945918034917,280.47763828954976
177,0,5.774090891467302,-4.177054641198893,1.781652640035103,-14.272339865739532,2.2699009192072643,-5.241012983799083,2.7767501672901695,-11.221135868905835,-4.311261533215381,280.47658903955045
177,1,5.774021765570653,-4.167386899387853,1.7765692973674108,-14.153739398928156,2.271981276964333,-5.476164552842577,2.777247812730698,-10.28569710448246,-4.308144460133825,280.4771264172043
177,2,5.773455486761017,-4.2293545466764595,1.7732789219270677,-13.676051230864019,2.26726856336079,-5.658782788301505,2.775783686373816,-10.266316811194198,-4.310068832768072,280.4773805593369
177,3,5.774872232281928,-3.9761743696384615,1.7934791261896756,-14.051499201100443,2.2726092271055824,-5.509207897195388,2.776118493288481,-11.11244466731221,-4.307055762797316,280.47624122917074
177,4,5.7746435333344,-4.243061395909025,1.7481965044996404,-13.589552016375032,2.2719252663973943,-5.642767165790644,2.777280426493367,-10.257668958564565,-4.310113798277586,280.47776072462807
177,5,5.774464552307722,-3.990917019826142,1.758142995822325,-13.709887016596662,2.274211298280985,-5.830959434805605,2.7760210904724754,-10.415756558121743,-4.308419305055794,280.47459330779014
177,6,5.774101407294247,-4.231730265171359,1.7762751305903701,-14.050392411368106,2.270070498740757,-5.352887559297992,2.7758336891925683,-10.926585463587031,-4.308181213998566,280.47803319105424
177,7,5.773765205555561,-4.017341987003393,1.797531138734044,-14.720216717432468,2.267661384766511,-5.251100164872912,2.7754824932288416,-11.306544438404387,-4.3100668310023575,280.47517180639215
177,8,5.772575961559787,-3.968293797325272,1.7680696952848618,-13.386250633264165,2.2694207571581506,-5.697450963768274,2.776412789095176,-10.014336381298692,-4.307845295453169,280.476452586677
177,9,5.773706543347137,-4.04524871359788,1.795056860959136,-13.696832356466368,2.2714024428383928,-5.684440650894123,2.7770212868656134,-10.943013299018602,-4.307782129918696,280.47618663312403
177,10,5.774676714349428,-4.329053642798691,1.7852181332510533,-14.212443627922692,2.270259453813959,-5.252767470582741,2.775958747724831,-10.964860356431302,-4.311799092198126,280.47990334998843
177,11,5.774157733408653,-4.029579473373649,1.7579349701186615,-13.67415247221718,2.265437409516885,-5.765414024223576,2.774444404927497,-9.96191048504867,-4.310987584096747,280.47554803644283
177,12,5.773931871852877,-4.225101062294367,1.779768632696003,-14.065719245427099,2.2672995512333753,-5.379637994710091,2.7758337872845233,-11.026083688463615,-4.309737484701792,280.47764439614866
177,13,5.774012137307092,-4.127855066124418,1.7933998550889154,-14.145186331172635,2.268310865217861,-5.329292291946248,2.7759027168437034,-10.783686832829352,-4.3091218230307495,280.47674254009956
177,14,5.774698514490814,-3.9781637102512937,1.7306945893493206,-13.736755420592628,2.2697781800902472,-5.845731502306062,2.7758164651057675,-10.022251217008996,-4.3092783090873334,280.4752632345772
177,15,5.773872558409296,-4.1233947197526675,1.7850813358417594,-14.209186950613926,2.2707830049879405,-5.463429971329582,2.7773754038443785,-10.868395904676413,-4.309344216072605,280.47620936076896
177,16,5.7746965461221285,-4.1862524579118405,1.7698080745344202,-13.47100874046656,2.2716363172775567,-5.665769186843515,2.776356990143852,-10.665561920652268,-4.307738695683415,280.4777980060521
177,17,5.774281137922046,-4.054259395989945,1.7691378465004388,-13.979917027683822,2.2747069532278688,-5.474992749112542,2.778556771872556,-10.689609863648066,-4.308667168284471,280.47614607229497
177,18,5.773135311215662,-4.029397929913869,1.779962639460074,-14.256558628865104,2.2683248753434087,-5.6370467537735625,2.7763143063565803,-10.730169306577382,-4.312072709889581,280.4749964264299
177,19,5.7749180202203085,-4.10751257354519,1.7790322798529714,-14.143945199308023,2.2727655672293037,-5.485449737063773,2.775529148627759,-10.70032096007049,-4.309120394819298,280.4771341255721
177,20,5.773783491002662,-4.268863698417143,1.7841052382416902,-14.149936002075572,2.272892380821591,-5.361040893554341,2.7767890977018044,-11.236826911132065,-4.3101997637141585,280.4788397909369
177,21,5.7742170821420755,-4.19007603670714,1.7573330780128091,-14.055056430879695,2.27218203593557,-5.556867390206957,2.778055203950488,-10.776314840188636,-4.308475755235914,280.4782907843788
178,0,5.773976889662387,-4.146408124199623,1.765026942925592,-13.492435119312013,2.2706590639892634,-5.624022351067513,2.7778963177774707,-11.136639310620172,-4.31068575506112,280.4766145729152
178,1,5.773789008598198,-4.058840922051294,1.761136211558931,-13.815783155178297,2.2697952005153135,-5.820580168681985,2.7756847982881556,-10.376804390913103,-4.308682232427186,280.47529155861525
178,2,5.773633965788814,-4.001390996521837,1.7708350827422956,-14.089756797921604,2.2725031373149753,-5.459291508754892,2.7765194865420426,-10.304817491253544,-4.309560040128786,280.4745148575474
178,3,5.774549025142652,-4.0526623051264385,1.7720828004395082,-14.123071403944655,2.26729131688249,-5.5882564308629625,2.774301390529259,-10.514398847317004,-4.30922596811734,280.4763843126548
178,4,5.773843549934254,-4.12680597370048,1.7480458094152336,-14.260539732268546,2.270446108506889,-5.6387939659061095,2.77547155990286,-10.441307330453967,-4.309243048519794,280.47663452752454
178,5,5.7749467146216835,-4.140753692272166,1.7588030897569618,-13.921235126920333,2.2766944158743745,-5.437759605215882,2.7786643013947825,-11.080352111583235,-4.308412384501471,280.4779175197051
178,6,5.77374122714698,-4.190413929987858,1.7844089449626839,-14.190323435379051,2.265598950811991,-5.487426149497545,2.776347400341089,-10.902433066528891,-4.311788921030073,280.4771840317151
178,7,5.773546119357035,-4.104163017014516,1.780188862396673,-13.530443310922104,2.2711455894131283,-5.7262263197877665,2.776197935498018,-10.482372222722407,-4.308221220457961,280.4763438752978
178,8,5.774435825326699,-4.098390881685147,1.7800825513208984,-14.212353589955992,2.2719752552961365,-5.699941350651336,2.7755847520980885,-10.93876288792895,-4.308234715983327,280.47644211397903
178,9,5.774221918193974,-4.250474308555591,1.7945898784125152,-14.363278879804993,2.268804931898995,-5.309336098124463,2.7772691298898318,-11.035469940951208,-4.310125221076996,280.47833594217747
178,10,5.773667962426282,-4.3258871064208515,1.7896033369057076,-14.16407979073351,2.268625312512263,-5.346954811427327,2.7763588642235715,-11.248107151113343,-4.3091994655087325,280.4788122957477
178,11,5.773574862971048,-4.1348240140872266,1.7600411153771376,-14.064500292199657,2.269505011527705,-5.482587766155692,2.7764433733698883,-10.843351739137502,-4.3101017798557715,280.4761636134644
178,12,5.773812696020321,-4.166050385458981,1.7605998276543153,-13.684379801127617,2.2695929136006634,-5.676532837398667,2.7765201042461434,-10.20593803793108,-4.30883476053267,280.4767914414297
178,13,5.773770384082577,-3.9828352233465525,1.7903782175539722,-14.326519979216874,2.2700938571423466,-5.444699318507711,2.7753540597581443,-10.354760849161885,-4.307754806477355,280.4752374158413
178,14,5.7739343396722775,-4.03956611792217,1.7757754125617693,-13.63442418926613,2.270047796418633,-5.705368513117605,2.7749284332297566,-10.204590726707067,-4.309495779263534,280.4755047093024
178,15,5.77418695243451,-4.1666713484046385,1.793021656444827,-13.44938140457539,2.271022908692747,-5.761808159896345,2.7767954567793214,-10.45862544045219,-4.309179725185091,280.47673453273046
178,16,5.773928106890674,-4.0450016847710515,1.7714814972889872,-14.270375267271396,2.271210656882901,-5.643345646229882,2.7765265188530304,-10.747293254451643,-4.308691018146161,280.4749257134439
178,17,5.773925965254363,-4.141396666205154,1.7853905759187925,-14.476692038301355,2.271568379770147,-5.6101838993867075,2.7747421999780624,-10.468716256564639,-4.307671005348447,280.4788120548361
179,0,5.7742749135848,-4.121247734145567,1.788685615530608,-14.293738656943008,2.273221418515434,-5.50725683261277,2.7770558661554796,-10.482617579539738,-4.308463209602033,280.47648234538053
179,1,5.7733170769427735,-4.222298715495843,1.7567773437228105,-13.982558003362671,2.267416117839615,-5.490186327724132,2.7758277445488666,-10.16794737435633,-4.309541517965855,280.4778634489
179,2,5.772894348221277,-4.2792791544829125,1.752800163660256,-13.718712937094757,2.266155292200699,-5.258979194458746,2.7760072898776462,-10.973377883211143,-4.311306521883168,280.47937908615796
179,3,5.773553556949088,-4.086058657250372,1.7730730719868764,-13.927719644119929,2.2698143251995884,-5.636295094760766,2.7761422034050223,-10.437368689272931,-4.310099880408588,280.4753564883042
179,4,5.773582712881124,-3.973281140783958,1.7838466451276713,-13.950244200496362,2.269950008475101,-5.778074722237237,2.7766504519521433,-10.409747847267603,-4.310351076305292,280.4734261720933
179,5,5.774005019694648,-4.2466799835899485,1.7731731166298093,-13.866003716077191,2.270495193988401,-5.656612476764285,2.7764834689579874,-10.350480218538648,-4.309317185988469,280.47729090165586
179,6,5.7737082330034495,-4.095214844197772,1.763147914119095,-13.670783642890202,2.269726191344355,-5.898525717219038,2.7748289054820536,-9.94377559630814,-4.309014222234157,280.4764308802092
179,7,5.773702264296112,-4.137952689376334,1.7912013222543681,-13.817510193377592,2.2696074713673857,-5.677242046606803,2.7763541247010193,-10.327061809039872,-4.308999653832376,280.4764148450479
179,8,5.773558352576147,-4.05895038749659,1.7758359025504746,-14.007547259922507,2.270036423309658,-5.460969767175745,2.77495618127572,-10.631287451487571,-4.307712684253211,280.4767385525811
179,9,5.7741631582616515,-3.986679954100979,1.781617831416114,-14.011328567168807,2.270215051418692,-5.669776207695139,2.7752654021840693,-10.431894282333921,-4.308578773754811,280.4745122827793
179,10,5.77400442874147,-4.114913513002973,1.7658491824875635,-13.892352758014601,2.271682904698832,-5.664926001368919,2.776987762741802,-10.602193498068491,-4.308662566941868,280.4760438723483
179,11,5.774378300413916,-4.082116770953929,1.7440477951674782,-13.646400019047245,2.2701890055662735,-5.783434352099113,2.775419954530653,-10.157696020009752,-4.30840274522919,280.4759915492065
179,12,5.773807021978394,-4.114022665211102,1.7736728216543987,-13.939489662395085,2.2721084336416606,-5.574198752292193,2.7767198554914243,-10.403301100554764,-4.309390694335694,280.475808213571
179,13,5.773031280769242,-4.08272601902071,1.7673326763829413,-13.588362350537063,2.2625286058356564,-5.76347661155297,2.7745008850530763,-10.43081997532447,-4.311835422525394,280.47704806341716
179,14,5.7740562037924015,-4.119021546937996,1.7793894518126034,-13.830312315878226,2.270849409304443,-5.530130574375561,2.776908879019159,-10.487515171496357,-4.308374184091447,280.4764690957015
179,15,5.7745593096805505,-3.9959708499016067,1.7671408444372416,-14.209067427723863,2.271876522440139,-5.475483113631772,2.775455041314722,-10.790656766161213,-4.308301871892615,280.47476972652294
179,16,5.77430927287124,-4.114817744209526,1.7511991421073314,-14.059942169618258,2.274624624065089,-5.529481759421724,2.7772179612203294,-10.592614444507944,-4.307750423291707,280.4766911443629
180,0,5.773891337061607,-4.085156998233596,1.7655691426042734,-14.068554278371312,2.267741756582809,-5.461877107243018,2.7765935531447363,-11.107331259073085,-4.311101006756644,280.4755839306615
180,1,5.774369371699964,-4.079989851044467,1.7639902976245907,-13.72553673948099,2.2726419405511202,-5.810568142034812,2.7767182463171642,-10.53756324129664,-4.308842582746567,280.47527979939986
180,2,5.773890090671639,-4.03083469364517,1.7883098880806003,-14.153101349653353,2.269656240310689,-5.592681432175915,2.7765375882708168,-10.569415753166151,-4.310283300313974,280.4744231367144
180,3,5.774240313935088,-4.102664872230938,1.7563627670465134,-14.010137406774497,2.2694342498866913,-5.62808666377738,2.774938138335902,-10.439066689976828,-4.307595282169746,280.4768569593102
180,4,5.773676932902591,-3.9968018299229873,1.7942201808684242,-14.159386303664427,2.2727461395418587,-5.695116633671322,2.7761478621796893,-10.163321877626982,-4.308660180422001,280.4752007079992
180,5,5.773613819942185,-4.017462551889888,1.7762552268631766,-13.749494047252371,2.269758376063832,-5.5765150034821485,2.7758823941978243,-10.450170042400275,-4.308901612827668,280.47467847130486
180,6,5.774119089225265,-4.059504211991654,1.7720989578347501,-14.136010240754551,2.272499866981034,-5.426613486474553,2.7774084287610803,-10.696855934729793,-4.309434993244393,280.4751075421108
180,7,5.7741822331901735,-4.140707848732151,1.7686722554551866,-13.637019186409134,2.273387799396956,-5.807410944349446,2.7769821480220447,-10.10354714226096,-4.307238390853793,280.47708404698955
180,8,5.773318981560887,-4.013329727793011,1.7724404597282073,-13.925290414598857,2.2709683153114297,-5.609448945843674,2.7770479272794217,-11.053409014253738,-4.311333999735012,280.4747504141935
180,9,5.774296337517563,-4.056459179589583,1.7721925468975597,-13.690962663612865,2.2744034424074164,-5.77519355174573,2.776944609699284,-9.957814368893116,-4.307191728702139,280.4758649669641
180,10,5.773835839651968,-4.155605244500635,1.7917110055992926,-14.016180310788169,2.2686574835123348,-5.712099928753335,2.775912662010542,-10.49537111534142,-4.310659063951745,280.476368884251
180,11,5.773926949200714,-4.0850825338464345,1.779108217005391,-14.166457316929158,2.272370727702603,-5.6385266804752225,2.77709983293737,-10.273946254341592,-4.308652425406102,280.47558685378124
180,12,5.77390456013657,-4.1035632717906285,1.7576522149969405,-13.924550529171544,2.272702360852646,-5.7210483843848285,2.777088565460417,-10.688531243966493,-4.309531108053349,280.4757376655525
180,13,5.773343084073939,-4.002026098748935,1.7863863706624488,-13.8855061428969,2.270244023383119,-5.642852986151875,2.7756026129708373,-10.182132261550883,-4.308378055966783,280.47518199675835
180,14,5.7743734987875355,-4.144231211780531,1.7808329981748123,-14.261965969067385,2.273694929880817,-5.664605123613348,2.777555801493343,-10.596755110295122,-4.3097190834323404,280.4762671182564
180,15,5.773898051009697,-4.15057951046213,1.7532056077684757,-13.883183708659137,2.2729600856888577,-5.4860772926883685,2.7764825384340566,-10.351184143221756,-4.308734477968138,280.4768842215508
180,16,5.773407548946463,-4.128803535540935,1.7763755256422087,-13.934690963074553,2.270152605641523,-5.760617281740547,2.7767021800692566,-10.17802771421556,-4.311377849584646,280.4760004455875
180,17,5.773918693046114,-4.126906193152873,1.7628320733510852,-13.66310109922199,2.2701200266787427,-5.654385124188704,2.7767823705915218,-10.675535127068363,-4.309201432845361,280.4761462131219
180,18,5.773126747680918,-4.028951116567193,1.779990446311384,-13.736461701414926,2.269431513549704,-5.708784930214443,2.775281883045154,-10.153489177265984,-4.308149469172024,280.47610607059977
180,19,5.773767224513443,-4.173393130272687,1.7525034215268458,-14.328128221420831,2.2694987201911663,-5.541943706009714,2.776136434994983,-10.722902838052864,-4.310888127734311,280.476782476592
180,20,5.774072807662792,-4.096827319355888,1.7725597688766788,-14.051273567290425,2.2742714846016057,-5.669736121705524,2.7763494231605237,-10.52210266804346,-4.307375057481153,280.4767892953365
180,21,5.774153118441516,-4.086753509308177,1.7742197235673536,-14.02692365508616,2.2708462038432606,-5.571506472601672,2.776026460354871,-10.49938841603754,-4.307539821514563,280.47635530190246
180,22,5.773969493167833,-4.05171283153991,1.773591431825846,-13.98307124870432,2.268793079905688,-5.727048386047368,2.7747212468568385,-10.268800503970686,-4.308599321171117,280.47573926091815
180,23,5.773902359445266,-4.056751298207438,1.7661528724357622,-13.85889423235585,2.272435584858818,-5.756089463308639,2.777092154695038,-10.504671147091583,-4.308756243304066,280.4751870035092
180,24,5.773728001207117,-4.227629527185931,1.7634309951376859,-13.830771893284679,2.270985734052441,-5.661841249127214,2.7764725276211557,-10.496727894879323,-4.309325487568789,280.4772824202065
181,0,5.773522918116882,-3.9947935412089493,1.7832381262103012,-13.73026060910922,2.2684369987859174,-5.595187228643292,2.7756118581557505,-10.690351919164211,-4.310231640520917,280.4742137361292
181,1,5.773833142972946,-4.039128065635625,1.7857860922792788,-13.983709972054658,2.2715705340616923,-5.645727602977447,2.7763936513914147,-10.655945847816923,-4.309620432438379,280.4747928963648
181,2,5.773200582668219,-4.013293277975816,1.7889636982664474,-14.007754327612263,2.2700532549379386,-5.521724906662251,2.776638180910833,-10.639977914873514,-4.309604777832936,280.4747792879201
181,3,5.773893165196738,-4.027860803290993,1.7660130472864863,-14.117388502714864,2.2714665458963568,-5.658577194484919,2.77620081862304,-10.09811940430564,-4.309014932136708,280.47461974588424
181,4,5.774326684455105,-4.031059789635581,1.7558493112201823,-14.01822388579496,2.272474989248222,-5.6796160295299085,2.7757359151730725,-10.673403723524117,-4.308749943538149,280.47499973712127
181,5,5.7735785510146105,-4.045457490252973,1.7902501299643312,-14.08341740976233,2.270019210033563,-5.696895638665571,2.7769699859977592,-10.686134959436977,-4.309686878765835,280.47486844127116
181,6,5.773426677377775,-4.0722740907323836,1.7666954756962836,-13.577525585930418,2.2728636353104954,-5.743645554155763,2.7769003264373606,-10.554974042937468,-4.308031642450687,280.47630624073366
181,7,5.7738185912154,-4.057473695699793,1.7929054223674081,-14.078956394700008,2.2718398089323215,-5.5885622331533416,2.7767840361665455,-10.341193165055827,-4.3095939775130585,280.47514256329384
181,8,5.774174975802061,-3.9959125437708014,1.772532082824186,-14.14545893233866,2.2726248729087253,-5.574988170003495,2.7767607481449526,-10.957260471256191,-4.309359461303449,280.4740225703264
181,9,5.773895529078379,-4.052814253077656,1.7784354654983845,-13.909025366075083,2.2706464152231605,-5.703417618067523,2.776871012648531,-10.575832665364901,-4.310896066376432,280.4745696485468
181,10,5.773378561509126,-4.004519976867831,1.778241651768049,-14.135125390646731,2.270670886338542,-5.589427647892157,2.776658884465262,-10.61257888504883,-4.309661866187765,280.4743890814827
181,11,5.774209210886525,-4.032847226459749,1.766609212460168,-14.00481010212505,2.271541802955234,-5.661927854993554,2.7761391238706774,-10.433773649345278,-4.309851345179509,280.4744206837762
181,12,5.773539847177274,-4.00932050576598,1.7797583440672753,-14.041127242436389,2.2699175158289204,-5.572099276134145,2.776079860621089,-10.598682910578088,-4.309082021212492,280.47455308238955
181,13,5.773090448096339,-4.0825061482286396,1.768326470214986,-14.180380410070176,2.2673612585442395,-5.5641624492020645,2.777392247637127,-10.942829322661405,-4.311853437199924,280.47635017486334
181,14,5.773973498722962,-4.01118282683835,1.7590202586150174,-13.804146403810496,2.272784641595353,-5.691483431996816,2.7766972547592754,-10.564997503529733,-4.30843838419214,280.4746126336355
181,15,5.774514015833311,-4.00292054538633,1.7694549906882637,-14.533875245287287,2.2732554328997683,-5.51419740597068,2.775754608733575,-10.839252282675698,-4.308266126447861,280.4749782797348
181,16,5.773656405981445,-4.071991449225953,1.7768582705585232,-14.2465157030795,2.2691726695349996,-5.2023786324701895,2.777194715126662,-11.174844485654964,-4.310669542344951,280.47533654755534
181,17,5.773974040441183,-4.057448954282629,1.774525285126411,-14.149798699713081,2.2730314734422032,-5.529608361513071,2.7771622348789533,-10.542491472109909,-4.308788758691259,280.47518513123055
181,18,5.773364119425415,-3.9924898560793807,1.7889351584702609,-14.02667172791232,2.2719314856562507,-5.713196723662818,2.7773783418598335,-10.409375372542618,-4.310275968840058,280.47423300368234
181,19,5.773589263080833,-4.06833262157125,1.773319638717453,-13.82807686766763,2.2675901677619508,-5.705007296384659,2.7756992968883085,-10.674532334674561,-4.311299596079071,280.47516024657205
181,20,5.774069161302094,-4.044942569462736,1.7611688019515812,-14.061349641103698,2.2714961106158507,-5.692834130040053,2.777202277503279,-10.814874849034942,-4.311529820242839,280.47486646165316
181,21,5.7737769780371355,-4.125233217025818,1.7838121789863182,-13.865642784786363,2.2717204400715056,-5.408684060029987,2.7775417267512017,-11.046289962096315,-4.3087794444690095,280.476532878137
181,22,5.7736532372625105,-3.9842974652562817,1.7761639501574997,-14.257534367115042,2.2693180005915923,-5.611840466474612,2.776264340112606,-10.789188445205832,-4.310396926000304,280.4737044491028
181,23,5.7735055836237406,-4.014040694578136,1.787259000444069,-13.675961048323583,2.268877719040142,-5.6640186982257035,2.77612122158013,-10.260270208206034,-4.310085249085106,280.474303997598
181,24,5.774019180856235,-4.019322486806863,1.7671570996545614,-13.985568636955584,2.271033302955305,-5.552065094204938,2.776338330190381,-10.787947465127175,-4.309422587972034,280.47434528781855
181,25,5.773791327676903,-4.1046957610755195,1.7608841302217468,-13.708178248069531,2.269419545422342,-5.692176898700406,2.7770355211043256,-10.811289377262744,-4.310878632658428,280.47570945811157
181,26,5.774015123510284,-4.0042714761743,1.790249236712389,-14.042072055669397,2.2720065861955083,-5.668976077359154,2.7765658941759614,-10.501268820850816,-4.309960368339072,280.4742321476641
181,27,5.773658650172927,-4.0987492354575,1.7558548935930354,-13.61066504202044,2.2743579023010554,-5.7584143684778395,2.777194878996029,-10.540204455585352,-4.308177966146407,280.4767620684869
182,0,5.773834731173865,-4.111485770667522,1.7878326505779103,-13.896250961943544,2.267191231436459,-5.541373991639327,2.7756395852870805,-10.966715054702883,-4.310592930945206,280.4759700535016
182,1,5.774587590724753,-4.0366117639362376,1.7706092384470549,-13.94531480167223,2.272143617338072,-5.7426318747692005,2.776618947762502,-10.628293061056906,-4.309861122250491,280.4746373293102
182,2,5.773786465194408,-4.013568348252615,1.7748673278535043,-13.997489675393075,2.2691606407517337,-5.65981959911339,2.775719365602621,-10.141260457079147,-4.30892422501837,280.4745187313277
182,3,5.774353093379641,-4.05306647181476,1.7678193239235986,-14.128497642292363,2.2738075604819437,-5.641471427074567,2.7769539866711277,-10.766175339282618,-4.309058384389194,280.47501178910477
182,4,5.773642567235001,-3.9876937628163107,1.7887541541528449,-14.142175483925456,2.2711991471949062,-5.56899887842923,2.7769891781955836,-10.84870839500026,-4.309114733543449,280.4742471765136
182,5,5.7737124388328285,-3.979416415309686,1.77347740054315,-13.903660876137005,2.2711019151884106,-5.679941578655884,2.776216065953695,-10.533888455000238,-4.309256655370689,280.47383940919235
182,6,5.7737770190893976,-4.003830187201485,1.7873283807942124,-13.848013565708179,2.2682837174865824,-5.618293787270232,2.775893571945089,-10.813476491662781,-4.310329438266869,280.47420557792066
182,7,5.773982599207874,-4.0446430392935095,1.7857491028134456,-14.146168351327479,2.2711289888865216,-5.585507655662468,2.776085016254974,-10.54600795376147,-4.309812754925335,280.47489791115885
182,8,5.773782776096151,-4.063862270898763,1.7792996999297277,-13.76961494665728,2.26805478863312,-5.691881325662898,2.7751563021068644,-10.562818340083329,-4.310137214575003,280.47533347820155
182,9,5.773788680337401,-4.027988459143149,1.7891177576000787,-13.9356577519624,2.2708059497409563,-5.463067871276029,2.776812037974195,-11.034999114184398,-4.309510938973625,280.47463748257235
182,10,5.773799401512216,-4.023494177945358,1.7854853436455262,-14.151719290342841,2.2698701543491877,-5.626889526094109,2.7754059669353244,-10.681522195424884,-4.311226742656029,280.47535395128745
182,11,5.772875065342252,-4.079429711513235,1.7927940056721448,-14.142887079661794,2.266650344465787,-5.539180069621459,2.7768736725550602,-11.201841208876214,-4.312438502567918,280.47600223158634
182,12,5.773785213992085,-4.0672720942530525,1.7815186488193226,-14.04008647109268,2.2695689396435346,-5.5631717480221825,2.7763888788176474,-10.479409917779579,-4.309663958388234,280.47505016898754
182,13,5.773877099545747,-4.014145161495918,1.784210684036791,-14.141384756093235,2.271612104853958,-5.530427422685801,2.7764985817138585,-10.581370060160094,-4.309355900015726,280.474431336352
182,14,5.77377471925251,-4.084112134301053,1.7806229856650642,-13.911983625462502,2.268234508409399,-5.687528877168331,2.7753700319971037,-10.567844565751692,-4.310191737747362,280.47550673493083
182,15,5.773227851512564,-3.978433191953528,1.7769884149684914,-14.011455367272015,2.2716969375405003,-5.628064359034061,2.7778483951687245,-10.754891023286751,-4.310202584204227,280.47438122484857
182,16,5.774068820845171,-4.008254406017344,1.7882301024994487,-14.282471799890459,2.2717229401328813,-5.532029147797441,2.775862671907023,-10.694263783364676,-4.308783228125391,280.4749111587751
182,17,5.774124753653327,-4.01362363652243,1.7949957393884028,-14.18174015832188,2.27053830802143,-5.602131933570582,2.7766697004464267,-10.79703368712345,-4.310547355138613,280.474362039842
182,18,5.77360512972527,-4.011294386326042,1.7904503303343584,-14.031780582121051,2.2692204173085115,-5.544558388293358,2.7772795321977566,-10.871420974910535,-4.311672258501867,280.4742556191359
182,19,5.773586666429787,-4.0298671128365555,1.777175261609297,-14.151491165798655,2.2693468708711664,-5.5087708542771505,2.7772244773508534,-10.981265048249114,-4.3095416635077495,280.4752164069369
182,20,5.773210295782631,-4.004344163741834,1.7650381682961673,-13.932779485974043,2.269666827582617,-5.50950345431799,2.776104350297624,-10.818810899830956,-4.30986024053167,280.4748522965842
182,21,5.774126365782269,-4.008594048246583,1.7803837318605003,-14.199153129918283,2.2706016587052913,-5.624371932022659,2.7760919685970586,-10.92499655917727,-4.309844049900933,280.4741656128663
183,0,5.773571792263662,-4.068118360977642,1.7822235442844878,-14.007184088204676,2.270135956847794,-5.611710769859012,2.776334914023449,-10.577404190302692,-4.309685218439258,280.47507653177496
183,1,5.773840821540163,-4.024632793151626,1.7915686749905175,-13.942387739688787,2.2700707353351226,-5.67401643035368,2.776417388337307,-10.750053872918718,-4.310231262268252,280.4744067941733
183,2,5.77403171568823,-4.031122370847732,1.7808914695043656,-14.292403602936924,2.271891262974137,-5.6496632210511954,2.7761268669930352,-10.66989501341817,-4.309593432177422,280.4747910751738
183,3,5.773958756564341,-4.0216396865424695,1.7730932871955045,-13.890767239952261,2.2734963763169262,-5.6509835387637075,2.7767255535851527,-10.550469715902318,-4.308897053654163,280.47470028772466
183,4,5.7735431289119745,-3.982976706950867,1.7930569861637702,-14.412586980002981,2.27041725838985,-5.559491291580623,2.776774219639314,-11.045569653677443,-4.310264399597398,280.4738759080878
183,5,5.773958890840411,-3.9864625914483978,1.795943690158419,-14.228961880074744,2.2702705792547615,-5.615407212183367,2.7771217425361394,-10.846359369082537,-4.309789590753196,280.47430968530523
183,6,5.773867545452583,-3.9709668793458754,1.7864853869216344,-13.767015885631366,2.2699439385325038,-5.653352064494923,2.776334429660216,-10.805029176616186,-4.31007353343042,280.47347850020066
183,7,5.773415479401386,-4.007551061453661,1.7864369832591276,-13.882434194849749,2.2651151742207003,-5.7046327852905145,2.775079219211757,-10.24629574429606,-4.311604642120665,280.47478033263286
183,8,5.773777224722019,-4.043276443861796,1.7774471585363962,-13.899841814490669,2.2686774910385585,-5.692273929560413,2.776377596202623,-10.560765733959396,-4.310209747413708,280.47462737982244
183,9,5.7731356397015565,-4.049103693124148,1.7661629842524675,-13.977117705979174,2.269752391009386,-5.516001665321977,2.776936413509085,-11.068169104486007,-4.311412320637337,280.47553429450676
183,10,5.77376441016941,-4.048739108152836,1.7717204455908682,-13.796548884254786,2.2691842568378338,-5.776323331387046,2.7758510639753795,-10.338359371913945,-4.309222876052055,280.47487328157194
183,11,5.773518059385155,-4.037949154559772,1.7900250675532672,-13.883261370374079,2.2690934693746043,-5.622025624120588,2.77726048170553,-10.98017340772673,-4.311436876278715,280.47464504294857
183,12,5.773709918222463,-4.037819242706857,1.7788970049979196,-14.005198605310612,2.2710202115130524,-5.514248558827659,2.777607963392097,-10.924221517749402,-4.309615692053236,280.47507103301166
183,13,5.77403479951593,-4.046783210456938,1.770447169764126,-14.137796562863684,2.2703688491745186,-5.452316662188576,2.777631043400359,-11.043856433634502,-4.310100043939776,280.47539045654753
183,14,5.7737341082795774,-4.012994140962983,1.769337510099547,-13.736682018682092,2.2700284469904797,-5.658280403905746,2.776451785619939,-10.536658775309395,-4.308985252760692,280.4745785853647
183,15,5.774087792649906,-4.077077804095887,1.8030130716712858,-14.180499598145639,2.2721012059327057,-5.681081062931694,2.7771599231576656,-10.546401789035752,-4.309815327764525,280.47568763340485
183,16,5.7735564898476595,-3.998783324372535,1.7918841783575927,-14.258491037125626,2.27106454561556,-5.479688932023453,2.7767420070947075,-10.853232491684917,-4.31008837439841,280.4742805444233
183,17,5.773683933527547,-4.042916077444988,1.7853102958412825,-13.978729276533791,2.268195979633618,-5.756525571113633,2.7756104873872354,-10.662509468570684,-4.3095311587103495,280.47500934522725
183,18,5.773654857540912,-4.026534641267161,1.7862182402011564,-13.680349963569496,2.2693857180258528,-5.673436453187784,2.7758515745196397,-10.254237160221473,-4.308872466019372,280.47484746383543
183,19,5.7740605795457265,-4.06826929548752,1.7591158884117355,-14.11014223962279,2.27206733720175,-5.498954149901242,2.7771647261701875,-10.896717608430398,-4.310391876957222,280.4751141955969
183,20,5.773749706603947,-4.086858607071483,1.817019983894895,-13.944922335885286,2.2693613074012973,-5.613037639550296,2.7766554110333885,-10.493456249856825,-4.309290194035905,280.4767545020113
183,21,5.773852760731771,-4.054157973186013,1.7796868814355897,-14.063176700411843,2.269118204334173,-5.721103613704561,2.775448620682582,-10.67885836980277,-4.310555223848882,280.47510162856884
183,22,5.7735460662742515,-3.977089074140783,1.7845887304126808,-13.857125190283456,2.2695230248623677,-5.566373540869707,2.776169174733461,-10.991717327449685,-4.309858590198713,280.4737830081953
183,23,5.773834430962275,-3.9943726196304628,1.7735329010170946,-13.840420076829142,2.269547090498411,-5.684830159067003,2.7757244673445767,-10.454759644848295,-4.309933446335053,280.47396160617757
183,24,5.77384218529735,-4.001430496017031,1.768779850154877,-13.734362985047701,2.2680781605468994,-5.8594026060172775,2.774682252928233,-10.035994040860315,-4.309867816010268,280.47461930049917
184,0,5.773605840477295,-3.974064550692278,1.7748698529576534,-13.938840193709236,2.2667812448637337,-5.585874099047822,2.775125349872926,-11.102675929029177,-4.310391005139009,280.4740325157617
184,1,5.774142062149215,-4.023944425937471,1.7631816351373155,-13.958029157990742,2.270367224958257,-5.6035070195217624,2.7766573413610867,-11.02174764939302,-4.309815605158325,280.47449875652865
184,2,5.773139552506639,-4.056348519399537,1.794366331368682,-13.876354954869656,2.269707394214119,-5.53610802998492,2.7773114878925593,-10.906205515875326,-4.310037418742233,280.4755111004933
184,3,5.773574607794237,-4.013208561469807,1.769079895468694,-13.857862584229894,2.2696085620233095,-5.618637298195216,2.77671761870376,-10.592977985295416,-4.31050121311654,280.4742074798031
184,4,5.773768975888576,-4.04917124308234,1.7714039330539826,-13.902990836269208,2.2691914316326294,-5.589529017763352,2.7765136304302915,-10.783568261361925,-4.310363286609659,280.47468052490075
184,5,5.773782503621961,-4.100985519072416,1.7734750754203576,-13.707905367322967,2.26870808641782,-5.686841152510127,2.775889198458111,-10.59247086429423,-4.31052104904935,280.4754410692289
184,6,5.773521182583757,-4.050882197039871,1.7778219100960027,-13.983438001938538,2.2697508882955293,-5.686778644410499,2.775647632600378,-10.366362046771847,-4.308971482200588,280.4753035646728
184,7,5.773502724980313,-3.9986910210291997,1.7837662640181782,-14.040759010100675,2.26826337312632,-5.61622581267643,2.7772823345702173,-10.828712964122237,-4.312365304463398,280.47429571591147
184,8,5.77363857015624,-3.979069705844528,1.7984775200555847,-14.183980402204863,2.270262574629279,-5.490895061586398,2.776678817858419,-10.966266035348626,-4.309769654302979,280.47403664303295
184,9,5.773753984996203,-3.99099825650875,1.7813340105414741,-14.014141870270796,2.2689468524106955,-5.6520323072891205,2.775449638081462,-10.79183032919185,-4.309763391618632,280.47419089511806
184,10,5.774173997431665,-4.004518471493763,1.7809042681444314,-14.251876452870611,2.2724260386340895,-5.651008398379614,2.776395619709882,-10.667529153461244,-4.309459859634158,280.4742046666492
184,11,5.773665414405766,-4.005657115217184,1.7807638770440526,-14.086346501015392,2.2699819278693822,-5.683864785020515,2.7765809382428683,-10.599157344334335,-4.310424206523822,280.4739221826095
184,12,5.77363078503908,-4.064092413203973,1.791191752782153,-14.13151398188903,2.2694550734229244,-5.562324198185023,2.776760925823754,-10.673951695289892,-4.310930127174833,280.47493532717584
184,13,5.773676901533323,-4.010834801819869,1.7879307880481883,-14.031327247740126,2.269557983349149,-5.480273196604347,2.7760998588885935,-11.17382981204521,-4.310566095521337,280.4743463524896
184,14,5.773066719264691,-4.025790449207915,1.7865152569672313,-13.824179472077198,2.268456571859637,-5.620027759757531,2.7765722619239437,-10.831998989909925,-4.310552138781378,280.4747960412996
184,15,5.774289363987608,-3.9716904134673237,1.7806380779807214,-13.770458672232957,2.2718500160652004,-5.701222931083377,2.7770037515671997,-10.724953522295893,-4.308315549376608,280.47444266305286
185,0,5.773872172531396,-4.002860220180937,1.7883950940871831,-14.033484568337903,2.2692245953840193,-5.695318792575495,2.776000991963617,-10.512574787689243,-4.310424104167605,280.4740592890131
185,1,5.7736895512507855,-4.0068850348821945,1.7733647663482945,-14.229046240055155,2.269028038252759,-5.546248590382037,2.775742717499831,-10.613662042732546,-4.310268478822438,280.47422103216667
185,2,5.774506073957561,-4.057714700968276,1.775212898530119,-14.190209386797802,2.2702836486890634,-5.655109545488602,2.776011791186831,-10.869670456088613,-4.309809561180586,280.4750488437195
185,3,5.773574536109257,-4.083380213287041,1.7893085249219434,-13.862826759534281,2.2697087311545103,-5.5217114089648724,2.7761675394461482,-10.761132482143147,-4.308918642232143,280.4758275996458
185,4,5.77357943779318,-3.9846263139905242,1.7915520077116232,-14.033319518010721,2.2705571908924167,-5.5654788262660295,2.777317157101187,-11.115102310177859,-4.310233417650404,280.47404634742054
185,5,5.773364009355856,-3.993620504968774,1.7867426815514453,-14.233479267879911,2.26859049936384,-5.540194150332591,2.7766177618490846,-11.061456644173072,-4.3104848064548005,280.474062042568
185,6,5.773813471907367,-3.9730583912890354,1.7906022907484858,-14.274591609592242,2.2691259638527432,-5.469202768734424,2.7767789404055447,-11.1754817668411,-4.310554048083254,280.4737324508393
185,7,5.773830913064335,-4.012410235973997,1.76626066963004,-13.462420939277623,2.268597041036408,-5.833794965904678,2.7760996725411995,-10.601793522716127,-4.310877926736705,280.47411852746325
185,8,5.773755443308217,-4.061817961714818,1.779115138301907,-14.063162165314482,2.270352929355044,-5.487054506201921,2.7769105042720232,-10.997429006675976,-4.3105306657390345,280.474885806435
185,9,5.773065788500153,-4.080348301001845,1.7835177832875848,-14.129662912448826,2.266699761505431,-5.493895717852997,2.7759566255826615,-10.662398293590725,-4.31159529626068,280.4757408564666
185,10,5.773353268347715,-4.015110446765319,1.7921377997277277,-14.002578330368506,2.2681853727794175,-5.692417395271147,2.7763878884341224,-10.629943999732035,-4.310692254163305,280.47436611326367
185,11,5.773559367150201,-4.020808773805262,1.7800631113701872,-13.845384773880525,2.2686857642099896,-5.663096289054097,2.776552813543779,-11.013740038485137,-4.310623388363119,280.4742700096756
185,12,5.774178202206396,-3.9925573234800877,1.7697746462391504,-13.88194881817224,2.271183394259677,-5.778827218070912,2.7765868532337725,-10.750618667586206,-4.3097404474024765,280.47378476541803
185,13,5.773879709637876,-4.0805303459485325,1.7770217794998981,-14.168049057482783,2.270187299144192,-5.499213830226946,2.776254160813546,-10.69174640678719,-4.309596902046258,280.47523650172826
185,14,5.773191623496266,-4.012336349492169,1.7976902456012926,-13.96541717881496,2.2657160626059345,-5.537080621194859,2.7763057873263897,-10.811733999606805,-4.311527496041645,280.47481700762694
185,15,5.773946832307012,-4.037672820966033,1.7794473441880487,-14.109034935159855,2.271025466093698,-5.606720775078851,2.776589385701586,-10.440430538504888,-4.3098408271447175,280.4744627334827
185,16,5.773641581831841,-4.019202500946774,1.7715036687481782,-13.774555235679466,2.270091471527811,-5.601880320615151,2.776895485824668,-10.935741694123118,-4.310107148139259,280.47434307982326
185,17,5.773800737773661,-4.006613582346266,1.797092359161532,-14.17123421088049,2.269135629139268,-5.584666199324237,2.7759010688060606,-10.641106861362138,-4.310129151625685,280.47447030471767
185,18,5.774320977780223,-3.9728127630773833,1.7778359834993964,-14.158554669918885,2.2697890195158195,-5.592608179858533,2.7761435466714808,-10.933862137305557,-4.30976787828974,280.4737714630465
185,19,5.7735600591080285,-4.026077912017032,1.7929227749636993,-14.059893395722343,2.271069553215921,-5.476145334213797,2.777130149153946,-10.975636432001648,-4.309748552437651,280.4747121460988
185,20,5.774338998254588,-4.000901965208306,1.769861739640788,-14.185845958410129,2.2700623747829543,-5.672740120246783,2.7758334560227236,-10.596540274619183,-4.310304959642028,280.4740377493273
185,21,5.773724485448904,-4.013584337928549,1.7697324113397666,-13.941428189814065,2.2685130905328803,-5.668243724748753,2.775668065216228,-10.892577777029468,-4.310754154773721,280.47431782544095
185,22,5.774146843263737,-3.9868610567065854,1.7735900325770484,-14.022951261738969,2.270581641137327,-5.732024779465889,2.7758860351854673,-10.586816826606187,-4.309392064221346,280.4738559716119
185,23,5.773935506503491,-3.991605772660337,1.769584518383569,-13.741697839981759,2.269027269954295,-5.766658501065803,2.775605423662647,-10.603773797826294,-4.310926013337318,280.47392047927957
185,24,5.774287261888281,-4.013834097353062,1.7717767560131312,-13.945196522815618,2.269579098653759,-5.675511670862169,2.7759095403772513,-10.686526178646606,-4.30971972919755,280.4743336120532
185,25,5.773821228788623,-3.9754977665363724,1.7763180891976835,-14.200243348066621,2.2674782230808046,-5.508777028925862,2.7756783411323425,-11.12166190205599,-4.3106976954811795,280.4738468705817
186,0,5.773740886144953,-4.0352562088566515,1.790785470245935,-14.339021837092487,2.269556356608601,-5.4282201072010565,2.776656419050921,-11.410270428574066,-4.309854341478593,280.4747632971504
186,1,5.774048646663245,-3.9772224592130323,1.7803638274632514,-14.149034527610864,2.2700909875035253,-5.6608259998095996,2.7758506633734474,-10.87600477389433,-4.3101613062571875,280.47372262455315
186,2,5.774703423222735,-4.033687186378317,1.768028357154258,-14.264353841997298,2.2695384736837165,-5.6396281160000985,2.7765345434169117,-10.814082900497064,-4.310151588157631,280.47535905859365
186,3,5.773759792354595,-4.043559217790014,1.7683476628024404,-13.743511210161385,2.268361969744019,-5.610863970785545,2.7763036228387086,-10.599466622199744,-4.310242971677609,280.4747558792544
186,4,5.773369507308238,-4.032439473425966,1.7886039658954385,-13.815243951254157,2.2655052270587452,-5.633310577136021,2.7760171906593762,-10.813848195021244,-4.310633935120473,280.47532039791804
186,5,5.773789118546446,-4.005185469667789,1.7807395142292717,-14.310040547427349,2.271478310428607,-5.567040654172228,2.7767945064312234,-10.966216891451943,-4.3102411084996035,280.474036784949
186,6,5.773687441811415,-4.033539170959095,1.7867413080768617,-14.077878842286568,2.2719185953219143,-5.632439573166423,2.777590831589485,-10.713361581139125,-4.309809384439656,280.47468149335214
186,7,5.774016169984506,-3.9986906445178545,1.7640826259377247,-13.971122513647074,2.2701091505879,-5.648711183301765,2.7766312338530144,-10.916472522135573,-4.310922380422018,280.47392194782356
186,8,5.773992199474323,-4.0176656083645135,1.783079882374449,-13.875055278083178,2.271035579873048,-5.631270634670595,2.7773501315191544,-11.175501956768501,-4.310268443369698,280.47435386463155
186,9,5.773848948021891,-3.9921553020130722,1.8047236216348332,-14.242126241715246,2.26836540663744,-5.654909829956712,2.776322098183837,-10.967352871843117,-4.3115468015595475,280.4743533438612
186,10,5.773819165587872,-4.046727286006668,1.7787849326069103,-14.181541247832035,2.269498897751399,-5.600785604147634,2.776483724350174,-10.573935274467527,-4.310083242567195,280.4745981828117
186,11,5.773940910604582,-3.996034418066953,1.7809450601929406,-14.03431843245318,2.2693512235286537,-5.635904493647822,2.7762379136431545,-10.656746196828145,-4.310193845374772,280.4738160257949
186,12,5.774143704406703,-4.032399656916421,1.773944037467448,-14.11311182128191,2.2700291772369163,-5.62474433421056,2.77665000054717,-10.74130103923174,-4.3105496978383675,280.4743886591483
186,13,5.773254799182919,-4.025027308761922,1.7830330223629336,-13.854059655524322,2.270736955011232,-5.676685387254031,2.777145397647723,-10.835856986726581,-4.311095745104353,280.4747182272919
186,14,5.77392733213996,-3.9911454572191802,1.7720970521702397,-13.935343393131397,2.2694842581405545,-5.63215715073872,2.77579563531606,-10.935882710506364,-4.310500457059489,280.4738291080227
186,15,5.773347799871958,-4.0000372822099655,1.7860400914512362,-14.035699398294721,2.269830643624069,-5.716273580352926,2.7772690719248043,-10.989512490748883,-4.311191088931133,280.47410434209684
186,16,5.77428019948036,-4.022711368085715,1.7847495508076219,-13.939275447999865,2.272526422649162,-5.642492646676362,2.777014366276857,-10.797313461838117,-4.30902035619703,280.4746539423796
186,17,5.774586202622183,-4.014219347684623,1.7830364769552471,-14.181025038235793,2.27052905553128,-5.592676426421672,2.7768560816431687,-10.813989800337342,-4.3110207965852,280.47463406218696
187,0,5.77382062654446,-4.022845492082755,1.7854571326737736,-14.064255715680295,2.2688671635174478,-5.475456074879927,2.776674464069944,-11.284781718451658,-4.3110829041529755,280.47438387109634
187,1,5.774008816749637,-4.045962484433748,1.7766621340548001,-13.863502770499826,2.268920210777891,-5.649149657185271,2.7763159786604183,-10.990919711439535,-4.311284986574357,280.4745779438267
187,2,5.774241298833486,-4.0323710038320755,1.7730751581159527,-13.85958605438119,2.2688708278280165,-5.77298110654429,2.775722493813917,-10.607298134891472,-4.3107221325782215,280.4745259691151
187,3,5.774159648212993,-4.009040396108074,1.7749421007580426,-14.103341840017116,2.2707025175824564,-5.634514095876757,2.7761690687555585,-10.657041002249983,-4.309680324466362,280.4740972716125
187,4,5.773615171726994,-4.0017024373249654,1.786757680646399,-14.016431760397666,2.268955409745328,-5.740033093207927,2.7759634447004427,-10.618393406878653,-4.310781962829467,280.47407727833075
187,5,5.7739734114135555,-4.046095046530137,1.7822596129068713,-14.335734591641144,2.268047286036054,-5.581156601122594,2.7764608575728955,-10.86649687970207,-4.311858227737852,280.47480041811804
187,6,5.773887800289908,-4.028349523115168,1.776626321861753,-14.236351177271453,2.269087126971962,-5.490306804431012,2.776846804297033,-10.960308279743089,-4.3101187647230805,280.47466268203164
187,7,5.773791157188699,-4.017703215516471,1.7710379752361205,-13.969648702312861,2.2702270684223302,-5.609081578677143,2.776145607113626,-10.81775627748583,-4.311273305922717,280.4744732054279
187,8,5.774066070590214,-4.030089150128971,1.7662648279430768,-13.762796059416019,2.2705021089816397,-5.673984284300443,2.776020924144026,-10.626330934154506,-4.309877885879465,280.47436617373194
187,9,5.774266696475026,-4.0259977557151085,1.7656360105105904,-13.81651993198533,2.2698679676637763,-5.6940480081389975,2.7763077392724074,-10.999516489596536,-4.310664233929001,280.47432121267184
187,10,5.7738742494510475,-4.011429277137588,1.7885162603446645,-13.987278338525522,2.270596825750285,-5.592309495190695,2.776320422043633,-10.797191943620138,-4.309787423877321,280.47426848903604
187,11,5.773785210205388,-4.001380571300358,1.7765578607413728,-14.191443288471387,2.270015671659791,-5.6058108008354,2.7764903065836166,-10.682762367689902,-4.310955941341465,280.47387097998785
187,12,5.773965563561476,-3.979503887703368,1.7606419592890776,-14.12765387998253,2.2710112378191885,-5.595609830943205,2.776027020443302,-10.75051582441709,-4.310374482668294,280.4738150131098
187,13,5.773764308377015,-4.001185329036578,1.762315479426543,-14.066552303582256,2.2675767609954574,-5.512564227230985,2.776221867486557,-11.323590026588302,-4.311288501191873,280.4743502090052
187,14,5.774088779389217,-4.012341769617807,1.780880240522268,-14.167773013635212,2.269041485961757,-5.552030391344221,2.7759130565669197,-10.93267768611156,-4.309988719135031,280.4743861372443
187,15,5.773265579593955,-4.027877491715967,1.7803799379173046,-13.885336920401036,2.269954877959388,-5.595106414108001,2.7765916023633914,-10.691387953743632,-4.310388420249293,280.47473464925383
187,16,5.7740587071375575,-4.019757127212799,1.7730236884937998,-13.996517015603178,2.2703286567405505,-5.706635753224991,2.7759096735663285,-10.477465300839508,-4.309599907125904,280.47429280476575
187,17,5.7741387331877,-3.984694003592121,1.7722135470344509,-14.141226566267646,2.26765441685659,-5.607361789077738,2.7760391227757433,-10.916234420860032,-4.311838497224449,280.4740916319807
187,18,5.773711095118819,-3.995055997389182,1.7886716418710433,-13.98619181772258,2.269773246977145,-5.724414456924513,2.776923801780484,-10.938958467002047,-4.311275067484492,280.47385755514915
187,19,5.77375310156137,-4.028362110411807,1.7686648787126662,-13.903300994586749,2.2685274033397818,-5.707633372409025,2.7756044376329614,-10.785742124172078,-4.310060370858238,280.4745407388937
187,20,5.7740110334759995,-4.025331033771789,1.7668794920832787,-13.96947957750658,2.2711131405601823,-5.667128506698089,2.7764716968609853,-10.642569207729505,-4.309963689871921,280.4742335482431
187,21,5.773743077892302,-4.003503667980786,1.78503933890653,-14.244435484157126,2.2700271302803756,-5.571983800984934,2.777062347392882,-11.104091412422358,-4.3107847803018595,280.47398367470214
187,22,5.7739421474242985,-4.0239110358067975,1.7880075600156113,-14.306389900944984,2.269282132506532,-5.56474351037981,2.776291879393861,-10.901798620043468,-4.310756108457651,280.4744013889796
187,23,5.773245200561967,-4.040246691062488,1.7767501875283975,-13.97196275226587,2.2701033731705955,-5.650388370870493,2.776750751435158,-10.616972331530691,-4.3102890247098085,280.4748962631032
187,24,5.77374941375502,-4.043595741629731,1.7925423673571623,-14.168174210605567,2.2690833924178206,-5.6317213457109725,2.7766069601738956,-10.922992834970252,-4.311876876681978,280.47476490231395
187,25,5.774031477400878,-4.011504212632711,1.7821609333828057,-14.15678708210584,2.2685862756702857,-5.639144290426139,2.776105654408583,-11.087890475128795,-4.310625387866942,280.47423065234113
187,26,5.7739167603649895,-4.0014798784396195,1.7892873070311788,-14.27341306057487,2.2703673117024437,-5.551482445321746,2.776910322526511,-11.36426975397348,-4.310813279974706,280.47400818991906
188,0,5.773804039199175,-3.975740124125024,1.8010988066044076,-14.151181911208477,2.2689399677122966,-5.503096796042594,2.7759572124735548,-11.068762370855156,-4.310204268354193,280.4741979155288
188,1,5.77379683162617,-3.992951033573802,1.7860490618021834,-14.123140274130787,2.2695585176203434,-5.609696653032229,2.7766734706591256,-10.999027845454977,-4.3110300814909355,280.47375914337675
188,2,5.773863426731418,-3.9958403706788106,1.7753023540784367,-14.434676106083051,2.2708804115626946,-5.445961091484497,2.7762430435216654,-11.133698559885763,-4.310421179117509,280.47406608350695
188,3,5.773961739927595,-3.991498654233131,1.7710773415159449,-14.055775095253612,2.27079615471324,-5.54223797189888,2.776893581634816,-11.066723240438991,-4.310558817780179,280.47374860681236
188,4,5.773822928639854,-4.035994620798422,1.7825410209100614,-14.280561410940669,2.271279619584477,-5.5385715007865794,2.777073844228898,-10.783155639480348,-4.310744465709806,280.474457119181
188,5,5.7745581005704505,-4.013603147561255,1.7656545784969386,-14.087835930211257,2.272046976407691,-5.791784524500567,2.776599840934863,-10.692408582450641,-4.31005412284873,280.474243621546
188,6,5.773998173508152,-4.0018639532497104,1.7820780041192814,-14.320875346348943,2.270858267618597,-5.59656362729353,2.7771084374654236,-11.14981999973961,-4.310941273095238,280.47395342725997
188,7,5.774246312130563,-4.006587362803236,1.7675588401019764,-14.15587813478153,2.2693108864696026,-5.5639330138054035,2.7767611238164562,-11.09169719860112,-4.310832624099649,280.47435144718236
188,8,5.77378463854914,-3.985441015045468,1.7874944700419717,-14.25902630610417,2.269402929578001,-5.455790185013469,2.7759326207123367,-11.024358191555216,-4.310590068717061,280.47401907582326
188,9,5.774002671828717,-3.971582232795393,1.7671213767905303,-14.171519916523282,2.2713149210550383,-5.671738594941213,2.776036777471715,-10.28831651085398,-4.309710822270447,280.4735527552497
188,10,5.774385010182926,-4.027340507927982,1.764234188849143,-14.0350410716252,2.270743471493344,-5.65498435117851,2.775998945787752,-10.71962270062031,-4.310401847793725,280.47447552388644
188,11,5.7739410415066255,-4.00715061812667,1.7735076320539622,-14.196634245659338,2.2705792580659505,-5.67846315813737,2.7766335741727595,-10.86014002186513,-4.310186822768232,280.47391114761103
188,12,5.77360850709034,-4.0014564065536575,1.7814882441989037,-14.071550473824116,2.269472643769624,-5.653909543083921,2.776674139713416,-10.758881456274281,-4.310952703487531,280.4738425424575
188,13,5.773673023665116,-4.028873016053665,1.7723742223252847,-13.94816930244155,2.2690440722673757,-5.728883643921069,2.7765538131899854,-10.785939466517021,-4.311472238579875,280.47437385405726
188,14,5.773945981517946,-4.0352720822504375,1.781207991010798,-14.25305089383041,2.2691889340557614,-5.569579647342362,2.7757935457823297,-10.990578748159576,-4.311382549332542,280.4747777684848
188,15,5.773875037587449,-4.062090746789365,1.7700011578523895,-13.954768149809691,2.2703441585465667,-5.565486753418606,2.7764906592573966,-10.800997028394946,-4.310620127847889,280.4748387956514
188,16,5.774248822906326,-3.9922259372657702,1.7693001233208472,-13.95390773209339,2.2690713467410806,-5.714320933004482,2.7759295465441847,-10.782508194668818,-4.310764381246408,280.4739403180181
188,17,5.774168784101605,-3.990708133672713,1.7796506099434648,-14.263944183357237,2.26828933029652,-5.589193559588008,2.776031248159185,-10.957332357669252,-4.311263751473302,280.4740221440728
188,18,5.7737292735202805,-3.975725674292779,1.7887320195620904,-14.161947729945991,2.2692037463364314,-5.584610367741802,2.7759826075766245,-10.95633643485272,-4.31123324498237,280.47383993320847
188,19,5.774126241781685,-3.9942984836357,1.7733116699108393,-14.29378034826645,2.270714168488443,-5.595751984324689,2.776146952815341,-10.866335487168348,-4.3109300356441835,280.4739594178102
188,20,5.77382103586814,-3.9757712660767033,1.7635720970651754,-13.959312503339433,2.269917034637344,-5.75368753217922,2.7761981302631007,-10.765594268717669,-4.311261932646293,280.47364308557917
188,21,5.773731790560035,-4.0144466879729555,1.7864281762815242,-14.09018651223577,2.268218927641803,-5.5529800752804785,2.7762163449271555,-10.947911372831884,-4.311572149006539,280.4742893208588
188,22,5.773878924569558,-3.9890062161135518,1.7757575133327446,-14.29157312310775,2.271453377040168,-5.684675761466514,2.777101612476081,-10.865147177426898,-4.310592905387999,280.47370089512435
188,23,5.774189322562173,-4.002238187455223,1.7768342633528011,-14.221069860616462,2.2717529647293526,-5.625874996520321,2.776694754668527,-10.632158463465865,-4.310452252632269,280.4738760969905
189,0,5.773615883411422,-3.9833040847264454,1.769851039164688,-14.187598063183918,2.2705779572286335,-5.495895466983481,2.7763176959868003,-10.803893819777684,-4.310358140030513,280.4738498603268
189,1,5.774486004142465,-4.008746365168033,1.7681900754646935,-14.276078255951647,2.2708461512447777,-5.629606129488261,2.776504253701483,-11.220820048255836,-4.31039094529069,280.474192699732
189,2,5.774081049437937,-4.004059884692136,1.7681001638472387,-14.08364914269363,2.268990922547491,-5.616469232382955,2.7764847415595595,-10.87158078145648,-4.311268489409079,280.4740869801323
189,3,5.77396729747325,-3.986345720433642,1.7727898675331755,-14.271085819160728,2.269845984460287,-5.511690714169548,2.7762440700083175,-10.97449364608903,-4.310141305827097,280.47372082864854
189,4,5.774361475952748,-3.9766201016969376,1.769344687837069,-14.246543044982172,2.2701314570689344,-5.602744939924893,2.7764960241613914,-10.953418817841783,-4.311040963760802,280.4736817118079
189,5,5.773742233022506,-3.9864176593904035,1.7538053813603118,-14.002527454121887,2.270528632501851,-5.691248497687722,2.7762992564066638,-10.541986513870347,-4.311451477228958,280.4742620744155
189,6,5.773893799962085,-4.016884453064219,1.765194295619822,-13.9001169897641,2.269101796958887,-5.758811543444132,2.7761150653113638,-10.522891352598684,-4.31140325604224,280.4742308619
189,7,5.77408709371024,-3.971455644057941,1.7675908437600132,-14.125077052325988,2.2704213419158106,-5.728178013878549,2.7763268277839104,-10.654532198407992,-4.310131541760481,280.47343096493535
189,8,5.773818875547245,-4.013799843937756,1.7699787117274088,-14.129298777284939,2.271504036326576,-5.689876100179715,2.777088832484313,-10.6211623677843,-4.310222965400934,280.4741654703077
189,9,5.773527999676352,-3.9883450151249065,1.7828676176171594,-14.287250819935585,2.270334387516158,-5.596911365404546,2.7769686987790387,-10.83415373027197,-4.311029205549561,280.4738017687275
189,10,5.773761147705281,-3.9870456019344966,1.7640719863855099,-13.953948008243916,2.2698111358117576,-5.657423241299867,2.7757903672128923,-10.562352481504576,-4.309880553429198,280.4738859439745
189,11,5.773882338487485,-4.031677922938315,1.7783033745828,-14.49649927172681,2.270529444648697,-5.577675338775874,2.7769696072204426,-10.899531741856027,-4.310346581237382,280.4744068557394
189,12,5.773958093354277,-3.9777326302360128,1.775390500341344,-14.14573848918508,2.2716394439918584,-5.722490998179912,2.7760691184778636,-10.537393206580099,-4.309828315960061,280.47373616306203
189,13,5.774478083884086,-4.0176436045341815,1.7638070782968172,-14.246333467346656,2.2730325509166827,-5.610831839428681,2.776413488034916,-10.702129476874628,-4.309319787547811,280.4744236076979
189,14,5.773716524252065,-4.016295702014495,1.7738779355066985,-13.83861597501779,2.269219460767289,-5.766350804040602,2.7760619385884047,-10.4012292490086,-4.311266640423881,280.4742543456809
189,15,5.773894222472164,-3.99767225292181,1.771246844681789,-14.218125662149411,2.2703197071436483,-5.539662671296653,2.7765006430043884,-11.003207349022768,-4.310798457357127,280.47386860961853
189,16,5.773745267237916,-3.9899880333145545,1.779013304228013,-13.951844041538404,2.2712000069270863,-5.690138859701136,2.7766111181032445,-11.037536202049788,-4.31090833475657,280.47393507013317
189,17,5.773621985476202,-4.000453732893247,1.7785598451343283,-13.995142624021453,2.2688435730826644,-5.600908063440973,2.77633187529593,-10.57131866030817,-4.310664169227965,280.47388177412927
189,18,5.773606566113387,-4.000566983723275,1.7745635012311436,-14.296638572571153,2.2719031852303275,-5.616803642721671,2.7775012426999224,-10.788495258298038,-4.3110270466738605,280.4741541252848
189,19,5.77395319475612,-3.9751107227515488,1.7778199315852117,-14.27628875758917,2.2698487588887786,-5.575122217555817,2.7759287177964773,-10.888490656756282,-4.310384763678958,280.47360405696554
189,20,5.774266917423255,-4.014424241115922,1.7569381794405179,-14.269682179274367,2.2708594783762472,-5.688536757250279,2.7762609026992675,-10.741635436831451,-4.310956956841725,280.4743426600762
189,21,5.77365950410765,-4.018928806552211,1.7714068724176268,-14.063154798836221,2.2726711623960365,-5.6425594584407115,2.777238201135621,-10.577690939717876,-4.309816558139771,280.4745170032106
189,22,5.77450420630338,-4.014758283908165,1.7687720990148148,-14.379172777343056,2.271010226894568,-5.573270005565777,2.7756723581726095,-10.626342687080536,-4.310542880814801,280.4746310854026
189,23,5.7739434842834125,-4.020848453521747,1.7859237551309557,-14.111826337043144,2.2702028477799083,-5.761734338342868,2.77573217842778,-10.468929406960335,-4.310732914710525,280.4746881627576
190,0,5.774012702310981,-3.993576900736078,1.770786868041312,-14.177596103866758,2.269807692417218,-5.621295170824577,2.776274076366442,-10.771689267074274,-4.310239241911216,280.4738111935152
190,1,5.774660348800307,-4.007615469769547,1.7561144713255563,-14.112248944842898,2.2701197920149263,-5.70499770120739,2.775638371321562,-10.524871792664932,-4.309690726455881,280.4745801523967
190,2,5.773919471974286,-3.9974301165509893,1.769995555501389,-14.26456680422765,2.2692625115539866,-5.645650807251176,2.7758222385915947,-10.757068272193878,-4.310805544832373,280.47396899382863
190,3,5.774093727729374,-3.988241450787611,1.7764325659744056,-14.314989844469894,2.2704433115789397,-5.5392356599875106,2.7763772021146265,-10.969254988869622,-4.310818384734687,280.4736708940166
190,4,5.773666495361554,-4.00061992761305,1.7670571066184275,-14.135101739487402,2.2715239853092117,-5.5876292820758335,2.7770846894899526,-10.881795900756089,-4.3111230316255895,280.47425066954645
190,5,5.773882112899812,-3.9872728628494656,1.784959230740714,-14.07957807766105,2.2688764336395604,-5.583109444864269,2.7760634362301233,-10.884884760630468,-4.310597115997402,280.4738102653009
190,6,5.773813695317067,-3.972659040228572,1.7717297141654766,-14.28424914963914,2.2702122263857745,-5.555503890605516,2.7765450985245335,-10.957604944504219,-4.310715118511461,280.4735125839663
190,7,5.774234031189524,-4.013250338469083,1.7689512292705323,-14.101357837152667,2.2717113169597316,-5.6514850086898525,2.7765746728292164,-10.552492287824842,-4.310026206903493,280.47405035701934
190,8,5.774004457762848,-3.977856003338237,1.758992523427517,-14.167183289925024,2.270980141183965,-5.652344838271261,2.7768744444181164,-10.788603439921582,-4.31135092446185,280.473772698342
190,9,5.774040982630533,-3.998858524189756,1.7955787172861724,-14.386721119725577,2.2704885309074694,-5.661242667353177,2.7771971224833534,-11.19480500155651,-4.311577959267195,280.47419584318664
190,10,5.773658760280443,-4.038679611018129,1.7868446235585216,-13.928578885561294,2.2699565028014246,-5.616282465462895,2.7762758192500607,-10.814303381809337,-4.3100103140400225,280.4746290843051
190,11,5.773772514343387,-4.000537577353381,1.7715329501972537,-14.33668619437107,2.271601324091563,-5.569612858775293,2.7769069966688003,-10.5966863605214,-4.3105222818929585,280.4739792806032
190,12,5.773913480699701,-3.9854314167381983,1.7649510509510948,-14.323369434166388,2.2695114385875357,-5.542733498114106,2.7765795405361136,-10.968191150609357,-4.310922032287339,280.4738033397549
190,13,5.774051037243504,-4.0069192985507005,1.7784636485904934,-14.36425924502385,2.2711868540988673,-5.534708730134585,2.77632066022986,-11.085625005477137,-4.309792265941078,280.4741342542946
190,14,5.7743082335507045,-3.972066869260188,1.7715290310032292,-14.183131570095641,2.27014036294015,-5.48973672456999,2.7753953766490964,-11.105268525329777,-4.309832600011709,280.4739204112773
190,15,5.7740166974568785,-3.983779200230909,1.7635365284258921,-13.901522963303936,2.27033363794627,-5.715887308993382,2.776136078711337,-10.571245341092984,-4.310154410280602,280.4736015317629
190,16,5.774001731481576,-3.987152000013242,1.753624661003489,-14.230218152205781,2.2707734520224405,-5.623436586803736,2.775836551646088,-10.524530775672625,-4.310642207402878,280.4741930660491
190,17,5.773778455136579,-3.99949552910909,1.775477487552689,-14.104790346618552,2.2721391495383227,-5.6396397614580165,2.777055271094928,-11.211105731824881,-4.311312411113783,280.4742742787775
190,18,5.774391743543825,-3.9845035505735145,1.767916769201076,-14.315509832258682,2.2690385408695186,-5.52194219286044,2.77534762038735,-11.086965359505864,-4.310516335012908,280.4741352971655
190,19,5.773643050228352,-3.988738269146493,1.7680792528055618,-14.254985716804704,2.2710710829767913,-5.665225616754401,2.7767808343565465,-10.564860154227285,-4.311203658838613,280.473978443252
190,20,5.7741060705361145,-3.9958643236664235,1.7778777629744853,-14.252626834767419,2.269898221733774,-5.50927192980581,2.776597319268679,-11.013291773987632,-4.311041619028065,280.4739008865512
190,21,5.7741446966812955,-3.9920858131477273,1.7646594040536414,-14.224977000980711,2.2707214506570472,-5.644845084137597,2.7760606829796775,-10.69434851365637,-4.310497051314913,280.47386578686474
191,0,5.773989888290172,-3.996086614353524,1.7608446340868835,-14.167666802895221,2.270675131226339,-5.608112999703625,2.776805901218107,-10.86003671324279,-4.310161434818456,280.4739753739632
191,1,5.773985641751689,-3.989473775136185,1.7763068921996503,-14.275169057489363,2.269898102379632,-5.51052297457551,2.7762475250633094,-11.027086661504235,-4.310665313294992,280.4737505768732
191,2,5.773865729008843,-3.9744562584267906,1.7787325455428977,-14.256223194963123,2.269741439956785,-5.524728400144654,2.7765166170581717,-10.93660589200635,-4.310547828523273,280.4734697264264
191,3,5.773951515612288,-3.9989192976120016,1.7795530532789683,-14.24723202195997,2.268782322495281,-5.547859503769571,2.776320503721574,-11.08214913103224,-4.31119796506491,280.4739807850773
191,4,5.773987080028193,-3.994577017652538,1.7718599400223347,-14.124805207653598,2.2703923056737585,-5.6865125563660275,2.7759865242070703,-10.654371648181062,-4.310840360061517,280.47391598665445
191,5,5.7738611174380265,-3.9839749975402188,1.7726673476219466,-14.190656730075656,2.270313926589026,-5.628516557780192,2.7761860605433086,-10.799736288733342,-4.310588406221261,280.4737029691813
191,6,5.774106280947737,-3.9936375596729237,1.7769443605873394,-14.125368650467257,2.2704670972742913,-5.542492886729096,2.7762341796122567,-10.87929144275368,-4.3102279273198105,280.4738095871163
191,7,5.7740192950925975,-3.9963273478865706,1.7672782166379382,-14.013062588565903,2.2700097109272845,-5.640711723818587,2.7768529918216296,-10.75301256559284,-4.310553173025583,280.47396286282236
191,8,5.774398190378034,-3.995796603114901,1.7641138702713954,-14.159397991236762,2.2703493095149025,-5.642049773690741,2.7758130689656353,-10.794518325749623,-4.310219796321361,280.47408006454816
191,9,5.774344516371339,-4.011729754199434,1.7597741487685747,-14.12974861448545,2.2712681147197036,-5.6461980839617425,2.7764107538577876,-10.624386328755964,-4.310803643610529,280.4741734419025
191,10,5.773964916768619,-3.9695856330530983,1.7631570822504175,-14.152667053374998,2.270253862034706,-5.560019048499538,2.7765790909077412,-10.979725593746847,-4.311061312751899,280.47354152017203
191,11,5.774098392722253,-3.9927838859713147,1.7740988774939002,-14.34090241762462,2.2720089554138423,-5.597587380763622,2.777135913275222,-10.644117581019794,-4.310169753314152,280.47377003508933
191,12,5.773798509140098,-3.997444318882227,1.759986203985135,-14.112299241364326,2.270405543297629,-5.522045615194338,2.776716714427836,-10.607331369932595,-4.310718316851268,280.4740805928977
191,13,5.773992118691763,-3.9813499012301787,1.776130579613875,-14.278234196339252,2.2682189499487997,-5.458478423444453,2.776131135377926,-11.316761311400892,-4.311164034456915,280.4738115934002
191,14,5.773514959298046,-3.979783634482911,1.7881982152384082,-14.292582683441513,2.270281813544559,-5.514966569944897,2.776535200639563,-10.96199002856709,-4.310581716166589,280.4738307471303
191,15,5.773647765410668,-3.969776323078372,1.7737261060877811,-14.114989232534327,2.2687377850888764,-5.480590236941711,2.7755873226242747,-10.914476696324718,-4.309821747615951,280.4737894957781
191,16,5.7737180097668,-3.989809654798034,1.7699608848050172,-14.231187843916151,2.269159022008329,-5.520534831036552,2.776055064579165,-10.89508709426277,-4.311212770589713,280.4739278706693
191,17,5.773735049597654,-3.9748643508728474,1.7722568674232448,-13.95452531086933,2.2691697701507345,-5.67914205942758,2.77635033339039,-11.104262096199955,-4.3110003673108315,280.47351159680113
191,18,5.77362605113365,-3.9852178513935907,1.77434210366341,-14.008385261283976,2.26822214007126,-5.656238361134632,2.7759409021984975,-10.788925480255294,-4.311451183337903,280.4738642352967
191,19,5.773859087084924,-3.990833002099095,1.7720561282452625,-14.2283749158386,2.2703755716851055,-5.652988845832039,2.7759757449159186,-10.516735333494308,-4.309776548074889,280.47384597960814
191,20,5.773613287142911,-3.978817195250935,1.7812055776648015,-13.93455628321671,2.268678619033142,-5.643609705327499,2.7764160357251795,-10.77348162538079,-4.3110916764476075,280.47358795980637
191,21,5.773674111827699,-3.981635930816506,1.7675657754062035,-14.221654158925105,2.268811504067768,-5.521607895788778,2.7757769107227346,-10.776620898325998,-4.311058857954277,280.47392992449215
191,22,5.773692713081967,-3.99004413192433,1.7902765993330503,-14.086050742408514,2.271055026821538,-5.604565147349578,2.7772641390542074,-11.05248729023167,-4.311341550916866,280.47393773553324
191,23,5.774016953065198,-4.003973235837611,1.7784914253401272,-13.867530189731054,2.269914165324796,-5.728374944913909,2.7758842960698464,-10.298404725739676,-4.3098696017327915,280.47402626558784
192,0,5.773989550231024,-3.9781624494259553,1.7646831885267924,-14.152299531725152,2.2694651343665684,-5.608288917447863,2.775753176877608,-10.610377814902591,-4.310081993091323,280.4736268512356
192,1,5.774017776914159,-3.980310394715249,1.7838494656101305,-14.034467574358418,2.2704426025194793,-5.553399872089379,2.776047653378367,-10.788158195790654,-4.310254412579217,280.4737678891619
192,2,5.773697402688667,-3.997360272222474,1.788516548929048,-14.27151181513831,2.2703634900207526,-5.531744359303103,2.776877307419753,-11.033794914992516,-4.310519908468067,280.47393410645054
192,3,5.773717181350782,-4.014129578209589,1.7661187157687375,-13.945341447348424,2.271434160308867,-5.65679071226462,2.7769268815843358,-11.046182576112331,-4.310868533629085,280.4743776844519
192,4,5.773664896737176,-3.9975934432845617,1.7820180184913648,-14.260045465238289,2.271873919679927,-5.572297012506987,2.777017413843124,-10.764726313857087,-4.310249411118226,280.4740619036962
192,5,5.773936541088413,-3.98712847552825,1.7753960747032396,-14.074069758099716,2.269698846387598,-5.545914568844202,2.7764944586701104,-11.197476926721269,-4.310441994686159,280.47371423834636
192,6,5.773760939571416,-3.97328864531534,1.7755360397549609,-14.037678093837703,2.2701007427483755,-5.678896937682094,2.776374494283304,-10.680191658638725,-4.310452666039983,280.47341344964
192,7,5.7737378456064885,-3.9889056630961663,1.7822783467820231,-14.155054411062254,2.269836952738487,-5.650466191970756,2.7765296860193214,-11.13339086866851,-4.310991767291123,280.47374021289284
192,8,5.7735380784349095,-3.9734154120179337,1.7787875972369895,-13.971256671237,2.2692854662543342,-5.641571219317036,2.7761541958304363,-10.7242700957705,-4.311146122573953,280.47361457420766
192,9,5.773915899717865,-3.9721263607690864,1.7689958055653494,-14.115776468671472,2.2694965139215824,-5.501395998522214,2.776344912808913,-11.174794255135504,-4.310347729448989,280.47348852255726
192,10,5.7738999645073665,-3.9828331287862735,1.773265774285078,-14.215328287926598,2.269438611001568,-5.497873942476095,2.7764487529315827,-11.109673856606175,-4.310529870210617,280.47362190574444
192,11,5.77386391831233,-3.9764952329667778,1.7724204605994012,-14.267454481483918,2.2690381805096034,-5.458718833701682,2.7764576310440736,-10.98854621204435,-4.310906017062863,280.4735583480417
192,12,5.7735179336698605,-3.9897657158916298,1.7860739688488332,-14.104842950284826,2.2700623373452884,-5.56518751567768,2.7766897746030494,-10.733321378054526,-4.309819656456949,280.4739782596087
192,13,5.773291228124744,-4.011200862806691,1.7766645932996812,-13.948898648975272,2.2694985743321614,-5.660662264412333,2.7767280597727457,-10.842004468550957,-4.311037251907558,280.47430637477476
192,14,5.773732841735884,-4.005127362439614,1.7803114961470623,-14.283162889969852,2.2693685464159397,-5.530067232675363,2.776765212814882,-11.075380560121552,-4.310880747349376,280.4740220731324
192,15,5.77409188806687,-4.004633642856208,1.7840868991430612,-14.127988497891854,2.269899647460446,-5.52240182051022,2.776305667602256,-10.905401863564938,-4.3098476361343465,280.47415611468006
192,16,5.773713618269246,-3.9987182950039997,1.782177263587687,-14.374995968372708,2.27044442461344,-5.5677015265671015,2.776762094662112,-11.097718633050667,-4.311587564548529,280.4740717684717
192,17,5.773734791617408,-3.9815745006095935,1.7849381977093157,-13.965444070138384,2.269365822948481,-5.58043788848383,2.776326891528154,-10.84520031777648,-4.310227039437914,280.47375151984704
192,18,5.77387771939904,-3.990060932645965,1.7667952856201843,-14.284990035942425,2.26961220528565,-5.574365863945848,2.776878746821055,-10.890755297335458,-4.311497722962788,280.4738972280882
192,19,5.773741339233925,-3.9935099051806078,1.7770860704844007,-14.159242608902348,2.2693510341568226,-5.655289451837923,2.776896385074008,-10.924203866996987,-4.311912757976848,280.4738979828531
192,20,5.774081662029213,-3.9739977789373953,1.7722910751395735,-14.419305054713114,2.26946993511144,-5.485187009700965,2.776305693324211,-11.085183801578912,-4.3101217948597945,280.4736298150567
192,21,5.773703383640565,-3.9901675534293455,1.777861187343733,-14.317536491752909,2.2688967101660578,-5.53081902095194,2.7765153381311944,-10.914747701992876,-4.3117137086212525,280.473850707829
192,22,5.773937786758451,-3.9969990041277756,1.7770396343031276,-14.118719800271148,2.2691781498554886,-5.554169068028066,2.776382887354936,-10.940915318472245,-4.309968418447796,280.4740087151289
192,23,5.773970526556852,-3.992834331772073,1.7607689490583216,-14.140455088363597,2.2703578845853896,-5.552069021235943,2.776678764413826,-11.091480617834655,-4.310822045994814,280.4739290059148
192,24,5.773700042227246,-4.00956384501837,1.7783501828759345,-14.221745742040964,2.2709742220059517,-5.540327239959573,2.776674491057107,-10.825115139551173,-4.310181874321842,280.4741381725446
192,25,5.7736735742585505,-3.990765438464219,1.7770527994330623,-14.253504379615263,2.268864466103366,-5.470502054546034,2.775897877684728,-10.822478638601376,-4.310526898726937,280.47396349263
193,0,5.773619223947974,-3.9989466334477237,1.7748629923806136,-14.06679941190721,2.270117362452733,-5.744130832735641,2.7757063141628624,-10.403845737108478,-4.309876598236464,280.4742283368437
193,1,5.7740414884474225,-3.9739859605625876,1.7751861884359197,-14.333925960128749,2.2705538130137954,-5.485656374001797,2.776232547387515,-10.911783955926426,-4.309740929692681,280.47354666608425
193,2,5.773477525498232,-4.009743572056044,1.7718010051771347,-14.189262222116602,2.2684297657360077,-5.594882372008648,2.776297791938189,-10.876608497911878,-4.311224627007056,280.47425147543265
193,3,5.7738503093986475,-3.9934838001540385,1.7731485232360331,-14.061851608212667,2.2704290052740954,-5.627953758528419,2.776058077275868,-10.535276460556846,-4.310093679464721,280.4738397380486
193,4,5.774051689301534,-3.9879864507990512,1.7814928899283384,-14.10834908372988,2.269770325587971,-5.627012689466003,2.776132964857897,-10.827339911779069,-4.309676726638233,280.473878037174
193,5,5.7738561122756265,-3.9998882257440687,1.778583222665472,-14.089557414311004,2.270518230769852,-5.582323506664406,2.776920130816391,-11.04810762778795,-4.31017687453281,280.4739888190197
193,6,5.773948472078415,-3.973268468935774,1.7763374723617826,-14.228373133244643,2.2698990200115894,-5.456735342428834,2.776311738919318,-11.245583937394702,-4.310581957149917,280.47353904205033
193,7,5.7738840585064235,-3.9786303336673465,1.771742888709824,-14.160326845506567,2.269076810871428,-5.6033352236402365,2.7760563611550206,-10.927229022937015,-4.310477087475845,280.47357132156907
193,8,5.773895390478253,-3.9973767280619925,1.7781289753110223,-14.066970065880687,2.2698042134327046,-5.557828933214069,2.776599359898647,-11.063290966710678,-4.310872454064678,280.47383464094037
193,9,5.7736065004024715,-3.9998605785348436,1.775061087255213,-14.038654191910272,2.269025843365314,-5.5529062816726364,2.776829911368897,-10.956718435037752,-4.310649878340047,280.47407113461276
193,10,5.773954856725323,-3.9812652582236936,1.7625434688653558,-14.283841509336652,2.2708245707748302,-5.529568433090444,2.7767962910532065,-10.912481564720268,-4.3106091991887245,280.4736930508445
193,11,5.773978014992684,-3.9737221450953264,1.7696747609311088,-14.309472198086713,2.2708099134382134,-5.488587359078734,2.7766667670283107,-11.028405078672208,-4.310733385289115,280.4735019178554
193,12,5.773615526234869,-3.9788422709874496,1.786273334902079,-14.09108866280143,2.2693539889125782,-5.475103960294657,2.7766268150854083,-11.142457264317931,-4.309988786015166,280.47382210261276
193,13,5.7738455922222185,-3.975764057523931,1.7616837247865218,-14.129447999230955,2.269210672248783,-5.628774277959207,2.7763470176167204,-10.662625674643941,-4.311185899922044,280.4736348778382
193,14,5.773680181165477,-3.9982856114198064,1.7759581759440435,-14.122193382696556,2.2703129449036856,-5.511935752832339,2.7769766953578223,-11.035286965581033,-4.311138610967424,280.47395902923665
193,15,5.774115154475576,-3.9930216334638002,1.7787518278919514,-14.17467086498611,2.2702023435908916,-5.679269361953262,2.776207317765644,-10.772335557018302,-4.3103884535446575,280.4737857137044
193,16,5.773626811480272,-3.998547502490287,1.7765909386485188,-14.04579818355738,2.26735505543846,-5.473785206833882,2.7759414410559744,-11.013235236306103,-4.311121701977502,280.47412979594344
193,17,5.774080047221566,-3.982588487484347,1.7748387936412193,-14.037998355387808,2.2694858723786577,-5.595121609750062,2.7766411905503863,-11.163934069101733,-4.311130085142955,280.47369031570304
193,18,5.77373249636139,-3.971231672742078,1.7816435093980831,-14.061731068803164,2.2674101155023347,-5.484403793091084,2.7760034018849433,-11.194547007199038,-4.311263243882345,280.4737080670558
193,19,5.773958921704197,-4.00119570449631,1.775186884820945,-13.987921620906706,2.2706107211777957,-5.5817993603749345,2.7770454050134123,-10.858835645545922,-4.3109357454725,280.4738689770025
193,20,5.773964949937225,-3.9901423509780045,1.785757740920777,-14.09530986259602,2.2698176030125152,-5.554783655029521,2.7760596923661125,-10.94359550003358,-4.310177277200928,280.47395864162615
194,0,5.77375167744955,-3.982486606403334,1.7754479418340936,-14.19509150998391,2.2711562844893614,-5.598527799872722,2.777252673845132,-10.987102510054555,-4.3111161653163395,280.47376036570313
194,1,5.773910098202079,-3.997493679517444,1.7771020694290056,-14.252581089960584,2.2710703656271027,-5.566556634494403,2.7768907869239747,-11.050760030220374,-4.3107153970176135,280.4738496642493
194,2,5.773968368310169,-3.999447769176302,1.7799832109411318,-14.043707495376045,2.269442254433893,-5.559641064097389,2.776527054549387,-11.079181099240365,-4.310878100318776,280.4739060019368
194,3,5.773796539479167,-3.9713991424012076,1.7817192010179554,-14.299031817500962,2.2693192189744282,-5.480789900329842,2.7762348454615338,-11.18100266633707,-4.311161320708348,280.47358310822324
194,4,5.773925968824902,-3.9770402798866704,1.7768733830489432,-14.11497939993389,2.269037591036413,-5.540615477928048,2.776175748855239,-11.17430707034323,-4.310951326540938,280.47360578478913
194,5,5.77403490144374,-3.976799678000422,1.7662169918721449,-14.158250224750594,2.2704126263597075,-5.511215228349285,2.7763517504090016,-10.84548584790161,-4.310420994958594,280.4735612467643
194,6,5.774258934034437,-3.9765692131312167,1.7729890370293746,-14.304062390708626,2.270358812962352,-5.4854939981773505,2.7763427608082134,-11.35142158161449,-4.310379607025138,280.47359711808423
194,7,5.774032824351266,-3.9816887676427974,1.7748136775259853,-14.430067770331808,2.2716336640286943,-5.489031510610162,2.7769197286910416,-10.958144969606288,-4.31013672198234,280.4736375287678
194,8,5.774015725300928,-3.9783557228046855,1.7759292393738833,-14.247264676640452,2.2703712308689594,-5.540360460069571,2.7765203101708558,-10.944133145469774,-4.310507313409852,280.4735378528395
194,9,5.774309210986303,-3.976513953128258,1.7738161737904545,-14.249542534192772,2.2704353890565474,-5.495371393053412,2.776699592918353,-11.063190778594558,-4.3109408640651,280.473648899006
194,10,5.7738276923449945,-3.974109287008242,1.7686621023381324,-14.140770983416788,2.269567212105355,-5.53540828569872,2.775992031619137,-10.935972690742705,-4.310701745841387,280.47362847991815
194,11,5.7739676068013175,-3.9896732291300077,1.7730096015230703,-14.243256044224353,2.2691920224259694,-5.547662143142316,2.7767321179164397,-11.072267452978583,-4.311101274711453,280.47388395755115
194,12,5.773885702923609,-3.9783826501126027,1.7794800012759555,-14.149323045336555,2.2706276635118723,-5.553229090333889,2.7768044276016455,-11.033526300889434,-4.310206576511442,280.4736238009174
194,13,5.773967277991361,-4.035857996182776,1.780590589421484,-14.165025801580313,2.2690604090936857,-5.478567464566104,2.776636965317965,-11.150942543044742,-4.31055967948411,280.47453420738225
194,14,5.7738973292860996,-3.9709915338600426,1.7767681500880095,-14.312553111936502,2.269951211437195,-5.419544505701215,2.7770193155233054,-11.47878246421268,-4.310976373766777,280.4735577864942
194,15,5.7740125701156355,-3.979684594224093,1.786783507085688,-14.236537583030756,2.2694305400089805,-5.478923089366079,2.776611123232935,-11.153696472287779,-4.3107706147401466,280.4736979824898
194,16,5.774266382972164,-3.976726304716011,1.7673701957509378,-14.250099371047142,2.2711728683416865,-5.53284747413431,2.776100674744781,-10.875398074275703,-4.309559451978326,280.4736431077933
194,17,5.773840727396157,-3.9954013109273494,1.7697071811194611,-14.11331813452917,2.2712630166601473,-5.576232416532798,2.777679424499754,-11.081048002686561,-4.311281155169269,280.47419566545085
194,18,5.773980268546468,-3.9794568729933473,1.7826302350333965,-14.361878326345455,2.2683944204309863,-5.495912542114289,2.7760430098229727,-11.170310791461924,-4.311001757530774,280.4737509361981
194,19,5.774053077977154,-3.9920006378179393,1.7797279889108213,-14.242008672998121,2.2697896336110737,-5.476536321760626,2.7764808872871316,-11.195058891204043,-4.310514469069072,280.4738148059261
194,20,5.774179152608668,-3.9713401870724963,1.7712146370186415,-14.288581080917304,2.2699198627733055,-5.557677428514959,2.7758715499389885,-10.869966313050508,-4.3098926904609955,280.473591331869
194,21,5.773972771790026,-3.9769883546680074,1.7625661628587963,-14.166188731518167,2.269573695135882,-5.674852929615131,2.77632400882649,-10.587979015305299,-4.310733604224534,280.4735485415473
195,0,5.773835922592804,-3.973992899923958,1.7774750026722332,-14.373002402815604,2.2707719863546125,-5.496466056785963,2.7764617024250917,-11.000954113119578,-4.310601228555435,280.47358077895797
195,1,5.774096923093146,-3.972709209558642,1.771655115528285,-14.44550395032212,2.2711812515106375,-5.510261041197897,2.776703949342102,-11.03211713164782,-4.310479617537832,280.4734808780856
195,2,5.773852499478339,-3.9836557410377442,1.7751535535700882,-14.099450935214104,2.26940452533768,-5.5344967036780774,2.7766253416393787,-11.051163571369328,-4.3105549569000905,280.47371863909433
195,3,5.7740707823411235,-3.983668862789618,1.7768780893630858,-14.20010181222009,2.269641882075156,-5.519058691140741,2.776149380827268,-10.969981798241692,-4.310055728153894,280.4737660156116
195,4,5.774100001532038,-3.9825054805492783,1.7745686344802218,-14.35125473639526,2.27023619706785,-5.450752192846334,2.7764849692085423,-11.21568577907156,-4.310285322514403,280.4736692168863
195,5,5.774054867895576,-3.9803735538558653,1.7718521941312382,-14.160016856687072,2.2701060906137025,-5.545276821066168,2.7765152574814507,-11.096331699500388,-4.310139365646618,280.4736544527153
195,6,5.773858394709917,-3.974270096636521,1.769214557375563,-14.124199005697271,2.2685998097886464,-5.600137548428103,2.7764161387309017,-10.94337413315698,-4.311108104290868,280.47363374269736
195,7,5.774020672307481,-3.97764914727938,1.7786998106084826,-14.214505699977336,2.271168346021741,-5.51213293802989,2.776862949172797,-11.277080494045665,-4.310019220397261,280.47363195950913
195,8,5.773934723704635,-3.984117023385328,1.7735533697823973,-14.178049412841252,2.2694920839451447,-5.500228405458611,2.776082867107106,-10.920456781618107,-4.310486961210776,280.4737056366946
195,9,5.774133107255579,-3.9710539147312596,1.771480290749908,-14.230341352588926,2.2706194187957798,-5.549956511792912,2.7767105431384733,-11.015529170202404,-4.310180607574107,280.4735128688129
195,10,5.774080804813312,-3.9856345362599472,1.7720713519955567,-14.29119083685661,2.2701726469372803,-5.5582739574613615,2.776072564756507,-10.700924503593773,-4.309999962701044,280.4736501560975
195,11,5.774135523959667,-3.983183925988977,1.7665734036204013,-14.176008410934712,2.270672049075953,-5.581050925521829,2.776498756264357,-10.825297447927515,-4.309947459201914,280.473669042032
195,12,5.773988689236505,-3.973899142592012,1.767178312695648,-14.183474156848002,2.269083113520191,-5.467077351367509,2.7762020162211765,-11.038791361646805,-4.311042190489725,280.4736580602757
195,13,5.7741276019883525,-3.969285665142022,1.7644409554748002,-14.15876688740828,2.2703002290711285,-5.592338836890227,2.7760358625790404,-10.921335590727738,-4.310436007625052,280.4734686362913
195,14,5.773953429044781,-3.9801399881906607,1.769458564834288,-14.090988102990702,2.270398349868216,-5.661434648714862,2.7765899700306003,-10.572230797467554,-4.3108859967514075,280.4735306015414
195,15,5.774103843411073,-4.0016590628542295,1.7722701129618494,-14.154603781263116,2.271162744617787,-5.648194552198856,2.77664193085632,-10.879871605393573,-4.31086122489971,280.4738641022137
195,16,5.774002345749165,-3.9893767108454403,1.776217967704158,-14.23892775043163,2.270365663528471,-5.5951521851912736,2.776575164515197,-10.790623844059754,-4.310456710737077,280.4736604228045
195,17,5.7739023341659435,-3.9839583699820964,1.7708625989855307,-14.304431411921417,2.270115796217396,-5.546021915170053,2.776462083000462,-10.986736696770091,-4.310905928084072,280.47366106648246
195,18,5.774254466655471,-3.976935429592377,1.7708260566628238,-14.27060959952652,2.2691229132047432,-5.497156564464158,2.7761719431642864,-11.131786125552763,-4.310439853413572,280.4737930808723
195,19,5.7741000583330555,-3.97583290277127,1.768272110407472,-14.255655810784464,2.2706124050155414,-5.560858244619302,2.7763709402904846,-10.950235512403582,-4.310168045458052,280.4735273701623
195,20,5.7738085555967364,-3.9831218046210894,1.7806036541830548,-14.354489508908175,2.2682532607119814,-5.425633641844004,2.7757706949344176,-11.086635994152358,-4.310630938959214,280.4738350549569
195,21,5.774017034614679,-3.969146632665965,1.7695470339443755,-14.310787296152366,2.2699541757080155,-5.462770095695852,2.776339325822981,-11.04934738785625,-4.310548750381954,280.4734788078348
196,0,5.774122600714643,-3.989930845524374,1.7675055964647963,-14.112994178924763,2.270278082765759,-5.516850176062949,2.776375641547075,-10.951164876363242,-4.310184338794916,280.4737949561238
196,1,5.774295909271449,-3.974458605532791,1.760530380856366,-14.370952695016664,2.270538435289607,-5.524774178806049,2.776197787632177,-11.032364485050879,-4.310408921728824,280.47370710795013
196,2,5.774318134398844,-3.9692256219605806,1.7662508544291222,-14.339383336161772,2.271107496201473,-5.556297924232634,2.7765046653681993,-11.06007668630391,-4.31022151117245,280.4735152523836
196,3,5.773836407486962,-3.978794067928589,1.7673793181434934,-14.138224300819443,2.26981213007243,-5.566182917490577,2.7762320504685802,-10.965994485291066,-4.310321141412985,280.47363905614407
196,4,5.774013335827678,-3.9797042871467303,1.7714245289913422,-14.254177927566811,2.269844395089103,-5.54168532074938,2.776412091626761,-11.155884500126966,-4.31097488924763,280.4735651227917
196,5,5.774205863116763,-3.9790623053376573,1.7662382782029034,-14.451665012181664,2.270444307875382,-5.4494791051283675,2.77637707159445,-11.149560549832959,-4.310245126856241,280.47365151822663
196,6,5.774029454469248,-3.980379865923564,1.7707301290995394,-14.107122820371726,2.270160502306509,-5.6120236368850565,2.776095217301094,-10.844996595878301,-4.310417834247829,280.47361601360166
196,7,5.77392731682986,-3.9846223355729276,1.7774443783560308,-14.343762227179209,2.2710988786415207,-5.574028972459842,2.776831925759452,-10.898159405818012,-4.310483169924346,280.473612788839
196,8,5.774150175468446,-3.985179620916645,1.769869784347852,-14.303197628094134,2.2715885636503,-5.521247148318153,2.7771683889128944,-11.112829814198756,-4.310684994610292,280.473840886963
196,9,5.773892198597719,-3.984734700196408,1.759486009475397,-14.129011843583939,2.2697023613311997,-5.58397032727281,2.776317351476716,-10.966035545340956,-4.310484788588395,280.4738049384048
196,10,5.7740351600088,-3.9841788538100222,1.7725888217547983,-14.184884749768136,2.270515020378528,-5.563046602925474,2.7766896637470677,-11.023077805894047,-4.3104968852841825,280.4736459192195
196,11,5.774107463776311,-3.980453633735546,1.7666410250253737,-14.41062109288672,2.2710347563670763,-5.464269601509575,2.7766340341788043,-11.22469156268921,-4.31050618939718,280.4736567001286
196,12,5.774164117240608,-3.9814080297070755,1.7691341090453674,-14.227859591130331,2.2703235699585003,-5.555177974152547,2.776189569215299,-10.907001133428924,-4.309990113061636,280.47372007919205
196,13,5.774118887309874,-3.9785970428795596,1.76352910071707,-14.25537211669405,2.269535986200283,-5.515672934664523,2.7760849447944658,-11.053096520674359,-4.310870591790406,280.473688551905
196,14,5.774032008269487,-3.976477789292388,1.7660742121404673,-14.143905593503096,2.2703889598800906,-5.581952970874472,2.776316762868688,-10.910446089542381,-4.310601397178658,280.47352703939566
196,15,5.77395450147974,-3.979505510996894,1.7711814642644008,-14.292884852238597,2.2700829344693516,-5.55684388428452,2.776064060036397,-10.90398506402994,-4.310383956064947,280.47360220487104
197,0,5.774088663483772,-3.9741562241559594,1.7764052777892763,-14.2968109981731,2.2706320113892455,-5.537339415680241,2.776012938838447,-10.960620169776847,-4.310219285071494,280.4735775330967
197,1,5.7740488832750225,-3.9839065482103777,1.765903255988226,-14.32753208671798,2.270845924800434,-5.563660690281321,2.776593985607271,-10.90787533357622,-4.310669863522785,280.47367832316104
197,2,5.773909704419556,-3.9808259424625176,1.777474957742146,-14.210101104195289,2.2699904196749126,-5.536399781578179,2.776313246225392,-10.995930006236053,-4.31029490179192,280.473620458012
197,3,5.774130116318337,-3.9747680044935447,1.7719009255290363,-14.290753190963827,2.270149652039259,-5.5103510260453215,2.7763582215565954,-11.215165153142944,-4.310606135543003,280.47355212716855
197,4,5.7741065068523865,-3.9744512944865575,1.76716847185304,-14.282162220843247,2.270358581722284,-5.517533956523257,2.77678195028239,-11.018490183913146,-4.310890131338948,280.4735962338924
197,5,5.773958355348152,-3.9834830751903727,1.7712470538757268,-14.257963355733464,2.270094962298359,-5.554920348023616,2.7766176054407765,-11.158945915201206,-4.310650490617525,280.47368399036367
197,6,5.774269269283298,-3.970604461699477,1.7675426756815702,-14.272388943661202,2.271836167584447,-5.528864234688763,2.776441758270196,-10.864014667089322,-4.309705239001472,280.47355239618776
197,7,5.774206366266502,-3.9882514547633803,1.7676838324204935,-14.41706931345776,2.2721057950935397,-5.63940178189956,2.7761156111557312,-10.63755605096476,-4.309559595142435,280.47388783285885
197,8,5.773858181206043,-3.9838451775263786,1.7631005958439432,-14.18195290483237,2.2698040405804005,-5.532450063608378,2.7763928407408747,-11.09440999767714,-4.310503319183255,280.47374422431454
197,9,5.774292148984034,-3.9742991631215205,1.7630256904495691,-14.392089834224837,2.2711231725294776,-5.5538826560328864,2.7762345984108525,-11.043270837753264,-4.309762740763979,280.4736803919154
197,10,5.773883111005845,-3.979893374956919,1.7734856099133254,-14.143205710514229,2.2706654210544697,-5.566532773267658,2.776674051215623,-11.009077094764836,-4.3103004034201735,280.4735629656824
197,11,5.77402055500141,-3.9774073086284267,1.7617421727870661,-14.243798061657417,2.27032149193845,-5.54383194554149,2.776401758780131,-11.013507030742408,-4.310750169491265,280.47367174644705
197,12,5.774046827055161,-3.9764438483886617,1.777712746229451,-14.161243377374115,2.2704910808533962,-5.527006444159223,2.776583822423911,-11.087448260735536,-4.310410959048757,280.47352311978443
197,13,5.774003340992881,-3.976739607138591,1.769204968457726,-14.16321637214092,2.2703754790691026,-5.650443878104809,2.776555207887906,-10.683403054608432,-4.3106553379585195,280.47349560776047
197,14,5.7738550465911,-3.9857354530174205,1.7800779695416564,-14.185413572589153,2.271622600630728,-5.621977931650547,2.776877196466209,-10.803379698539125,-4.309804435595709,280.47379376874164
197,15,5.773884797357414,-3.9805705422870497,1.7786770636861955,-14.146994374617485,2.2704726717671773,-5.594206962166549,2.7763515639776823,-10.899346240321925,-4.310236183825602,280.4735722322798
197,16,5.773966113280017,-3.9722049350608883,1.7667375993209609,-14.224141040184982,2.2704616165995932,-5.576982096659046,2.77692093573674,-11.059218076203777,-4.310785941854617,280.4735807747845
197,17,5.774332106925877,-3.9905962414963856,1.7616462417357972,-14.393662362016915,2.270992888328635,-5.553401283567213,2.776033843069081,-10.895252377217146,-4.310129072656995,280.4739277939069
197,18,5.774250905602014,-3.9761016098625137,1.7692573306146078,-14.270316222440602,2.270311514757067,-5.6131307185179855,2.776155172553805,-10.918186242738829,-4.310591220597175,280.4735975324198
197,19,5.774099088335119,-3.981425052006811,1.7608579341239028,-14.063290940056044,2.2696570489048136,-5.631128261022942,2.7755543310460555,-10.69409954536904,-4.310184626827302,280.4738875202452
197,20,5.774072243303002,-3.984525823055741,1.760348815513757,-14.085975447636567,2.270843718856588,-5.642003076700048,2.775775542738632,-10.6986204190045,-4.310225121077341,280.4739972091893
198,0,5.7741880162666295,-3.973943781709495,1.7695514403400232,-14.2900838385625,2.2702373023418008,-5.553125831389187,2.776153626642332,-11.023395657522318,-4.310590475286747,280.47355739460033
198,1,5.774057768578512,-3.976121747269214,1.7716200586361843,-14.201424336517332,2.2703245258889675,-5.612389221121874,2.776952952247256,-11.14359165552947,-4.311043528942778,280.47360401455455
198,2,5.774008151021477,-3.9866744643838747,1.7750703370131315,-14.098594242577471,2.270426796425518,-5.575314433701872,2.7763744640272128,-10.92837165404855,-4.310346290607113,280.47366321828065
198,3,5.774060804357356,-3.974352418250585,1.771443909462345,-14.195994696509942,2.270605177675874,-5.546566608393998,2.7767162945935766,-11.161627800386118,-4.310520690599406,280.47347850093223
198,4,5.773991640485541,-3.9759773084771255,1.7727902092553525,-14.283565288987509,2.2708374786352254,-5.478174887260173,2.777015715999042,-11.260981377846,-4.31064245420631,280.4735816102518
198,5,5.77401647286026,-3.978457605514094,1.7714035407923665,-14.204410364987503,2.2698369827705065,-5.597456048078532,2.776372590933804,-10.92499531138572,-4.310997769850552,280.47352067078293
198,6,5.774131177257014,-3.983071731943191,1.77344600040177,-14.200547767302169,2.270941567177761,-5.6236038773872075,2.776531739826802,-10.756074277624403,-4.310336010936329,280.47357537493986
198,7,5.774046028149194,-3.97623419573444,1.7716629548618712,-14.203755622768544,2.270211149324486,-5.4724804861932,2.776095384098782,-11.097847519492172,-4.310154488278385,280.4736066650269
198,8,5.774036323478902,-3.9727724218561473,1.7722463766898437,-14.108870135819691,2.270454120766782,-5.591147859918377,2.7764558653949196,-10.81428608544922,-4.31061772343345,280.47346760077266
198,9,5.774028508869302,-3.97451225506436,1.7716893397378426,-14.319269195528877,2.2698550814930254,-5.5206923151307725,2.776083737671938,-10.838703105484308,-4.310190286129735,280.47356501400935
198,10,5.773841269211692,-3.9859868185101868,1.773090595767788,-14.1427337307053,2.270121816259638,-5.578132526865977,2.776753367259033,-11.006310847171031,-4.31121810852925,280.47371108499607
198,11,5.774270894742625,-3.983299921403775,1.7590034017216147,-14.160834232950883,2.270927952254144,-5.585639046308361,2.776495197502202,-10.913685172811212,-4.310385455941663,280.47374950344454
198,12,5.774159529354319,-3.9850187894962965,1.7660754397293479,-14.262188847748408,2.2709442889218434,-5.54961325504441,2.7765030869108402,-10.854765904324681,-4.3101962600642745,280.4736633230692
198,13,5.774080396955685,-3.9775861054532373,1.7767407352508342,-14.34033653655396,2.271618005398059,-5.502238339113173,2.7768570454137085,-10.993073936365864,-4.310103494345904,280.47356807698884
198,14,5.7739874173741,-3.9714842336376974,1.773353559202327,-14.299207028697982,2.2710793142102608,-5.458270159880013,2.776920130179496,-11.263359303539554,-4.310505965206152,280.47349099279074
198,15,5.774104571765954,-3.970233772014412,1.7684128599460043,-14.171137941083556,2.2698750457209296,-5.552545567604528,2.776251864443099,-11.123169351055825,-4.310253854481638,280.4735329973991
198,16,5.7738951813943356,-3.9793065836532833,1.7749547610232392,-14.138234295213017,2.2699233467728663,-5.5745962620551435,2.7767479236847725,-11.145316476204263,-4.310825851951262,280.47356307241245
198,17,5.774094472961448,-3.983184929771909,1.769876656924963,-14.17099962028874,2.2702983806785024,-5.63443133238207,2.776653825575896,-10.725824881742975,-4.310565798258841,280.4736028493256
198,18,5.774147443967845,-3.985592381642548,1.7721965441900722,-14.28539690695706,2.2708819624770404,-5.5353467530478495,2.776513711198166,-10.95579059007134,-4.310535449602793,280.47366858205623
198,19,5.774307129948611,-3.987899378528187,1.7618198257174063,-14.283971176367027,2.2705344390366062,-5.520438070178838,2.776586173284273,-11.032345422159457,-4.310594323752125,280.47390450614944
198,20,5.7742597796024215,-3.9828660942149505,1.7725574359321443,-14.317999867829105,2.2705706289803906,-5.556169740298684,2.7766660392919964,-11.147313940173635,-4.310938579660671,280.4737378335393
198,21,5.77404809483988,-3.970126218215774,1.7809912245879713,-14.280388039847075,2.2707135166572407,-5.500012997217788,2.7764033510557704,-10.903554847199942,-4.3102681052122715,280.47348187431044
198,22,5.774183457171176,-3.97275378829455,1.770754450986579,-14.149968989614647,2.2712020974850295,-5.641890060400196,2.776487447455046,-10.684750243511557,-4.310083389867527,280.4734225869846
198,23,5.774094408609364,-3.9810396802986796,1.7724694984758866,-14.223129864463871,2.2703963295899032,-5.54745854657998,2.776358010968325,-10.984775207607292,-4.310464789650099,280.4735750059184
199,0,5.774055326779914,-3.973262601354036,1.7696564337956227,-14.060511124486998,2.2705233090988926,-5.673244123126868,2.776290087760093,-10.774374651244388,-4.310253476079452,280.4733934373908
199,1,5.774034298314142,-3.976185043893713,1.7734854364171129,-14.231567783305742,2.270788257515159,-5.540803700373178,2.7766670194188054,-11.143423084045141,-4.310735072552601,280.4735484847779
199,2,5.773948105091397,-3.9812894617169783,1.7767453082693967,-14.082334612637212,2.270031051437905,-5.542078715211715,2.77608334733149,-10.951415127158429,-4.3100963578637455,280.4736723047779
199,3,5.774191544345415,-3.974850892519893,1.77352456060806,-14.119706395323862,2.2710748491684742,-5.637686748052178,2.7764097141153856,-10.703389941274526,-4.310107979019455,280.47345769876205
199,4,5.774037725086297,-3.9785844092327918,1.772609205228827,-14.236953926985038,2.2710238933253084,-5.567312773277156,2.7768993671446958,-11.061229560660905,-4.310423273377452,280.47355978822014
199,5,5.774026110962741,-3.9727358829083865,1.7728869235362303,-14.151068459039765,2.270964573756526,-5.634539251254149,2.7764922158587253,-10.765166810954188,-4.310515429929853,280.473473138778
199,6,5.774107799815476,-3.9775369972929546,1.767038928460436,-14.09933570689772,2.2711619950465147,-5.60088196059629,2.7762230720408976,-10.725103623709055,-4.309996568090786,280.47364525013745
199,7,5.773970055406412,-3.986808863979262,1.7749013212864948,-14.190291277896923,2.2700253324131285,-5.608775212106492,2.7765641423105736,-10.904301150149715,-4.3108834728659895,280.4736145373156
199,8,5.774012444905721,-3.9775669166279877,1.7708781205624171,-14.254060320713059,2.270710212375023,-5.561601326661572,2.776856042619778,-10.897930215862573,-4.310367784850784,280.4735881017073
199,9,5.774120406955111,-3.972861108341978,1.7704657970924558,-14.042449670965928,2.2711263478542048,-5.646703811556595,2.7765208483666424,-10.655807210582855,-4.3099344119762275,280.473455948004
199,10,5.7739975827954755,-3.981123084093219,1.775138576185812,-14.208224745000742,2.2703766650384742,-5.543386784572275,2.7763058076808873,-10.91181788402694,-4.309949393830109,280.4736385846175
199,11,5.773911866296109,-3.978656468159218,1.7694382440707779,-14.022911375894545,2.2696455728530514,-5.547400855813334,2.7763739558513594,-10.971899677729308,-4.310486768640608,280.47359946441316
199,12,5.7740439710631595,-3.974694739413468,1.7799753661691333,-14.241739579461374,2.2704361488652687,-5.5482240344423674,2.776569598739301,-11.0321000164868,-4.31036511001017,280.4735528819652
199,13,5.773960400786507,-3.973899595209442,1.778176558257578,-14.130402675449304,2.269728599501753,-5.5737692110137615,2.776393947430512,-10.92800465655361,-4.310456029095747,280.47344183391874
199,14,5.77402085206288,-3.973707787514998,1.7743540915822877,-14.211328045309964,2.271225489913846,-5.53197722465925,2.7767587856073748,-11.131782429073745,-4.3099690358585665,280.4735325283448
199,15,5.774136895213865,-3.9811529677506736,1.7706864097905275,-14.275986833183506,2.271527970395583,-5.581691340660445,2.7766721589315657,-10.698264480853991,-4.310353768257767,280.47359520126577
199,16,5.774033811684085,-3.9747521560067987,1.772892016913768,-14.120572131002756,2.271402362998484,-5.620571380101284,2.776638402005632,-10.741719858569606,-4.310319308471722,280.4734615232802
199,17,5.773937715659021,-3.988409598715846,1.7838005494849813,-14.130115943132694,2.2707655799552806,-5.656816596159133,2.7767927907187846,-10.753147033446941,-4.310364974159854,280.47371223267703
199,18,5.774083740078299,-3.97654380012075,1.7758708196972248,-14.164020804661902,2.2709273880893575,-5.620771804999605,2.7763240610871684,-10.651264542262084,-4.309985335239858,280.47346178687224
199,19,5.773994405494988,-3.9825299088399295,1.7750319103758527,-14.06900317135185,2.2707783335286718,-5.68234845294965,2.7767007441103013,-10.652936134864847,-4.310359439951008,280.4735070535553
199,20,5.774306604416718,-3.9780782575987232,1.7657450668345525,-14.35279625330291,2.2713610029687996,-5.4975579557259255,2.7769136953300584,-11.158185531340443,-4.310523460706526,280.4737033163124
199,21,5.774113146593333,-3.9799671588178818,1.770604631936949,-14.246373761890112,2.270320254094343,-5.503787706032099,2.776466742603955,-11.163939982137448,-4.310486566520753,280.4736313325233
199,22,5.774066294327507,-3.972905147621428,1.7735691374283398,-14.226476875845622,2.2706962645636843,-5.568799681839526,2.7765394486368966,-10.89401089266979,-4.310318694509419,280.4734322027201
199,23,5.774008759702553,-3.988834713921118,1.7721128649786249,-14.225201899288722,2.270866545718456,-5.5838848115739115,2.777005281289143,-10.990140646453236,-4.310962205357892,280.473763493249
199,24,5.774006929602208,-4.0006266507035155,1.769295974729963,-14.127205965422325,2.2705218962497815,-5.638745483837343,2.776570044515998,-10.711567598519776,-4.310740814234428,280.4738462715947
199,25,5.7740996936822215,-3.9714847380453655,1.776277928291243,-14.328179911763511,2.271412461855004,-5.532367991718484,2.7768328161831577,-10.95037815094595,-4.310374531879406,280.4734026415393
200,0,5.774083244760499,-3.9792158988671105,1.7613536791298459,-14.08526073559285,2.270520736911811,-5.672120853805631,2.776190074657359,-10.733878097819392,-4.310171514805975,280.4736114567703
200,1,5.774043429182853,-3.9691924418668503,1.783017700698622,-14.168029248192639,2.271107583191787,-5.579060043696589,2.776519455611342,-10.760944351631457,-4.309947688629903,280.47351855567604
200,2,5.773840469438875,-3.9831770626693395,1.776130966481658,-14.106498537129895,2.2698101460962103,-5.579568561535924,2.776440754438746,-10.89408929209995,-4.31054512432214,280.47358627950985
200,3,5.774002411329466,-3.9803851828616623,1.7709464199046168,-14.229475055316753,2.270206571939364,-5.593264900989778,2.7765153398964215,-10.857833615584417,-4.310710212452063,280.47355595292055
200,4,5.774178222783431,-3.970923060247369,1.7715260933907673,-14.215091771407854,2.2715347408307855,-5.6028332091087485,2.7767688605798138,-10.855652008221494,-4.310440226307093,280.4734090398401
200,5,5.774100935127695,-3.9744292064535225,1.7757890982650766,-14.176096071860798,2.2712852553996457,-5.613063805915413,2.7767315386593894,-10.99026174223557,-4.310190887351418,280.4734839438082
200,6,5.774013783235536,-3.97725671930006,1.7727829352513769,-14.04851134918388,2.271211759983183,-5.6317951891011075,2.776718717007617,-10.812054263051738,-4.3101109944478475,280.4735117215532
200,7,5.774224489025785,-3.977233305513275,1.7706754997846985,-14.067995481442404,2.27174899272354,-5.714869573859358,2.776287165717543,-10.478085828616228,-4.309939531565082,280.4735568382812
200,8,5.774027826013162,-3.977237965018784,1.7747812703964034,-14.102554669226446,2.2708745528143752,-5.604052603926286,2.776956739916401,-10.990605200881213,-4.310452237480434,280.4735292646818
200,9,5.773996968029043,-3.9762311632632317,1.7754401388814494,-14.09366299256493,2.2706140523060157,-5.626651239722961,2.776299498813428,-10.818930299320144,-4.310828430955725,280.4735309715646
200,10,5.7742018569892615,-3.977223070951322,1.767405792475957,-14.29433446065114,2.271408977031455,-5.554889526982972,2.776741579950389,-10.973193100701748,-4.310247043979515,280.4735561575096
200,11,5.774028766540109,-3.9778606720797973,1.7729574058646766,-14.266452331286006,2.270689636478948,-5.578335288282735,2.776729408126455,-11.065577645167638,-4.3108290527617195,280.47348554839897
200,12,5.774097480465763,-3.970832934198289,1.7734231021658315,-14.144147643689664,2.2703137347999314,-5.587910194984521,2.7761388276467596,-10.791139582666545,-4.309929459415962,280.4734858622277
200,13,5.77412730291036,-3.9853657410084318,1.7679957461715954,-14.191786478463571,2.2711959967999986,-5.618549106469644,2.776610627604972,-10.813225208989563,-4.309956626189795,280.47364960848734
200,14,5.773970419422718,-3.973714689455609,1.775470941909734,-14.067135575939686,2.2703552394478987,-5.556254761053208,2.7764089520681288,-10.912501880522926,-4.310447549870162,280.4734311481556
200,15,5.773947967118924,-3.980921938305092,1.7776711951481279,-14.210788982238954,2.2709484367855444,-5.593224420657724,2.7768776130635344,-11.061894699739316,-4.310305236913836,280.47362178685614
200,16,5.774094567963939,-3.971197976083981,1.7701553201589337,-14.132141271331875,2.270445053855741,-5.714657527647434,2.776319746503663,-10.65759781287536,-4.310389858933699,280.47335654860524
200,17,5.774176749694246,-3.9693442674944843,1.7742020340028424,-14.114523830439774,2.27071673683024,-5.613004178060471,2.776505459860956,-10.842071336084924,-4.309974429602975,280.47344417598015
200,18,5.7739609596912995,-3.9782418861881634,1.7829508120323245,-14.236263065635208,2.2703588088209274,-5.560426263605098,2.776438659098784,-11.018949266105233,-4.310347282209451,280.4735657845007
200,19,5.773945748797269,-3.9843113411379396,1.7773856018774437,-14.08080556355674,2.2704095674630747,-5.621601975121275,2.776527027495288,-10.57054800074205,-4.310207072020986,280.4735740391094
200,20,5.773989876506479,-3.9711276439611183,1.774159022837468,-14.077291560320031,2.2701025477865544,-5.634925618765954,2.7764084799577913,-10.773570005226889,-4.310161418726571,280.4734243532684
200,21,5.773874244589961,-3.979375226573286,1.7744156021809088,-14.159150312583334,2.269025275534961,-5.551634886692234,2.776240327348697,-11.093098773072194,-4.310433019193496,280.4736801841609
200,22,5.773999350382375,-3.970193600775876,1.7757379279033478,-14.122521878144354,2.2700247374988347,-5.56735419604096,2.776456448511599,-11.124606905345372,-4.310548685035943,280.473403991846
200,23,5.774105805248493,-3.97310651043751,1.776873909962206,-14.19192379595428,2.2704537557847346,-5.577347150160495,2.776348689142813,-10.745708458628858,-4.3100576240307795,280.473500249278
201,0,5.774075668044049,-3.970620548353965,1.7759178553931576,-14.024848831726043,2.2704317236734037,-5.630782345916915,2.7766506627302503,-10.902393126388354,-4.3101903738518414,280.4734631005316
201,1,5.774159614071429,-3.9738864852038387,1.7680569595836313,-14.051368262414645,2.271622128444346,-5.659529472311881,2.776743860646802,-10.691535447905547,-4.30986194433738,280.47345999595086
201,2,5.774092071930366,-3.9718212254915573,1.7746772130878703,-14.147211769958972,2.270348502923224,-5.643306818655367,2.776177700388437,-10.706584610629877,-4.310028950214981,280.47346827115996
201,3,5.774188964240519,-3.9751804377510767,1.7753454734616705,-14.190426332409794,2.2704604759981986,-5.618978494506487,2.7764322136672206,-10.850369870302584,-4.310110613536378,280.47349392711817
201,4,5.774046278447058,-3.974649071351771,1.7818765405626453,-14.126727066942161,2.270186171451131,-5.536012120896998,2.7763323868150813,-11.125003310043372,-4.309951849202349,280.47359815957066
201,5,5.774097953989142,-3.9729304249949684,1.7722732554383762,-14.183546753795332,2.2708919356405035,-5.652672361504613,2.776339486595922,-11.032288234613981,-4.310512335201609,280.47344967049105
201,6,5.77389864997245,-3.97413752268985,1.7785068815757077,-14.1954007970968,2.270838726110615,-5.610483030048644,2.776635198014155,-10.754837112008977,-4.310534221170024,280.47342857696776
201,7,5.773989719955842,-3.9712190848547833,1.7770743449019557,-14.165468235812417,2.2699137680823207,-5.5594600932702605,2.7765283732865504,-11.074052335168858,-4.310666779615297,280.4733841605919
201,8,5.774005253719496,-3.980635717902239,1.7754248138215962,-14.01339800165275,2.271189909927728,-5.712475012440643,2.7763252990236835,-10.409500710475305,-4.310189699964011,280.47351775877456
201,9,5.7739448361105765,-3.973689950204505,1.7677250095702695,-14.15786291906975,2.2704529292736613,-5.588114114951236,2.776369533420165,-10.948701160066967,-4.310318430290322,280.4734707374805
201,10,5.774139756515899,-3.9807157828724336,1.7736671931358154,-14.027939711542796,2.2707504850277633,-5.651481685395097,2.776436661669817,-10.748108397317878,-4.310286826024309,280.47355447404726
201,11,5.773932724276735,-3.9731597881570444,1.7783379699205544,-14.031374807368426,2.270452136153099,-5.686811071931082,2.7767036482304297,-10.693114259978685,-4.310183382582484,280.47343674755297
201,12,5.774290976450933,-3.9726291741481523,1.7687319348777895,-14.250907908300569,2.2707984106972807,-5.6032946939898896,2.776384105384152,-10.853022862421223,-4.310243807441947,280.4735319422624
201,13,5.774010244490677,-3.9741433180126124,1.7775049815334327,-14.003612228695903,2.270024398091543,-5.7251854477077355,2.776229858705688,-10.516191220408803,-4.310051142595995,280.47348467920324
201,14,5.774007016083651,-3.969156582643387,1.7713934417689763,-14.189648539654451,2.270603763454811,-5.658649116345081,2.776520301745235,-10.858021847473513,-4.310202124979629,280.47330537139095
201,15,5.773866409738703,-3.9748685336309344,1.7832029962223557,-14.149936290878788,2.2712481814132457,-5.588447759722378,2.7770206666345114,-10.937801707896522,-4.310436738509784,280.4734945948686
201,16,5.774154441213463,-3.97192064705706,1.775561961698214,-14.26243447362156,2.2704385358226644,-5.482715582634379,2.7763899460001915,-11.149015439558028,-4.309942686314662,280.4735371326692
201,17,5.774129065411716,-3.9732584345287467,1.7657914501130105,-14.143106979414393,2.2707505060860274,-5.654248136340363,2.7765438052565186,-10.77911720966837,-4.310678058972663,280.47343503773845
201,18,5.773986168857344,-3.9767465014852923,1.7781445875747615,-14.212078808245636,2.27041167990077,-5.594700816541964,2.7766544043280055,-11.005178856224443,-4.310392569599972,280.47354726176656
201,19,5.773878788519214,-3.9691040169568,1.7809428238773506,-14.247326023185433,2.2703923044956955,-5.46173905013532,2.776716393550284,-11.22991566293634,-4.31059375081586,280.47345603762574
201,20,5.7738647822599,-3.9801257378274313,1.7711336292691013,-14.082073158402508,2.2699939013449226,-5.647433837465825,2.7766923408927724,-10.87908778966309,-4.311154214605528,280.47351871868125
201,21,5.774049642890098,-3.9782400932622393,1.7736730012877013,-14.117111107091262,2.2701562056049247,-5.622638282805824,2.776306549682387,-10.862571427103694,-4.310548374574463,280.4735094812605
202,0,5.7739362616128345,-3.978141543305812,1.777745521237994,-14.316451780144853,2.2708955057055755,-5.472139376513988,2.777012685133582,-11.087315895663018,-4.310693919526143,280.4735702825124
202,1,5.774064737902334,-3.973443561361846,1.7693494083631758,-14.244303145701878,2.2704922384010757,-5.661718083805683,2.7766284248189472,-10.767034346652077,-4.310638139771568,280.4733830283856
202,2,5.773774218322748,-3.9754289451212967,1.7786148042923644,-14.018436023964576,2.269101628464375,-5.654903933701931,2.776251050690049,-10.793618857768182,-4.3106482348176955,280.4735052855974
202,3,5.774025669830371,-3.9694193766135806,1.7753352400354871,-14.056963206230003,2.2713087847126254,-5.6570296193058365,2.7766534347334093,-10.879016477782013,-4.310049578940241,280.4733684026888
202,4,5.773932046273279,-3.9739940632390693,1.7708519412965662,-14.094937846764742,2.2712212119972595,-5.773906883362247,2.776506677974161,-10.499170535911357,-4.30995007021627,280.47338584471606
202,5,5.7740328893424255,-3.9701291829009,1.7679061949840993,-14.262667279155943,2.270621491202798,-5.609119796440962,2.776294833326734,-10.927123647494026,-4.31043686773957,280.4733860247955
202,6,5.774046649351281,-3.973544275766641,1.7790467686754812,-14.223158600597749,2.270845892196193,-5.607906728815235,2.776681885974353,-10.901434481881022,-4.310319741332975,280.4734303506599
202,7,5.7739215110063435,-3.974503458372626,1.778965003496138,-14.195619996412578,2.2706662583344994,-5.598323368071858,2.7763902941144325,-10.648588369850176,-4.309804010338957,280.4734985499511
202,8,5.774056961113278,-3.976040844086633,1.7811005087428136,-14.138397829032092,2.270867708736882,-5.551182794592371,2.7769259363971215,-11.006680553167396,-4.310301649404093,280.47358774439755
202,9,5.773949365270106,-3.97595805218445,1.77310708345852,-14.213525134670105,2.2705077385578667,-5.612687642329461,2.776590987619772,-10.829742187159672,-4.310533452609983,280.4734208304633
202,10,5.773953660396755,-3.9717443480263306,1.773960543102909,-14.080223868803957,2.269654332593158,-5.567603698460859,2.77662594070402,-11.15521371325826,-4.310426452468771,280.47353947061583
202,11,5.773988982977534,-3.970650872708415,1.7820046556643048,-14.120949682100477,2.270492718443394,-5.691973385253067,2.7767750566947784,-10.813649836849466,-4.310418875842713,280.4734406025436
202,12,5.773910209926182,-3.9727601361564724,1.770125946651338,-14.089543172046229,2.2706730750473993,-5.773089646955096,2.7761370014031965,-10.423046260996749,-4.309852014146439,280.473482860369
202,13,5.773825060225421,-3.9754645237743427,1.7760625884122974,-14.111579027779356,2.2707219921648405,-5.584674370912088,2.7767118666230894,-10.881336222794195,-4.310103054268838,280.47350286928327
202,14,5.7738707216345055,-3.9738321248396375,1.7756721234798807,-14.164871324920368,2.2713387360946977,-5.642145617925563,2.777015804315049,-10.788861139208647,-4.310137994550015,280.47346546748287
202,15,5.7739912831346425,-3.969651979314139,1.7768847223988096,-14.144820781250864,2.2698746835836436,-5.562107362772076,2.7767989011397454,-11.120578932145161,-4.31097661333707,280.4734665669384
202,16,5.774018682356321,-3.9756374086465587,1.7746753351038516,-14.135612747959552,2.271137554149449,-5.679432196042859,2.7767426951015564,-10.660898476937058,-4.310245323347593,280.4734043443172
202,17,5.773966957214324,-3.9771718577012045,1.777507441456786,-14.208322743368278,2.2713929955751144,-5.638331529129524,2.7767513463111624,-10.826683839105955,-4.309914992079629,280.4735540292806
202,18,5.774111070736156,-3.9760082187001835,1.7690843136689351,-14.142708529415346,2.270571334732898,-5.6115337865487565,2.776370406541001,-10.939641183563499,-4.310242959775379,280.47351303384306
202,19,5.773895848029846,-3.977724443187682,1.7797884423121135,-14.15328332584817,2.271641117682497,-5.686706333619579,2.776939160633209,-10.754323653546644,-4.310421543255816,280.47353398093907
202,20,5.774079140107847,-3.9736513093079355,1.7729422758706266,-14.190570302452695,2.2713445350369996,-5.625083435238138,2.7767282221168714,-10.758760168198263,-4.310215575549285,280.4733976905829
202,21,5.773848350214542,-3.974452599554524,1.7704169325850005,-14.09092808298177,2.270946651234467,-5.6618333670021075,2.776824995303872,-10.951975103564264,-4.310857534488012,280.47348424753875
202,22,5.773946861526658,-3.9758662002881064,1.7751302116832004,-14.155251435992506,2.27011704849317,-5.628547763597242,2.776475627329727,-10.759097953204146,-4.310444865038864,280.47343529763737
202,23,5.773975099022858,-3.9702286314884927,1.7703471622394749,-14.162401836680312,2.270344962745505,-5.557155279469604,2.776559877692126,-11.107881716696873,-4.310617300965917,280.4734771557371
202,24,5.773993145470113,-3.979258144439308,1.7724590422229374,-14.233698728111488,2.2706392671801683,-5.593548579011952,2.7765290153557975,-10.750605727920272,-4.3103181340471135,280.4734730729505
202,25,5.774066342530264,-3.971710280439633,1.7716005021467693,-14.149624057058935,2.2703534733000503,-5.595859180375955,2.7763513582950337,-10.953462361836298,-4.310344581598806,280.473420147656
202,26,5.774194349155001,-3.9769857859955557,1.7735533677516746,-14.002770027936196,2.2710521853018633,-5.708844814418513,2.7766540053738478,-10.6069923733634,-4.3101370437830715,280.4734945403549
203,0,5.773925535342234,-3.9789552840803406,1.784169726284994,-14.029616520415653,2.2701694232942025,-5.6201875935515115,2.7765627940741595,-10.936933966671019,-4.310052764506012,280.473696737851
203,1,5.774005963846369,-3.969303073943419,1.7720640615154781,-14.148280966201419,2.270722744734363,-5.647012815165552,2.7765296432303153,-10.794761752303952,-4.310755239108739,280.473328238986
203,2,5.774048790891055,-3.975014210436388,1.7772103702533186,-14.32875321258259,2.2712329725625073,-5.558534195025726,2.7764708178707087,-11.007768560064637,-4.31021116791875,280.47353341201875
203,3,5.773987979079511,-3.9762470707714246,1.7810848306540603,-14.190375333642015,2.2710627133439587,-5.615923957472845,2.776931611141358,-10.919063705301845,-4.310106705181866,280.47355803722746
203,4,5.773916960899589,-3.972699457194893,1.7827677049886004,-14.226682982397891,2.270495903640673,-5.590907065645066,2.7767228660903798,-11.048428715043084,-4.310432980247693,280.4734997784591
203,5,5.773973354837196,-3.971294209727235,1.7753304614897467,-14.287655620980557,2.27051682512592,-5.644732405396449,2.776557063234802,-10.673182633732814,-4.310374330750184,280.47333401276074
203,6,5.774151625992067,-3.972681257942581,1.771035922810711,-14.204285300347076,2.271310853723718,-5.544749854463508,2.7767502987286647,-11.018882392098241,-4.310071579340478,280.47349878520237
203,7,5.774043451356216,-3.9733145337983284,1.7740962557438829,-14.290108209791253,2.270760484646149,-5.603359767473748,2.77663216863608,-10.95746218510109,-4.310792099090441,280.47344696665976
203,8,5.773943539746589,-3.980393694771141,1.7738173077157284,-14.130251659352291,2.27072857144789,-5.56011705337187,2.7765207892226353,-10.869253940769706,-4.3103911195787665,280.47354025973715
203,9,5.773902612342689,-3.9729177164715974,1.774669868018565,-14.06406156182473,2.2712582877237075,-5.695252643960068,2.7767522170117696,-10.51815098517476,-4.310049379963382,280.47337419424144
203,10,5.7742187946674175,-3.9733219199185994,1.768168555331524,-14.257758485897291,2.27146037880655,-5.633622109582514,2.77645542454869,-10.892114682202358,-4.3101441818537465,280.47348926451315
203,11,5.774049536673466,-3.9755998481721817,1.7751378683618786,-14.281207427384578,2.271422128771897,-5.666875227697085,2.776712997896502,-10.657350620753979,-4.310051254429711,280.4734470648608
203,12,5.773948000569997,-3.970665682386407,1.7708369338894927,-14.170999378209759,2.2709939637855134,-5.692710667805648,2.7765335232390758,-10.755103231935598,-4.310517483293183,280.47336846207867
203,13,5.77407954317063,-3.977953941716305,1.7715498117422022,-14.204436890500443,2.271300080285455,-5.594292315438005,2.776702885044456,-10.809329830856434,-4.309995064459134,280.47352811433643
203,14,5.7741191876962485,-3.971586641661922,1.7702583114981187,-14.23258316087178,2.271198476579428,-5.660794964641172,2.776510442472481,-10.826737685893928,-4.310322431753225,280.47343415877356
203,15,5.774004062165789,-3.9785511989587867,1.7671146324744114,-14.171182662946581,2.2712829059081128,-5.760803332667908,2.7765195961644444,-10.408091791364601,-4.310272803049557,280.4734935512327
203,16,5.77396530005058,-3.9733685302830968,1.7829375512272776,-14.13814502849512,2.2710844566494353,-5.598064504556058,2.7768458231321165,-10.961744006836314,-4.310155975503075,280.4735310497048
203,17,5.773892121413727,-3.973908837094187,1.7816834067595078,-14.159677704747287,2.2705158980783877,-5.604717755286167,2.7769294102819884,-10.894333109907235,-4.310418924752063,280.47347381659404
203,18,5.773906412083339,-3.980479805930212,1.778581058665682,-14.032547707334132,2.270708131556738,-5.647569047839816,2.776530919213769,-10.862688188936588,-4.309832336446929,280.4736423840103
203,19,5.774100423980865,-3.970982013903149,1.7698598157512881,-14.090234710699587,2.2704889873808494,-5.617399257339794,2.7763204893538047,-10.987260649737419,-4.310272467131761,280.47349845846406
203,20,5.774159033790311,-3.9770816908960227,1.7660272978485752,-14.030562796894536,2.2721633271274317,-5.79213263776283,2.77682568876033,-10.324379052846613,-4.30970350841149,280.4734560960858
203,21,5.774046904218453,-3.9704743370062316,1.7774804462093399,-14.16441226692804,2.27097427027077,-5.63169832097159,2.7765516113362283,-10.807727817757726,-4.310067421178695,280.47335011945574
203,22,5.7739638365448425,-3.9731521740044253,1.7748967789900612,-14.099707216542368,2.270988466989442,-5.666778171360534,2.776969306588625,-10.980764535487,-4.310409350062335,280.47342281087737
204,0,5.773962782607476,-3.9752707005910133,1.7764302357970596,-14.16337646485997,2.27057652666086,-5.629234208348657,2.776711457296856,-10.79569545392156,-4.310317145741564,280.4734320383393
204,1,5.773847299983969,-3.9774840542364225,1.7823754967096852,-14.282849190948125,2.271407099907367,-5.513950807463294,2.7769220283030633,-10.949207730206028,-4.310179831143309,280.47363855561764
204,2,5.773974204155966,-3.973235050502385,1.777999187595616,-14.173152243336709,2.2707697511928147,-5.607030876484243,2.7766744933605536,-10.810527206997586,-4.310295039943252,280.47342664358524
204,3,5.774127144803506,-3.9746966529681123,1.7767536876483452,-14.165425646304232,2.270321367441495,-5.592475927047537,2.77658949381855,-10.90876984830087,-4.310420978227761,280.47349867996655
204,4,5.774015866586786,-3.9768672915855694,1.7710348659270687,-14.329166085093666,2.271532769204893,-5.645445584657119,2.776593636447721,-10.732989286265864,-4.310749761253878,280.4735554825404
204,5,5.7738886736483215,-3.971205277439497,1.7776353101458566,-14.088138956383013,2.271282752591,-5.74590708069356,2.7768484462468632,-10.64754991364306,-4.310486534885795,280.47334985601015
204,6,5.773925007326388,-3.9751608120227067,1.779049956616154,-14.205076792162128,2.2710287181139583,-5.58661863514871,2.7768408120757844,-10.880750744602729,-4.310465925847239,280.47350152772816
204,7,5.77399444071653,-3.971885613092524,1.7708666440879681,-14.126351485803264,2.2707789185482956,-5.712819066535758,2.7763944097564526,-10.713795805796776,-4.310263707775865,280.47334624027854
204,8,5.773832125082939,-3.974188900863795,1.7750511167585699,-14.1101271630384,2.270993584218986,-5.759765262960001,2.7765729366845844,-10.47072290806568,-4.310296632631038,280.4734016311961
204,9,5.774058498832827,-3.9716911684025016,1.7760032801200696,-14.22071659427292,2.2704501901987153,-5.675436652757597,2.7762988890452798,-10.731901666050778,-4.310476513983005,280.47332946048493
204,10,5.774159264370697,-3.9714157141531086,1.77125414907706,-14.186087521875804,2.2714179262093124,-5.658677935122503,2.776783184660592,-10.798274209679533,-4.310089632717771,280.47340439835205
204,11,5.773939208906293,-3.97752869396274,1.7768647970481477,-14.220065635502317,2.272019279411502,-5.677654199752652,2.776837180578158,-10.599171976813054,-4.310012856808301,280.4735088332711
204,12,5.774032774048909,-3.972955620889387,1.7703215147925162,-14.095216700179899,2.270545517459263,-5.711819355106135,2.776334419218105,-10.610193720629297,-4.3098963085051984,280.47340349485074
204,13,5.77400752494816,-3.973584357081048,1.7721142603319795,-14.296495507306426,2.270592546840907,-5.581008291553796,2.776747568226853,-10.951320298053385,-4.310548472647325,280.4734257131722
204,14,5.774219636922127,-3.970198519041825,1.7713800338475743,-14.42313213591075,2.270892921694238,-5.557569185853434,2.7763490654632488,-11.039167945468241,-4.310516623757638,280.4734811602374
204,15,5.7740904933944295,-3.9750103482006516,1.7768303190130257,-14.282288215923353,2.271035440059019,-5.61325480033168,2.7765835234559946,-11.07098919994535,-4.310578672414305,280.4734798219872
204,16,5.773929171096208,-3.9773947741539124,1.776085162953326,-14.11381942191186,2.270495496124053,-5.704489790124729,2.776987559018538,-10.661618824123487,-4.310772090316318,280.47346173917845
204,17,5.774114545392375,-3.983098567593227,1.7751385982796848,-14.012574017833385,2.2711897702820347,-5.743091090426513,2.77663518597867,-10.453068788746476,-4.310124737801587,280.47351246890327
204,18,5.77398557281197,-3.9712059273833518,1.7786430717730195,-14.292546497222725,2.270702241164036,-5.603423728820431,2.7767045489981954,-10.726166114920405,-4.310520832826832,280.4733666246536
204,19,5.774102211109794,-3.973602888220238,1.7762967296470382,-14.247583045636373,2.2706938358133772,-5.607113231547014,2.7762719937321516,-10.827985948107871,-4.310205431020441,280.47345281299215
204,20,5.773961361367137,-3.9789521654343285,1.77265157757849,-14.109424354004075,2.271002905489595,-5.759293208530128,2.7769179998690445,-10.424961851435048,-4.310597601639554,280.4734272848548
204,21,5.773998770353727,-3.9714931808809126,1.7704323383373712,-14.052521364215698,2.271395808160388,-5.711953743708227,2.776814219735849,-10.602603902108678,-4.3103156631037445,280.47336480173556
204,22,5.773899795889717,-3.97189908157184,1.7807658078599269,-14.218627176663544,2.2697753927617828,-5.696168637600167,2.776440020083708,-10.597475076303077,-4.3106116507598795,280.47333757815227
205,0,5.774174495031202,-3.97329472617541,1.772216565364033,-14.041954251879634,2.2712551467955833,-5.69410509699839,2.7766498793653707,-10.774172826790844,-4.310215030713753,280.4734116037338
205,1,5.77395018788651,-3.976051489092777,1.7810713345055937,-14.281471109214982,2.269991042380668,-5.666764592866726,2.7764836327997946,-10.7360065560194,-4.310720542982566,280.47346273300315
205,2,5.7738372765301476,-3.9697348782683335,1.7798509019050017,-14.28615021786385,2.270393050468094,-5.689318769492217,2.7764065657720787,-10.637381536195385,-4.310403880109371,280.4733473227936
205,3,5.773808215759606,-3.9706688687174783,1.780730468154039,-13.989970570017666,2.2700594062716797,-5.715020099950284,2.7767474248182964,-10.620964867965522,-4.310402500812611,280.47340694588206
205,4,5.773918320917295,-3.978874969786725,1.7704363252008846,-14.02135592507456,2.270313830604485,-5.794943077635073,2.776524754134098,-10.470487508544172,-4.310447905331125,280.4734482883813
205,5,5.77376286217721,-3.9772367296185616,1.7811808612459896,-14.049097984924426,2.2698582624715744,-5.643483904125725,2.7768451176461824,-10.846517107304608,-4.31060791148534,280.4735552671259
205,6,5.7740018349152145,-3.9708189293077005,1.7725155258191478,-14.249383763862513,2.270251177228953,-5.754644038517888,2.7761921863770627,-10.504872332254115,-4.310494353046698,280.47332517336247
205,7,5.774071214665425,-3.970677617168214,1.7798698509818018,-14.242221759321401,2.2715001298981425,-5.671283177864714,2.7766945445654425,-10.552284530816456,-4.3099853408639195,280.4734058940967
205,8,5.7738935075116995,-3.9706024059115994,1.7844436530496777,-14.237572038980124,2.270506806798548,-5.607319911311868,2.776555808817936,-10.992931284322012,-4.310385396030939,280.4734491439098
205,9,5.77400346265082,-3.9769223203747535,1.7824862995664446,-14.208303482786071,2.271123474060904,-5.569906833227875,2.7768646703893873,-10.895373942395533,-4.310167829958619,280.47358074628437
205,10,5.773815500317169,-3.978481051532407,1.7708618332423434,-13.985630485885418,2.2698479046548092,-5.724191645961718,2.776618810082439,-10.732233745217679,-4.31076578441191,280.473464963104
205,11,5.774030445002752,-3.9788226609980453,1.7735834082814799,-14.178549393489918,2.270785942231605,-5.7507808838211085,2.7765123707185815,-10.634335440375414,-4.310252312529943,280.47347607444703
205,12,5.773978698583154,-3.9716958151035953,1.7761864124812239,-14.338452821497366,2.2704335631153247,-5.612951207400752,2.7763648558097467,-10.62223417964682,-4.310373506965003,280.47335898699737
205,13,5.773944603370235,-3.9763702510708727,1.7734164694952952,-14.09221223226563,2.2713470240183518,-5.787731735900678,2.776740129358448,-10.337518595874368,-4.309994935511181,280.4733822674728
205,14,5.7737891166018676,-3.9692998434808486,1.7746947309949646,-14.021165367122189,2.2707608818494203,-5.77027039507899,2.776547650672249,-10.506839253786058,-4.3103760191736455,280.4733420770802
205,15,5.774238886298565,-3.974009244203043,1.7696528602580952,-14.142021493759454,2.27190798443667,-5.793775922079045,2.776491101851315,-10.365640970517646,-4.309651680440245,280.4734483558766
205,16,5.774133020689267,-3.970526640487623,1.7704599447825062,-14.189258188893486,2.270737886406694,-5.608931741517208,2.776448266801465,-10.905936692781411,-4.310448212643657,280.4734248081669
205,17,5.773831454415775,-3.970126857032508,1.7767944505791406,-14.137546129458629,2.2702019980994184,-5.656799994413117,2.7765503457239338,-10.70336592084502,-4.310323253409049,280.47335358442285
205,18,5.773877243790174,-3.9756714922687486,1.7737974793309241,-14.106348318001256,2.2707888409841153,-5.820276594454777,2.7765145351827116,-10.30985369160869,-4.310802924937771,280.473320899667
205,19,5.7739076836065495,-3.976914441976416,1.7725261544004027,-14.329794183042575,2.2700448410927625,-5.588565268921431,2.7763655224761608,-10.899159209963258,-4.310733434796172,280.4734625942651
205,20,5.774048082201147,-3.9691675093335475,1.7780375550064467,-14.185393559703986,2.2713654640245844,-5.549032257364408,2.7769869118474815,-10.881416992408179,-4.310499508453352,280.47340612397375
205,21,5.77397851122399,-3.9787635696648063,1.775635128809219,-14.241761732006164,2.270854215812996,-5.651037124283995,2.7765582041317898,-10.43724449765391,-4.310004622442237,280.4734812773373
206,0,5.773896606410534,-3.9735669368229356,1.7744414614566364,-14.244145471750668,2.270324242011126,-5.743803616630503,2.776420293513366,-10.416944500605965,-4.310373315078073,280.47333152826764
206,1,5.773996793433651,-3.969983754577998,1.774912657820103,-14.150434760431711,2.269567840039877,-5.788895810502009,2.7760407762450736,-10.343235177104207,-4.311040486364456,280.4733872551673
206,2,5.7738370399543335,-3.9763455912248817,1.774144201069666,-14.22467924497514,2.2697671592320057,-5.634799630474255,2.7762400739197846,-10.755276983012386,-4.311128612449943,280.47350848790154
206,3,5.773970549111009,-3.9800091610816493,1.780289470599326,-14.449630924911427,2.270777010494982,-5.596280129663414,2.776704995281887,-10.763595578048617,-4.310716244361018,280.4735843228113
206,4,5.773978348216715,-3.97041973487604,1.775728635320459,-14.28198348262587,2.270613492037411,-5.475880382711144,2.7766361013667513,-11.151434580481297,-4.310709492887999,280.47343635295306
206,5,5.773709351373642,-3.9713221506260776,1.783233992210319,-14.003945377262632,2.2713300664040372,-5.878353632456014,2.77647867397342,-10.260431669854555,-4.310219078342045,280.47346337506303
206,6,5.773696460712281,-3.975720449916986,1.7822838832264254,-14.006780536392377,2.2695896274152383,-5.906237104282284,2.7764088506973743,-10.191552348307345,-4.310716999888453,280.4733322547237
206,7,5.7737044772561195,-3.9831875813183393,1.7791842166730236,-14.170139947167192,2.2694056850304314,-5.70547418468967,2.776450700265835,-10.457422138878824,-4.310835141202158,280.47352411221794
206,8,5.7739026255022745,-3.9794008492200716,1.779904406563922,-14.164541913517136,2.2713311110196823,-5.841786772430353,2.7768193262964966,-10.458400024726995,-4.31055060209013,280.4734564314266
206,9,5.773758723565666,-3.9727810257723823,1.7848635352351114,-14.302345061121446,2.2704750645801823,-5.703185091835819,2.7764066226476,-10.430604466697734,-4.3107130678704975,280.4734559093852
206,10,5.7739920597155185,-3.9809062114901983,1.7747548378224294,-14.363188371431852,2.2699206060688724,-5.520872578749937,2.7763046834320853,-10.941761320735418,-4.310575092911907,280.47356171321394
206,11,5.773962517880194,-3.9705418046560896,1.7715114467621764,-14.180229560123577,2.270592908454478,-5.7510006552103485,2.776191046343688,-10.457208951195335,-4.3107196126459435,280.4733943948232
206,12,5.77385711575749,-3.97835421039219,1.7666835534289196,-14.271461505699197,2.2711215945214005,-5.888124349120233,2.776262454064801,-10.046263915635489,-4.310248414231778,280.4734927861173
206,13,5.774143551706539,-3.9716906359492565,1.771913381759664,-14.318037024422148,2.27119587757743,-5.53239642722881,2.7765547277086533,-11.138190204702374,-4.310610410431201,280.4734823282042
206,14,5.773730823085743,-3.974730275962925,1.779274353696123,-14.025126561141565,2.2708071567330017,-5.897390393586046,2.7768103909306707,-10.1412272067033,-4.310625237682291,280.4733391987086
206,15,5.773851883708623,-3.9692471981500805,1.7804231217702888,-14.088517113133909,2.2704834916605945,-5.6937298108952925,2.776730953242493,-10.6335631277992,-4.310615026571873,280.47328912382426
206,16,5.774032626141328,-3.977476702049794,1.7724763764766147,-14.246325104223416,2.2690852741893868,-5.597181217538056,2.775903238728629,-10.779458096538336,-4.3104887484543815,280.47356974053946
206,17,5.774117405568276,-3.9716793803194492,1.7739273983888517,-14.307306015926127,2.271906461551746,-5.8066566442545655,2.7767557430185685,-10.404883622241346,-4.310491749546094,280.4733547259448
206,18,5.773843266040502,-3.971447349948919,1.7796061755272905,-14.129422919618559,2.2699565740588277,-5.707360738425665,2.776803598565222,-10.465350866918097,-4.311006546794095,280.4733766473591
207,0,5.7739137155560085,-3.9814822142187323,1.7650445980087537,-14.189351423285293,2.2714329231985677,-5.853150810826589,2.7770379802000305,-10.37309076044631,-4.31096793376739,280.47359324203967
207,1,5.773991090945492,-3.9737534731353046,1.773683326094692,-14.04019598171445,2.270159700877914,-5.720877477980212,2.7765636143333476,-10.75475697989915,-4.310644107847237,280.4733829358263
207,2,5.7738343299367045,-3.9784612328799454,1.7858410621447955,-14.046512850556978,2.271576673719192,-5.8665730326547205,2.7771702315609286,-10.26536849611345,-4.310547012396749,280.4734564299672
207,3,5.773816361110921,-3.971357539021027,1.7743461710025594,-14.10576276718936,2.2696238377479867,-5.6953161092626186,2.7764620219838614,-10.614893273579725,-4.310832783222714,280.4733841773875
207,4,5.773991532179448,-3.9734217479614298,1.7784652422963458,-13.962915977803544,2.2713544568693926,-5.8208152716943005,2.7768881071748237,-10.544601515807003,-4.310804687004948,280.47335931983366
207,5,5.7738966360187405,-3.9739822043221893,1.776857265274013,-14.227840061095225,2.2707173601889106,-5.686870491626192,2.7766821514277784,-10.759405493665488,-4.310605340581838,280.4733733248049
207,6,5.773830336350459,-3.973793758214927,1.7877243507045473,-14.142733494901556,2.270292420534108,-5.6955717495806395,2.776596915193771,-10.48986930405982,-4.310220392591691,280.47343775994375
207,7,5.773826014916757,-3.972062407998428,1.7810514351397881,-14.118089290364876,2.2709477073955187,-5.783935473659947,2.7770158739375552,-10.50504191189163,-4.310403160964521,280.4733518539469
207,8,5.773773823076661,-3.97029566058817,1.774850952235189,-14.093951352521971,2.270132260033837,-5.88061403593867,2.7765685787582006,-10.249422054576335,-4.311208511694466,280.47322122238415
207,9,5.773985943624161,-3.9696484039637827,1.7823442569246168,-14.389103568702444,2.2693893700866505,-5.406192636112191,2.776213143657173,-11.223336114285402,-4.310002160854003,280.4736793099217
207,10,5.773734217613474,-3.976502460803417,1.7810193101457883,-14.202452436957778,2.269969949935127,-5.9701975506716005,2.776650202559452,-9.988280053585797,-4.311014094144996,280.47329434780335
207,11,5.7735939486843435,-3.979224133884825,1.7875992458813188,-14.001942878141357,2.2697081535106522,-5.864105783223683,2.776511094920686,-10.430919347798895,-4.31049697433396,280.4734951440701
207,12,5.773955985531095,-3.979049134432901,1.7734346828342886,-14.237852728647676,2.270699996215249,-5.700885594410371,2.7764737895840073,-10.733679684668294,-4.310456939743654,280.47351772295735
207,13,5.77364473343407,-3.9759073757186565,1.785211121893225,-13.91368015003299,2.2698250251819707,-5.8361195613907775,2.777015067666927,-10.414123144271139,-4.310403644650994,280.4735452080746
207,14,5.773670818362281,-3.9713015318782006,1.795755926115956,-14.037311621810264,2.2695089381499547,-5.800074246206766,2.7767735782132505,-10.368379037661718,-4.310912926165521,280.473527322155
207,15,5.773812672241894,-3.9768656481249254,1.780294499588317,-14.209008732685524,2.269645080036349,-5.805948758884757,2.7764293620674523,-10.455880793073039,-4.310951419359291,280.4734122358918
207,16,5.773835906297883,-3.97260108704874,1.7810829288065166,-14.119700907215208,2.271012454372406,-5.774592608202129,2.776968860014365,-10.37810552136573,-4.310049552657074,280.47342837641605
207,17,5.773859223132485,-3.9687296830328394,1.772220782310784,-14.277506505811308,2.2701050555725355,-5.542760751674974,2.776666726663894,-11.004179989195528,-4.311386646212586,280.4734856587256
207,18,5.773944793807057,-3.975537433114318,1.7770532759719553,-14.370577677191775,2.2708975216263934,-5.659675215834775,2.776591906528284,-10.548814549456926,-4.310939433278368,280.47345972818187
207,19,5.773899817844706,-3.976493037884574,1.7832239765268452,-14.24955885714026,2.270550831961327,-5.681323863724922,2.776685318427001,-10.66389124873257,-4.310756815803299,280.4734193236484
207,20,5.773993709416623,-3.979157107744824,1.783283274584859,-14.197294552102223,2.2710726917438793,-5.855477285812557,2.77633867625019,-10.201922939560838,-4.3108999248218325,280.47355058205306
207,21,5.773518537080437,-3.9810589736100286,1.7876280834628486,-14.085122875412171,2.270419201683969,-5.8332919694812775,2.777024180862289,-10.240070464074467,-4.310934712546135,280.4735417860708
207,22,5.773706493254811,-3.9800996336559322,1.7823202640020315,-14.013782533584079,2.2703421608247996,-5.889344745996032,2.7771160901637035,-10.371199872253658,-4.311385960955726,280.4735027462688
207,23,5.774044119747605,-3.9699014667930568,1.7725356545340543,-14.235691638451994,2.2697487087304697,-5.861482701054985,2.775944342771097,-10.440702434374593,-4.309941530001171,280.47341876569425
207,24,5.773653094634055,-3.977180094572248,1.7816134256970961,-14.045243520027272,2.270627414179886,-5.901140163461945,2.776759462312215,-10.022583359835775,-4.311227280188946,280.47343598782874
207,25,5.7737116127445,-3.969920243773296,1.7881860898179787,-14.240527722949317,2.26880689750787,-5.685883801349565,2.776470276326148,-10.518069080355781,-4.310885223709784,280.4734559417366
207,26,5.773782104459842,-3.9806824476307563,1.7760517596262062,-14.259032128725648,2.2707716632238695,-5.799542359070686,2.776788718844447,-10.37478412473615,-4.310846659530034,280.4734822827986
208,0,5.773702141393589,-3.981583671379541,1.7876250161424965,-14.208182991560472,2.26997583586037,-5.848925879576454,2.7767255217784266,-10.303808410120823,-4.3106703272851385,280.47354065977106
208,1,5.773989227720611,-3.9760855969837055,1.775060094860006,-14.207199581235997,2.270410705464383,-5.843764030887066,2.776591216600286,-10.219101537342487,-4.310094207775965,280.47342196957965
208,2,5.773751537442927,-3.970145442716376,1.7683666880823787,-14.181647036119903,2.2699527981129255,-5.87017584117765,2.7761897314703856,-10.20600436620608,-4.310732937317518,280.47338009050543
208,3,5.773748844302874,-3.9710532837039514,1.7780445184337426,-14.030006968817052,2.270042317539075,-5.822744958349005,2.7767609979701127,-10.250548802806255,-4.310923857777237,280.47331741844334
208,4,5.773832527929159,-3.969558509484597,1.7811457702138611,-14.245776281541092,2.26961799299411,-5.792000222015132,2.776443118099336,-10.482577723084088,-4.311290985971343,280.4733303042515
208,5,5.774042705208152,-3.973540225959911,1.7679276089551144,-14.25997398100651,2.2703162827323613,-5.959160281801576,2.7763647764130366,-10.155031550464393,-4.310810661333005,280.4732698933862
208,6,5.773813764404826,-3.970093401485559,1.7816043389874736,-14.198912970880043,2.270899728393842,-5.878525234989785,2.776658606546878,-10.088662570164391,-4.3103595946346305,280.4732468625696
208,7,5.7736876516074975,-3.9813345467013006,1.7759292333183028,-13.979511450326685,2.2703080067242016,-5.925899682966647,2.776420713358161,-10.04095295880185,-4.3104574363410215,280.47345075696074
208,8,5.773699918188422,-3.9742561436311057,1.7722682586157747,-14.237263666614767,2.2689788399725197,-5.735598633524513,2.7762302495321416,-10.570277146323956,-4.311401173312313,280.47350975200715
208,9,5.774199834646529,-3.97608667896472,1.7680174274545488,-14.182775368460424,2.2702324456528777,-5.54742777349003,2.7764065086440897,-11.045157310372494,-4.310874302505608,280.4735653805031
208,10,5.77388542482114,-3.968978622741492,1.7875822259531309,-14.348238770779103,2.269490777271711,-5.630772878754476,2.776773152439647,-10.877236014245845,-4.311445590450065,280.47344018564024
208,11,5.773900999768278,-3.9745599048524807,1.7745653495391072,-14.249219646101317,2.2697137520052073,-5.794681186616634,2.7764038611872186,-10.306196799166162,-4.310467162195879,280.47337705949485
208,12,5.773705721158201,-3.9757543918627034,1.7865066357427186,-14.267279027864884,2.2714227353892693,-5.839623548209283,2.777121080946185,-10.276804153803667,-4.311213174340134,280.47354073448173
208,13,5.7740071409238904,-3.973017882744575,1.7775400480702053,-14.156668305873044,2.2714092745094323,-5.767288340374682,2.777071663744062,-10.383428377517344,-4.310646990687719,280.4733485070202
208,14,5.773728352647191,-3.9715071732904734,1.76603836911321,-14.026711856329245,2.270673323785231,-5.964941920843235,2.7763665977982694,-10.128233979610913,-4.310186501194344,280.4733631265729
208,15,5.77398898499076,-3.9746771375049272,1.7789142503992523,-13.936550516060786,2.2702266884197693,-5.95446739625071,2.776440851453352,-9.914887743042849,-4.310551871522887,280.47327636495294
208,16,5.774297737356457,-3.9732840969832997,1.765369099095739,-14.279943367931883,2.270814328356566,-5.562779273820292,2.7765125406371918,-11.068667601177069,-4.310303730939571,280.47357999112745
208,17,5.773794951871954,-3.9788062742675083,1.779518922528238,-14.116939764772615,2.27025934198154,-5.85850052962392,2.776812421952794,-10.344325131455005,-4.310953937255942,280.47341736545684
208,18,5.773724019780363,-3.9766641877904783,1.7854467363524416,-14.268282333993415,2.2700278553482014,-5.5634270850054985,2.777262445896645,-10.988481915958328,-4.31154115911337,280.4736656980257
208,19,5.774010783105371,-3.9711899218198234,1.7672562764210116,-14.123990273609117,2.270395945346884,-5.8055102149595434,2.776254203718352,-10.436319340907085,-4.3103008240253455,280.4733490296112
208,20,5.773729226282562,-3.977885618113485,1.7710574065882103,-13.977420355175585,2.2689087876425065,-5.908795649922237,2.7756475365968263,-10.401567665208173,-4.3112904215678585,280.47376916664814
208,21,5.773984703002667,-3.971525854318249,1.7740907532444874,-14.16461075231067,2.2707005256445134,-5.852113017806823,2.77673549406063,-10.405732854415104,-4.310361634949213,280.47330079059253
209,0,5.774129607852853,-3.974044252081254,1.7675131082068087,-14.225251900457838,2.2711830899939236,-5.883822452541253,2.776556431707593,-10.329855717278184,-4.309669492466055,280.4734550614301
209,1,5.77398378908452,-3.97656073120531,1.7700082928985124,-14.37046853676982,2.2714205249144155,-5.622618713360778,2.7772624698311956,-10.629974975800671,-4.310473139919162,280.47363486022243
209,2,5.773844202861219,-3.975187648348705,1.7737612591637808,-14.35100401139407,2.2691034151258656,-5.855848222318516,2.7764763537521215,-10.449314454455175,-4.311618032918158,280.47344145837144
209,3,5.773830765278854,-3.980673543622614,1.7776937541048157,-14.236155256079602,2.2685811752732596,-5.6876537617446274,2.7764890834182503,-10.507542921117738,-4.311221348032312,280.47360969006706
209,4,5.773664703259904,-3.971070067868248,1.777206467413874,-14.056495277928313,2.270508351548604,-6.082957963873536,2.776372524268063,-9.862028025283053,-4.310448981744551,280.4732508761943
209,5,5.7740193168125264,-3.974852388208382,1.7828149616296416,-14.182777148794658,2.269404460645098,-5.842191933986656,2.776806520541343,-10.569058354829926,-4.3110316322517255,280.47352889876856
209,6,5.773970524037052,-3.971990510014452,1.774638380007739,-14.214371819135616,2.2704262022152766,-5.969150606817941,2.776108949336865,-9.833724022917762,-4.3107372285839824,280.4732381297665
209,7,5.77391638079857,-3.972548780576693,1.777286589510736,-14.332270098147301,2.270316670113011,-5.718227498576662,2.7767113995059614,-10.496238225529924,-4.311169816524359,280.4733563753382
209,8,5.773983454944516,-3.973179871807274,1.7645070556639637,-14.15043176354188,2.2699456689428645,-5.881093877183786,2.7766251077057786,-10.275553599338782,-4.311189312434057,280.4734149693659
209,9,5.774018630977587,-3.969754065708665,1.7729286444933527,-14.205488562624238,2.2708638698368793,-6.028721542603176,2.7767287700700156,-9.781758265183067,-4.311019139377236,280.4731297322885
209,10,5.774026282626036,-3.973089102885144,1.7679283739424212,-14.045766683005185,2.2715469178214387,-5.892968844956119,2.77678174451305,-10.310618129733234,-4.310386403421368,280.47334405420554
209,11,5.773939983558879,-3.9727089453536095,1.7719237061144855,-13.948241967540142,2.2717534053450406,-5.927928303341518,2.77690708781181,-9.937370511933619,-4.309645089024138,280.47332898357524
209,12,5.7736834049727115,-3.9734132008634324,1.7854482447860296,-13.980746597552404,2.269833130677631,-5.926347492871166,2.776862783498996,-9.798066955352832,-4.31093923802323,280.47319633831495
209,13,5.773827710726803,-3.971199679660131,1.787516519118844,-14.15141147105357,2.270180620996906,-5.891369511034384,2.776829420206893,-10.171678283941702,-4.310914615758293,280.4733223665214
209,14,5.774100853214014,-3.9753095083022094,1.7561862242487298,-14.120065135334594,2.270558226788459,-5.9630476261656575,2.776049670877794,-9.964080836161605,-4.310341378842549,280.4734731467952
209,15,5.774292084657095,-3.978144061113712,1.7732998088536427,-14.392178116209385,2.2717813496574677,-5.671457929671554,2.7767460854937704,-10.822296818971477,-4.310164168357666,280.4735220412201
209,16,5.773799166561252,-3.980118233105309,1.7727337566960937,-13.973574615479437,2.269426987020514,-6.058294066343616,2.7765177440670814,-9.942307212134393,-4.311695236887607,280.47342823742645
209,17,5.774036989675617,-3.970859340167389,1.7703869787847095,-14.090732737198325,2.2710449243383004,-5.794055419975063,2.7766174629814673,-10.106511341962653,-4.310334471970735,280.47326857355984
209,18,5.773833072494661,-3.9706949514588166,1.7772064784028605,-13.84404058140111,2.270228713768304,-5.720742649934975,2.7765718867370413,-10.719001300588891,-4.310497022831136,280.4733611393673
209,19,5.773755262507752,-3.9714537649164945,1.7732445892351596,-14.10592375396333,2.2697456871874766,-6.166751408211247,2.776113649311522,-9.526322248763183,-4.310886975396879,280.4730834024755
209,20,5.773957202498352,-3.9760493109486075,1.7613353614118408,-13.985633374848039,2.270825037759627,-6.032480635806649,2.776115378892783,-9.704398769609314,-4.310261410390128,280.4733313160675
209,21,5.7739241626841356,-3.974521851400706,1.7709618756573207,-13.87140478055362,2.271049949676905,-6.009800782866165,2.7764759934372827,-9.989226140859703,-4.310953978155635,280.47329560627236
209,22,5.773808003025558,-3.97170649134305,1.7804269931478245,-14.157549530025726,2.269480651310185,-5.837445964354804,2.776232759939715,-10.342497939088673,-4.309983027705674,280.4734134429741
209,23,5.7738414908672215,-3.974185584713846,1.7804704967736715,-14.031548053854785,2.2702765920010672,-6.007151999297003,2.776871584085743,-9.969835511545842,-4.31086229672945,280.4732467839039
210,0,5.774112919150382,-3.973279043343194,1.7715472184654437,-14.114987723380521,2.2703633077545544,-5.822838865810057,2.7759160656117325,-10.318799824085776,-4.310427805096557,280.47349635142706
210,1,5.773853407754971,-3.9814468019713956,1.7699907462148563,-13.986122991783164,2.2702750165662104,-6.003646007325209,2.7765865361638995,-9.733994262708244,-4.310554113719747,280.4733297272493
210,2,5.773575924582707,-3.9707692255405784,1.7646147130857828,-13.718649489357233,2.2700066214479615,-6.146974644141287,2.7766188395672167,-9.580444013508504,-4.311248392854916,280.47330733227994
210,3,5.773578213648542,-3.974889037063667,1.7810585389561389,-13.994732902466124,2.270612026741518,-6.0199353719698,2.7767791110096702,-9.847305855586429,-4.310735483713162,280.473286373626
210,4,5.773742529133357,-3.9777911891118096,1.7887062701959717,-14.090557597744297,2.270620348564664,-5.966087317380441,2.777166827354686,-9.936881165081791,-4.311583984037481,280.4734095956305
210,5,5.774117113069923,-3.9802686376733507,1.7576751480946142,-14.10549569310107,2.271552665363793,-6.230009811185974,2.776379977584016,-9.251520363256175,-4.310050367200338,280.4732426985637
210,6,5.774124949217762,-3.976497293423462,1.7634399362567068,-14.390844656285253,2.270995924119486,-5.684047964166657,2.776489788284977,-10.871626885694312,-4.3105902825400735,280.47352800550493
210,7,5.773688681491304,-3.9743522357932135,1.7728021263110114,-14.313899693239888,2.270390482466015,-6.013570952454031,2.776014767445604,-9.572858180736576,-4.310625559970413,280.4733581832495
210,8,5.773833683103766,-3.969760541128602,1.7794663889005864,-14.037342132495244,2.2677614772228383,-6.123116147010212,2.775821927973396,-9.9890707451558,-4.31166569631618,280.4734877592141
210,9,5.773972104851302,-3.9757200221769744,1.7667305194445635,-14.155089555583588,2.270326858559543,-5.9462758843970684,2.7762502593693195,-10.215097354407936,-4.310712068237617,280.4733468853056
210,10,5.773312520023584,-3.9727371548585246,1.775475672763493,-14.111647767339713,2.2702331786405794,-6.492882029907979,2.77668244494001,-8.622670232392492,-4.31185706535941,280.4730077828392
210,11,5.774050119833588,-3.9719648119523394,1.7774512181473143,-14.335052183607075,2.2713139146373567,-5.813124358902688,2.776252797701495,-10.192735070400216,-4.309980639008129,280.4733293455801
210,12,5.774072746112671,-3.9712855867809256,1.7761767850016614,-13.865893053574448,2.26984857382326,-5.959241390116122,2.776281911584509,-9.839125748186468,-4.3106527747414995,280.473189162556
210,13,5.773779266807242,-3.9757661272677836,1.773293862485019,-14.085922045780217,2.2705218038995474,-6.231487608631791,2.776553605010687,-9.328815880583882,-4.3108939118893534,280.4730407437071
210,14,5.773680377358247,-3.969931023387633,1.779130009518851,-14.324251687480354,2.2690370167497336,-6.168885521585969,2.7760639751237033,-9.537035105379585,-4.310910953129058,280.4731350294823
210,15,5.773920342887882,-3.977939325874502,1.7811281337390232,-14.336107584569072,2.271101648445021,-5.730329212282964,2.7769487413149188,-10.592075887574389,-4.310379290559638,280.47344849946705
210,16,5.773811921825338,-3.971567078553924,1.7785833164041995,-14.31289523298098,2.2701782695156,-5.847311044418135,2.776617710391386,-10.477392666729438,-4.311022350425932,280.47331618926694
210,17,5.7736457959637235,-3.9688919412492187,1.7879064636325912,-14.09680723788537,2.270127935441509,-6.419883729408288,2.776986379131618,-8.811723647019523,-4.310609406130741,280.47271624555384
210,18,5.773684646964706,-3.9691383458238256,1.7907789764212112,-14.17644928633041,2.269751347524716,-5.936066012349156,2.7765299532300234,-10.219840814613413,-4.311738599425776,280.47342790964694
210,19,5.773840169641798,-3.974312168637093,1.7866279229749529,-14.191465402639153,2.269969189808734,-5.947413997356057,2.776949957042834,-10.147938380565666,-4.311077933100593,280.47335364310925
210,20,5.773952990899847,-3.973185886790864,1.792844814520584,-14.107928235886806,2.270686057020951,-5.7960317203117855,2.777266229714777,-10.338421068197887,-4.31072381843994,280.47359012404195
211,0,5.773465343822706,-3.979642820276652,1.771189554518068,-14.300623017156186,2.2682181379687427,-6.472861094486484,2.7757548733817177,-8.618343351421961,-4.311638079836729,280.4729275697522
211,1,5.774806541177393,-3.969746864303299,1.7633625488967068,-14.336089954358567,2.271333459819536,-5.6214836209347965,2.7759516829707103,-10.423921266812787,-4.308712654586537,280.4742615201798
211,2,5.773824749435773,-3.9735812324233355,1.7765172747538203,-13.892991528940959,2.2709795809527487,-6.604085953389491,2.7764987104605416,-8.657287672279653,-4.310837661035467,280.47247216003996
211,3,5.773619681220119,-3.9706709879615176,1.7788319806501531,-13.99289376693342,2.270442249838002,-6.163303126514296,2.7767831527622517,-9.289512595050104,-4.310610117770218,280.4729769930865
211,4,5.774032665400524,-3.9753547052578124,1.7600792114394375,-14.212324553140288,2.2693237661322088,-6.118891782288512,2.7759626028117297,-9.764490244553766,-4.311556063317336,280.4735344970004
211,5,5.773730300197538,-3.9710848822398153,1.7584015119929748,-13.946009592372477,2.271483309132893,-6.650808095414978,2.7760921689438063,-8.232865762342847,-4.311162997954139,280.4727042878526
211,6,5.773918941081078,-3.9704177035970214,1.76318607089721,-14.01090747587371,2.2711541366307726,-6.356554494994271,2.776829708966978,-9.07968066923182,-4.3115669024698375,280.4730612608945
211,7,5.7737654606266595,-3.976391154200541,1.7713069702069608,-14.16625334971069,2.2711144098879052,-6.351454764811261,2.7766288907142767,-8.986719479313836,-4.310463615765358,280.4728718239529
211,8,5.773565967478573,-3.9707381706522638,1.7971778406741001,-13.680820558773815,2.2714451486412224,-5.910936368394907,2.777280535708851,-10.210190619227628,-4.3103755623618305,280.47365039022264
211,9,5.773438721643698,-3.969865555411269,1.7755506879569227,-14.301080879133112,2.268872471703182,-6.641417038402022,2.776133885128067,-8.184038374235245,-4.312120457636653,280.47231611219615
211,10,5.773703138330526,-3.9895156077122773,1.780571867557287,-13.891837130302351,2.271411074640378,-6.310977308161847,2.7769540544288667,-9.092007086244427,-4.310271216942065,280.47325128779335
211,11,5.773542785994928,-3.973363403303292,1.789012756698694,-14.449078237690522,2.270863898193885,-6.458373936565917,2.7766853124009274,-8.375546823979004,-4.311315452585472,280.47241199168303
211,12,5.773860684334162,-3.972742392081188,1.7745244973038563,-14.035449313229522,2.2693499561230346,-6.044620296889899,2.7764684873396237,-10.481287888688051,-4.310971881690922,280.4733494584709
211,13,5.773284476233778,-3.9706398583593296,1.7901755016046974,-14.131578758140828,2.266749160190214,-6.468771286559896,2.776023692656288,-8.67689500447101,-4.312245946983688,280.47306227933035
211,14,5.77359122169085,-3.9758392271836382,1.7654128036998242,-13.876182135235167,2.2727060155795926,-6.287697566546085,2.777107215184495,-8.926949260141916,-4.30951721847231,280.4733607794992
211,15,5.77433541316962,-3.972001170341585,1.7557192796701593,-14.274797453059856,2.2701943427751403,-6.220732751050627,2.776349838200969,-9.722141933199158,-4.311678899158422,280.4736123455944
211,16,5.773492897331664,-3.9774494936804197,1.7778809429865807,-13.927822962443736,2.26947960864411,-6.959756610032122,2.776138950419008,-7.380718762481618,-4.310723268558355,280.4703943128502
211,17,5.773387711345178,-3.9772308158444187,1.7805770455491292,-13.995780380031754,2.269171411734344,-6.590900307330832,2.776564262102382,-8.266106942101649,-4.31119039579031,280.4722687573079
211,18,5.77392247711698,-3.9693441309651036,1.7703248285263262,-14.051057834338991,2.2692215214796496,-5.817794636604466,2.7762916653233507,-10.404788761015048,-4.310629682794551,280.47336336702085
211,19,5.773537842772502,-3.978495978291301,1.7629321197742207,-14.03579639233235,2.270635193471125,-6.446803975703771,2.7765599980775284,-8.939857775450148,-4.311603134218669,280.473337234488
211,20,5.773539242703671,-3.973002895176928,1.7766165733827406,-13.759228356352375,2.269970214620839,-6.291443364455226,2.777479422772321,-9.1737731645998,-4.3114756558585325,280.4732635440859
211,21,5.774009789040412,-3.9743613676855243,1.7585869454872693,-14.22373362112058,2.2721799818583945,-6.1070650763872445,2.777178659176561,-10.289042718807199,-4.309419403555687,280.47379640334594
211,22,5.7738538307172975,-3.9819446918963677,1.778832724394201,-14.00000432079793,2.2710760872731948,-6.415168640472599,2.7769000964019335,-8.75050977283931,-4.3099285795153595,280.47288737357405
212,0,5.773614609932797,-3.9752460578305864,1.756432360583846,-14.046186433127865,2.2692551604622757,-6.049653973328931,2.7760339665448766,-9.976314040142876,-4.311411073932613,280.4738314440133
212,1,5.77395213384188,-3.988913584897515,1.7663010620548452,-14.049908430622216,2.2721600760772085,-6.0806954426998265,2.7775337276470493,-9.212732155825709,-4.3099436207652495,280.4736124683549
212,2,5.77339425811063,-3.978785969772119,1.778739436069232,-14.476236100062565,2.2710022876099045,-6.844189717509804,2.7766012659500445,-7.5837173840386445,-4.3106463663258054,280.47109283936567
212,3,5.7741950875585895,-3.9703732979605513,1.7898920391431652,-14.01495092811653,2.269563648036696,-6.388048312602358,2.7750691777657894,-8.817249896046146,-4.310181073229461,280.4735948806396
212,4,5.774136080014349,-3.975131793387319,1.754509577735131,-14.411446834124051,2.2726744579663563,-6.800474505370934,2.7759143114286506,-7.700168294072463,-4.309624938554539,280.4715896482188
212,5,5.774101389772358,-3.9809934426581726,1.777996281224648,-14.742964905581697,2.266941567593137,-6.201367357168563,2.7751661972513717,-8.41519229986364,-4.310709827684159,280.4731782834388
212,6,5.773329201996619,-3.9946922371679703,1.7838136948489602,-13.88266035297203,2.2701296544616896,-6.793985200174702,2.776342349351079,-7.733596938286012,-4.3106296504551835,280.4717542266291
212,7,5.773862400595143,-3.98309022251691,1.758956721237828,-14.19228494556532,2.2698183062407313,-6.349548092513191,2.775163079132011,-8.901437321441668,-4.311772257294124,280.4742355105417
212,8,5.773989954582035,-3.968946537746199,1.759291405726529,-14.306507201419363,2.2713339766000322,-6.4608059295912685,2.7762001271641497,-8.15344036337015,-4.309898947315812,280.47201746797623
212,9,5.774042299562954,-3.984170966102384,1.7645455286574878,-13.706979380227667,2.272098321338337,-6.539857172409744,2.7762746528358613,-8.497563184565932,-4.309202602037311,280.4727085970138
212,10,5.773153376546229,-3.9880001236751563,1.7806855148409158,-13.582237886682265,2.266968119944516,-7.385135676572876,2.776385040713183,-6.368522008716254,-4.3122874252224035,280.46581408388414
212,11,5.773530859894339,-3.9726915790413235,1.7686046940983091,-14.124992795181564,2.270128096269221,-6.4785608939432855,2.7760958469634196,-8.541574554126571,-4.3116881456807965,280.4729831677909
212,12,5.773486037231866,-3.976798655142951,1.79279830701967,-14.084765487803262,2.2719116874766554,-7.124904407625945,2.7769503986090087,-6.536742864280656,-4.311761900488491,280.4665285374849
212,13,5.773544901234186,-3.9773566896229027,1.766405420882817,-13.762246842863284,2.2718366122782676,-7.0733900520790085,2.7768115954728203,-6.766431899519084,-4.310947737037709,280.46799548131804
212,14,5.772944505615388,-3.983556134381475,1.7922312156147944,-14.490919526833482,2.264693183697361,-6.818420243603292,2.775472136294962,-7.533488781832652,-4.3130639196415235,280.47222262686637
212,15,5.774146616731454,-3.983749780757105,1.7626651925179992,-14.159855648577036,2.273231990579326,-6.428300690277931,2.7769295061010206,-8.642115046047875,-4.3089109301912245,280.47306076155445
212,16,5.773934449611397,-3.970171172698688,1.7652077384619498,-13.709566937449825,2.2716822389409095,-6.802993359343137,2.777058126487613,-8.066604795035492,-4.310856219001668,280.47185857463677
212,17,5.773862299058469,-3.979101845992278,1.7633655901799115,-13.90489730123388,2.2698551685672066,-6.686590268702645,2.7755539433077647,-8.085177845301923,-4.310489391937651,280.4721395309143
212,18,5.7731709555077195,-3.9859666918639376,1.7781982185256866,-14.075541923823128,2.267261354594964,-6.92038369505144,2.7762443335059928,-7.269410213751906,-4.311891220329646,280.47068509331206
212,19,5.773643150686927,-3.986422652440457,1.7645988053182897,-14.245011552288457,2.2693337209941538,-6.731188316944652,2.7755272851703294,-8.129973889495014,-4.311087929653675,280.4725606362212
212,20,5.7733556097952246,-3.980022795289178,1.784938964102953,-13.973549250589414,2.2670618772838687,-6.616867313715179,2.7771243241895305,-8.145382484456002,-4.313145131162523,280.4730879786405
212,21,5.77273337689242,-3.988524853951246,1.7866536914041968,-14.18682254589128,2.2680172264932796,-6.529652397205733,2.776087406230767,-8.325341603513918,-4.312003554435682,280.4737332150375
212,22,5.772442678820207,-3.983914836010981,1.796968011619172,-13.913023667670103,2.266622297579323,-6.653740976731542,2.77650728785077,-8.132183439243216,-4.312141392365488,280.4735729470892
213,0,5.773880526047591,-3.972416797661077,1.7989850135530847,-14.667286887335072,2.271799890773036,-6.58987179668577,2.7776233900379155,-7.757030861179344,-4.310196490139262,280.47184451953524
213,1,5.773282192230806,-3.9876706747273936,1.7661204291063701,-13.699290618967279,2.2685110029404676,-6.874197304969218,2.776703072259921,-7.005847435779658,-4.311740843611507,280.46977409505814
213,2,5.772680972381682,-3.9898148542658296,1.7966507769591173,-13.343624240115059,2.2656990004005158,-8.366439953680622,2.7768802255241627,-3.4111526361201268,-4.313818789473416,280.36367757129847
213,3,5.772760904170928,-3.980491315779447,1.7848178868452853,-13.351367676877187,2.2699539675673384,-7.447895718278275,2.7766607921192317,-6.515258061924161,-4.311665999403189,280.4671322189974
213,4,5.774062306858137,-4.003427036516234,1.7424193767864753,-14.291554066854186,2.272785904864091,-6.3461846209959205,2.7769903306349404,-9.058187812309702,-4.30893084315405,280.47429036808364
213,5,5.772947304426979,-3.9724847301756334,1.7744086082556854,-14.059770732327904,2.26904642666629,-7.160771766785444,2.77562315604948,-7.180882678380772,-4.314367982066066,280.4735697288221
213,6,5.773921896777043,-3.9744182568067132,1.7532008285784362,-13.956798665212723,2.272542749940476,-7.917163670061953,2.7758827077321344,-5.117860845987284,-4.310264318872177,280.4439951855938
213,7,5.7730957232200035,-3.971074395281492,1.759997447493681,-13.80919227889355,2.2717558774210995,-8.623644005237514,2.776527097220371,-3.4438056495045797,-4.312278167532883,280.3521347024355
213,8,5.7731775827631875,-3.9787279060463665,1.7884135473060543,-14.346421286744011,2.265605862525379,-6.5646519023311445,2.7752935837815182,-8.107667894442553,-4.311595917496449,280.4727527708958
213,9,5.773896221200039,-3.9800814616740565,1.767907040834306,-13.65947856281993,2.2695965843894372,-7.777379151089519,2.7752433491780617,-5.650967592644031,-4.311281348809019,280.4558798068117
213,10,5.773614320981833,-4.001390921328491,1.7546466189229717,-13.793383129708078,2.2694966664791685,-7.217810865825163,2.7759115452667262,-5.9509292878379405,-4.310044405533266,280.46153205706906
213,11,5.773688590276198,-3.986063697501965,1.7589252361664205,-14.072572783617193,2.2723749786086898,-7.052839852750942,2.7767417335446085,-6.748359161608775,-4.311094579597078,280.4681748998262
213,12,5.773194560951554,-3.982542448425131,1.799096068509644,-13.671612174850788,2.272816316826104,-7.061211387651268,2.7778771301862037,-7.171794829509508,-4.312676623911239,280.4712644555588
213,13,5.775022683282131,-3.981036301621285,1.7695957608686559,-13.781739773671738,2.2717319111016203,-6.609767822484384,2.777222972634477,-8.243241993971008,-4.3090835796609355,280.4745933587125
213,14,5.773793528895835,-3.9762657420130156,1.763806139054406,-13.398003398774229,2.268238361285969,-7.539658370391252,2.776252703552469,-6.824468692879096,-4.312118199467906,280.4685636163473
213,15,5.773223418576418,-3.9759474055151767,1.7821701606510807,-13.70342403631415,2.266738088442624,-7.479369758559835,2.7773544238411163,-6.294190969296742,-4.314133056016586,280.4664389868658
213,16,5.773936314400237,-3.9882875364844956,1.7456146092991003,-13.693163294051478,2.2766150182556393,-7.166073770950532,2.7774033692056737,-6.120082255603171,-4.308393127156855,280.4642850228107
213,17,5.7739051845112925,-3.9892982318987738,1.7712394060757126,-14.157066435036853,2.2733038199102884,-6.280434317301594,2.776655824317358,-8.297690252189694,-4.309368850546241,280.47273689564594
213,18,5.773711654172498,-3.98457190242623,1.770551164811946,-14.256611864255621,2.268637662050426,-6.951832880780612,2.7755589878320968,-7.393466405862382,-4.312786037337034,280.471390799886
213,19,5.772237114063139,-4.010488152639099,1.7872217796654686,-13.409902426821784,2.2692905172924522,-7.701931637481198,2.7768314091648025,-4.924906939633326,-4.310509069753838,280.44145256044095
213,20,5.774167685735004,-3.9758358750245164,1.7490867606010927,-14.670224857205339,2.272189184893324,-6.801766749106074,2.7756754266158787,-7.645642581741387,-4.310086757114568,280.47157450743725
213,21,5.772929597441896,-3.9721372576746297,1.7752623502839804,-12.803141075345303,2.2703518680490316,-7.1297160369724475,2.777221218017296,-6.742701938081785,-4.310718908162444,280.4684964507503
213,22,5.773406370962036,-3.9685384133736634,1.7976936148299658,-14.299639757737225,2.269555550288271,-7.144048670108178,2.7761283363952907,-5.939501393893263,-4.3121018559773585,280.46040298120033
214,0,5.77155959633537,-3.9947477842937285,1.8184779079912288,-12.393699098979392,2.262784172392609,-8.507647401044183,2.776016810482848,-3.5063278401164837,-4.314388448723661,280.3642739147696
214,1,5.773391966585265,-3.9782399111378597,1.7404279071380635,-13.82629549967499,2.277887227262961,-6.959761441630636,2.778076104873559,-7.353681899186608,-4.310082875336492,280.47438594899404
214,2,5.7736516771521496,-3.989635523619345,1.7496722520119175,-13.880443023139046,2.275465323904852,-7.304104167446304,2.7766479308424374,-7.404398875362804,-4.30723272137508,280.4727416067303
214,3,5.773061760177922,-4.019041431431661,1.7494765405004291,-13.809526340798273,2.2669365168728346,-8.008380843251805,2.7735103262510137,-4.702776662428806,-4.313862004300494,280.4323835059025
214,4,5.773324831976176,-3.986329041069741,1.8096070203607342,-14.236883311657024,2.272377773847906,-6.579387721762901,2.7775986998305746,-8.314730601804618,-4.311398820485031,280.473487648302
214,5,5.772411764647195,-3.9682723545026573,1.7932342979274394,-12.824982737824635,2.2734068843177657,-7.46379253686285,2.7782388159418994,-5.165833406565697,-4.310548772000553,280.4483858648649
214,6,5.774052678845987,-3.9766864558398924,1.7640809721809345,-14.675921124549305,2.2711225389832266,-6.935113727554268,2.776015741308397,-7.0125914006907575,-4.310092854625123,280.46891311558534
214,7,5.773502360104803,-3.983175477510046,1.765279596718593,-12.783557335213365,2.270664182537588,-7.130352804321801,2.7753913481218095,-6.526874104124886,-4.310186626999739,280.46668442276825
214,8,5.772245366035382,-3.9928953673400023,1.8211960502051112,-13.938393574588952,2.2683353711067156,-7.3128913764178725,2.7779938574689154,-6.091344172752736,-4.314955080977661,280.4660433929903
214,9,5.773926591659047,-4.00049158884369,1.7281618503196987,-13.683412288119648,2.264888277634761,-8.128859673367499,2.7752503406350053,-3.565303170825692,-4.313295464470732,280.37931381944213
214,10,5.773880055892148,-3.978643474704207,1.7668579529969417,-14.100735527340621,2.27142968255284,-7.520510477922742,2.7766643998474123,-5.340258947624321,-4.311920648370977,280.4500811556761
214,11,5.77359577849925,-4.006613846552958,1.735425457587181,-14.143028009335545,2.266521880118283,-7.400764339021466,2.775619278811465,-7.121453342830621,-4.314348999395989,280.4732686894683
214,12,5.775218209666559,-3.9738812127532586,1.7367162797769033,-13.663727911442583,2.278427347991998,-6.35226477601802,2.7768085494370185,-9.546923731353656,-4.306472661256561,280.47579094370434
215,0,5.771801464792604,-3.9992124065116723,1.7436496675617001,-12.650348648590516,2.2684503560461766,-6.962184145661655,2.777361990778883,-7.227969364488898,-4.313579078891797,280.4770686892582
215,1,5.773627416061322,-3.9908732163343217,1.7711543080162058,-13.056093606185161,2.26640626116963,-8.065067830048799,2.774817627618755,-3.4970472843360256,-4.31173485029533,280.35970075598414
215,2,5.773591429191963,-3.9953992491621237,1.7800088674936272,-14.056673544424358,2.2768628751786304,-7.033960604095492,2.7763029623295155,-6.96827507455342,-4.309669888712163,280.47276464828786
215,3,5.77417438998621,-4.000389602132667,1.7456211271306596,-13.100986614315644,2.2685113380220945,-7.574484200074884,2.774222288702187,-6.422398449817064,-4.310104165653169,280.46678697816355
215,4,5.773619273878744,-4.008733752737035,1.713488440058336,-13.982840497708795,2.2687228713021406,-6.768264248332046,2.7756157514566784,-7.641672089213998,-4.312812779884864,280.4754953349534
215,5,5.77380906315658,-4.023384890493082,1.7192463202015775,-12.800691245951821,2.2730875032253692,-8.163975350590261,2.7769560572071295,-5.025168026651182,-4.310963632675949,280.4459356098761
215,6,5.7748713557008,-4.0174396546958375,1.702509922176278,-11.97260565988331,2.270084082700219,-8.031938935418973,2.774416562409335,-4.44466722158031,-4.310556654993282,280.4236466102757
215,7,5.772813539201443,-4.0162628331609955,1.7394119084994222,-13.188127553553432,2.271947554878894,-7.751363192477185,2.7758192439557465,-5.770773059435505,-4.311210983106269,280.46192018556627
215,8,5.772967236907238,-4.025063746871909,1.7505889466637576,-12.273911528389503,2.2668050765343413,-7.367031977403388,2.7757349695328792,-5.874357690747647,-4.313380803044104,280.4625831875633
215,9,5.77231765367257,-4.015765643103086,1.797398189037473,-13.303796400737298,2.269714931191858,-7.847252820424705,2.7783678208643576,-4.996286311108559,-4.313878820304485,280.44528539152196
215,10,5.773307350224762,-4.007927613576944,1.7508698279121087,-13.781108758416861,2.271646384898854,-7.731046453262578,2.7763834236032037,-3.5244753534229165,-4.310299456263882,280.36316085747876
215,11,5.7731671876133435,-3.985296680410004,1.7563549027666525,-13.3542601681947,2.2674856238865453,-7.345878537190134,2.7750597810374007,-5.884598971237776,-4.311721563967284,280.4608495347733
215,12,5.774820795295767,-3.9798920286975417,1.7514183932147762,-12.321042178267447,2.270660981689015,-7.979207887597362,2.775028799469322,-4.563893324501147,-4.309879074353155,280.4255270971932
215,13,5.773214188709586,-3.9908011541085626,1.759227951205637,-14.322585543872368,2.2633835254553665,-7.463954439865635,2.7729324097849837,-6.054614123700257,-4.313300765804962,280.46580288880875
215,14,5.773119327709284,-3.9870345854409464,1.7395731088060429,-13.418679748041946,2.2608553765383497,-6.991308798930703,2.77494292894744,-6.378525499935602,-4.315000887711202,280.47099548135157
215,15,5.774742658699828,-3.9711071797744446,1.7583670228880943,-12.628062989957812,2.274461325534666,-6.5840145355545285,2.77723388594841,-8.489751953385941,-4.31126726462411,280.473218781783
215,16,5.774245586778405,-3.9874810309880706,1.7830624222785947,-14.45262257719475,2.2740699969059124,-7.335235077840522,2.7755262947871184,-6.564950024190875,-4.309054285831775,280.46750531671097
215,17,5.772183072158212,-4.00537293673922,1.8083441192103769,-13.499856520508104,2.271141260534547,-7.581395336773904,2.7786895721253737,-5.4826896832050505,-4.314733780453751,280.45778572419283
215,18,5.774471873109919,-4.012741102880711,1.7423007434433337,-14.154442688053905,2.2708379227974844,-7.458575549542486,2.775019010520701,-6.0989024745294245,-4.311610919983213,280.4640031965564
215,19,5.773521430891715,-4.035468544882295,1.72931849424671,-13.78573879896495,2.267907621485294,-7.239251306876211,2.7760777631181495,-7.0204163380717555,-4.310806462712295,280.4721437529691
215,20,5.773470069683164,-4.039447559257065,1.7363576051315823,-14.002418457610494,2.2711747141745318,-8.438615174911748,2.7753364272568337,-3.7876804323820834,-4.309037950626184,280.3810474272411
215,21,5.772720348808496,-4.026983430751298,1.7625334514841853,-13.537338930980955,2.27338273307651,-8.101656157821127,2.7788384373146844,-4.0759942306424835,-4.313550766397002,280.40648985548376
215,22,5.775177367401137,-4.007303786510879,1.715011263135943,-13.268581333586754,2.2746442720520377,-5.78873687488579,2.7756235886256557,-10.722174112670853,-4.307816195697766,280.4765558018233
215,23,5.772964670045784,-3.973895682888005,1.7565746490105698,-13.84947397367113,2.269283715872161,-7.819886770751292,2.774270142878573,-4.111979529555823,-4.309375282206987,280.39818372965374
216,0,5.773774375661317,-3.9965510271827345,1.7433208851852302,-13.409058771501712,2.2669424413754915,-7.688050593267647,2.773145533234856,-4.347506367080065,-4.311017808917545,280.41288852483575
216,1,5.773129094300663,-3.974317259065749,1.7963530822770981,-14.023888666685336,2.2643518126752697,-7.230615374098496,2.7745099137961495,-6.931270203523312,-4.314621371804477,280.47168347430926
216,2,5.771053939888612,-4.015053077078153,1.7816112063217555,-12.620894026357389,2.2701663039572275,-7.318685348194877,2.7788178266532606,-5.05521496012811,-4.311873920130274,280.4529497690153
216,3,5.774330921826045,-3.9779745315528943,1.7284173272279184,-13.880238947794036,2.272121842715905,-7.492666404158721,2.7761172315596174,-4.388514848994413,-4.30813325628983,280.42208128463255
216,4,5.772875927731308,-4.004004454571805,1.7371117268842224,-13.18875019216783,2.2629913189099224,-6.630091012806895,2.774924807323986,-7.015647356407456,-4.310740532906713,280.47360016623384
216,5,5.77379029432803,-3.9989953709163912,1.7531492410536313,-12.695154449178233,2.273442861242389,-7.633537299626152,2.776000787815121,-6.202737573291447,-4.310013667757156,280.4643339860151
216,6,5.773017596764623,-3.970722205879576,1.8114683687375122,-13.835632112081232,2.265669590349405,-5.998638900716175,2.7753905994198003,-9.80138693950156,-4.312667305506762,280.4749582931038
216,7,5.771427466598235,-4.008065401015757,1.8417233327155995,-12.705120652498893,2.262781960849679,-7.286282271539493,2.776212202812441,-4.629533601890012,-4.314769664767719,280.4324404065534
216,8,5.7743427399336555,-4.008079960919051,1.7326302158584275,-12.144279501148034,2.2696427002586477,-7.060914402878542,2.776826467937454,-7.359220668802003,-4.309799952812283,280.47345114577723
216,9,5.77332061961105,-4.04343680809576,1.7550240063935336,-14.772767458967511,2.2740463081018305,-7.7243785737565585,2.777917376605329,-5.040411192326321,-4.31012222332349,280.445568930462
217,0,5.771348806764836,-3.990024076493661,1.8149303447770584,-14.281237808935733,2.2651020437822984,-7.729631814371939,2.7763081626701887,-4.19087882704147,-4.3153674740630334,280.4085338565561
217,1,5.773202884217677,-4.007000038188697,1.8161482338080128,-12.797596913884416,2.2661735178127227,-6.891458498915638,2.776877002303398,-6.268108819684141,-4.314084558083588,280.4662642552357
217,2,5.77325425285201,-3.99776485949337,1.7770912192673836,-14.017797547348312,2.2609836691153617,-7.064112313347301,2.7754299093506694,-7.484140922388693,-4.317298352776495,280.4767642458047
217,3,5.773102403335424,-3.993952214403176,1.785555614289588,-13.072045201077405,2.271037647625073,-7.311601794875939,2.7766425426552814,-5.543805365674471,-4.30899045749585,280.4554337764356
217,4,5.773805380303138,-3.992039920231034,1.772928968616072,-12.58412692508158,2.2736891371508996,-7.469424484535117,2.7777510500019464,-4.837332243510765,-4.309740636049513,280.43764299087775
217,5,5.773327212833261,-3.992805610078435,1.7913104812011793,-14.256657219828705,2.2634209593314916,-5.344255863970593,2.774131859824041,-11.731647845089043,-4.312944457189677,280.47642355795534
217,6,5.775057219944358,-4.0165723573540335,1.7791824970169048,-13.594437994755928,2.2711795839792535,-5.0913624414702285,2.7792864823560706,-13.293633868022855,-4.3113118799968495,280.4792752994775
217,7,5.7743799153122986,-4.005782546366475,1.759292769366667,-14.333114318476783,2.2719361509858467,-6.247587162900315,2.776353150576278,-8.5685544129766,-4.3094297646086,280.47321791679883
217,8,5.772760769987933,-4.00734537780337,1.7802511905797402,-12.693975186144742,2.2690304585851275,-8.16397221256295,2.7769362729907945,-4.726636145334947,-4.309327604842688,280.4362741100692
217,9,5.7731254526504285,-4.034957700465058,1.766372686588579,-13.371500827663347,2.271910568522499,-6.677593420847988,2.7772600167040213,-6.6880100486411695,-4.309235721846173,280.4694479340341
217,10,5.7744680890711395,-3.983974092987272,1.7898023868632125,-13.511500852910045,2.2721448323491638,-7.803091575202014,2.7760896515445133,-5.027621648432171,-4.309468493168476,280.4417943710811
217,11,5.77377729837277,-4.013224976267087,1.7621271856471883,-12.72511628457363,2.270819150016625,-7.444993537373655,2.7770887890725047,-5.981523728664782,-4.3096909585868755,280.4626707726376
217,12,5.773365286473689,-4.028427209093038,1.7768858013125044,-12.779959144481547,2.267612000216795,-7.069112387211149,2.7767654025793274,-6.603734133173534,-4.308352568390085,280.47101543344786
217,13,5.773298314046404,-3.990266045033984,1.716437874272474,-12.604667298516992,2.264215865474958,-7.793283141622952,2.77483359121318,-4.359707386347696,-4.310565003397657,280.42618722646785
217,14,5.773438629685827,-3.9834084402879797,1.796968807953053,-14.915399829618533,2.2687389215185747,-6.01110357553137,2.775180696016423,-8.582433652976373,-4.309607507563077,280.47384996041933
217,15,5.7736307887534934,-3.999345906979458,1.7569425174528084,-12.41297873187642,2.2629274245291913,-6.222502734242182,2.776655195480401,-8.201763533168155,-4.314665703240796,280.4769854950571
217,16,5.773566830320572,-4.012772187641889,1.7562569094334757,-13.037664562048471,2.2656710376972007,-6.697109202985608,2.77270082816175,-6.236519887205715,-4.307775154126347,280.4677003864351
217,17,5.774408799168746,-4.007916919401667,1.7281212092211984,-13.469058022376545,2.2715227721070637,-7.110335466131861,2.7757739239115398,-6.326340984976487,-4.309029444214878,280.46648177100826
218,0,5.772222582149379,-4.002994370677133,1.821937691157079,-13.468258827353708,2.2655808832937665,-8.049367707510234,2.7744646723934165,-4.280794798945427,-4.309184875871454,280.4114556231327
218,1,5.77526048173384,-3.996654118579455,1.7463087542867057,-12.963767821526073,2.2764409300843984,-6.338085238854951,2.777253704542032,-6.9447456765082975,-4.305558941602284,280.47330072650084
218,2,5.774306076081342,-3.9999078183843686,1.7212743877126715,-12.622565388401934,2.265140268714826,-8.37879070036283,2.774302324216863,-4.412300194990053,-4.311006499506774,280.4255400351027
218,3,5.773086345397133,-4.037717022402659,1.7601700112534078,-12.257707006253153,2.270569393227931,-7.9018691599486965,2.7754008301449975,-4.702802941538131,-4.309122688793785,280.4313532695855
218,4,5.773409493998191,-3.9875841556365423,1.8350238315999026,-13.680739470925307,2.2652279183637045,-5.593863789732317,2.7772223260563136,-9.352205154601357,-4.310752926423538,280.47749633376054
218,5,5.7726432740754685,-3.989351202681602,1.7764111722110252,-14.321184585761584,2.2655263503450955,-5.726184063417593,2.7760670045817304,-9.952698657139353,-4.311621072534493,280.47503049869295
218,6,5.772288815938203,-4.00739568552539,1.7779727284051154,-14.42263331168366,2.268135985957399,-7.37206378479779,2.776586749029223,-5.120404841980335,-4.3110799691554185,280.4473645601657
218,7,5.772309414427776,-3.9906335501241554,1.7534863063285082,-14.520596031058837,2.272480615752573,-7.215574909105358,2.7755913983179985,-5.277345223794318,-4.3105339341612865,280.4526236021471
218,8,5.77313831421972,-4.027856543233736,1.763838961338154,-12.959828893132913,2.2768078692410616,-7.817287238303705,2.777330792033582,-4.555305097735025,-4.306433779471503,280.4282928763537
218,9,5.772749840331918,-4.001310244423972,1.760867870644301,-12.226536198861915,2.2644381225286585,-7.787292559794509,2.7774075259909217,-3.489899578985276,-4.310793922835769,280.3950818150421
218,10,5.774165044643771,-3.998828878778026,1.7415129469954835,-12.23697430957939,2.2688388804237336,-6.727412664346073,2.7745309742822446,-7.500496659021256,-4.307600773722295,280.47319077107704
218,11,5.773604183771154,-3.9944129643588018,1.7914377994231192,-12.523432238130027,2.263309110620556,-6.38280186928482,2.776327941290997,-8.906153666506109,-4.311805090012375,280.47609774106587
218,12,5.775533754601837,-4.000927184204364,1.6998712579918092,-12.793979595481858,2.277470164009067,-7.2523195430299845,2.7752622150418462,-5.800168550718659,-4.305230447457068,280.4637537653459
218,13,5.771786322052996,-4.00394976575571,1.8078019164929122,-13.355607221378422,2.271719480392667,-6.950391615861527,2.778326723759215,-4.948162285686369,-4.309093441845658,280.445978221641
218,14,5.772217581974011,-3.9694099075938754,1.778547569039684,-12.940307026147668,2.265986407836892,-7.450297874501438,2.7742917564647676,-4.254098209042149,-4.310433767893331,280.40873766102806
218,15,5.770640753372801,-3.9816702577693923,1.84495810765174,-12.529668869674992,2.2608079779877754,-6.582029162339802,2.777188650307505,-8.006128600460759,-4.315127163425292,280.48054850294267
218,16,5.773359707596799,-4.030282845628426,1.7584363324034484,-13.460048481072958,2.269061466763536,-6.9530418381581125,2.7761643877887527,-6.431503892672481,-4.313312122595319,280.46778235136236
218,17,5.773006240042502,-3.9849168034186633,1.8137484026918702,-14.036117002253341,2.263998998507676,-7.585070723044622,2.775602131909467,-4.64131434572108,-4.31200490636465,280.4312408811237
218,18,5.773799695454802,-4.034988707655419,1.7829105707144086,-12.746059140915362,2.264361587920872,-7.060626495550591,2.7742168655339587,-7.394609108558402,-4.310450242646469,280.4730698517601
218,19,5.773259191714584,-4.031397371654259,1.771796584868655,-14.24166148016292,2.2660838451451384,-6.812041838689559,2.775952776878964,-6.283662013023813,-4.312777915407033,280.46599420241535
219,0,5.773714562093891,-3.997805168367598,1.773946571022768,-12.385679757826596,2.261657662321978,-6.4803763643334715,2.7767926393835913,-8.322976460733473,-4.313920768320629,280.47827556320925
219,1,5.77263746783152,-3.9841216873785577,1.7831049259852747,-13.137534943228212,2.268205377728661,-7.545568617435423,2.7756424012626,-4.998751824159929,-4.308623891821173,280.44324903777
219,2,5.772468915828236,-4.0127370229808355,1.785681902434892,-13.798823402397796,2.2655821160834932,-7.474614749725499,2.77678153306042,-4.872122355505627,-4.3122247843169115,280.4415265585443
219,3,5.7724499741207635,-4.030307464206097,1.7682470360074878,-12.523908326670508,2.268492865345061,-7.5134469662416175,2.7759885868442873,-4.203428556398558,-4.308162603385857,280.4131774294717
219,4,5.7723799107323694,-3.977916441880753,1.7706239853070835,-14.974396029693443,2.271321797576031,-7.831730129886223,2.7773205093051176,-4.391554747512464,-4.309907532615026,280.4208194461589
219,5,5.772451777683617,-4.022730780052796,1.7670969470552018,-11.977801396149953,2.266465277033434,-7.6290813475267285,2.7758156607862716,-5.093175932870349,-4.308840911120995,280.4490972848937
219,6,5.773239465105419,-3.9954619780247054,1.7671091880470267,-13.167054443140911,2.2680830504351115,-7.172444576567997,2.7766587014855637,-6.254092035412606,-4.311119872312507,280.4652939969817
219,7,5.774015655169385,-3.9758364418270578,1.7702718216485147,-14.608021399884093,2.272245255869728,-7.010663137231011,2.7776723709977302,-6.531085239886227,-4.312248381233894,280.46675112315035
219,8,5.773945519594002,-4.026089814534617,1.7468520270113472,-12.151167132570734,2.2709828122595552,-7.546280064310556,2.7751945595464242,-5.0135594955111955,-4.307899362698065,280.4432316553049
219,9,5.7727676325124335,-4.03032173182006,1.7735970490165571,-13.229956631419977,2.263505897314351,-7.127494686657512,2.776477726533169,-5.730268902034692,-4.3122064841207255,280.4624392969398
219,10,5.774862491300491,-4.002291705381321,1.7493517593831434,-14.110437426830925,2.270830571270971,-7.808582356092657,2.773246851344898,-4.531116994658575,-4.30776272768106,280.42267542183185
219,11,5.77154518147521,-4.009680074205327,1.7689866249724382,-13.267668835648692,2.260332108591865,-7.4939515872530755,2.774796787514071,-5.450796354600047,-4.312611266259927,280.4592785229564
219,12,5.7737776298944405,-3.994263639614512,1.7615879286664342,-13.594945115408681,2.265135010308169,-8.192989798846376,2.7747761014596635,-4.153678528921138,-4.307111123078678,280.4174633606315
219,13,5.772253096946262,-4.017023085092088,1.827939176997156,-12.744183447084403,2.2654515855008994,-6.401679339187785,2.777003871649112,-8.275101585260312,-4.312083159510788,280.4756222809345
219,14,5.773906482303548,-3.9986768801445542,1.8019820941149307,-13.497045283514938,2.2746396599662484,-7.068220672676955,2.777629956849374,-7.455710264347108,-4.3092985726299045,280.4718369101988
219,15,5.77416330803148,-3.990544619293398,1.733526745262352,-14.806056294710324,2.2693352284156036,-7.950208783949686,2.773699641115175,-4.507577928020437,-4.311896357290756,280.4213598087231
219,16,5.7733464122774025,-4.010299967765686,1.7721069455640122,-12.219908647974176,2.2734396439912588,-8.375812704286666,2.777872451294703,-4.46902667647365,-4.313553729528896,280.422313008361
219,17,5.77358129146492,-3.9951356257122432,1.7772475142574722,-13.416001413332639,2.267952769324188,-6.762633208612244,2.7764691615110912,-7.576804229049191,-4.307344196882566,280.4751768402607
219,18,5.773678913044791,-4.024603407434645,1.7387916466522737,-13.924522289237096,2.265367760166186,-6.734991892362915,2.7737196067722536,-5.6046998430795085,-4.308743408600577,280.4590591740152
220,0,5.773468983660476,-3.997449720923944,1.746769122834709,-14.106041871460588,2.2747064242122117,-7.461809516811371,2.7751290065058605,-4.84976166095505,-4.305780706397106,280.4381291462037
220,1,5.7726980355695305,-3.9855671841564857,1.7704481244754773,-13.276706263275809,2.2677639685013125,-7.119881448369372,2.7765531813417863,-5.369364316141403,-4.30869192616198,280.4552755865471
220,2,5.772688300809635,-3.9974981232795446,1.7689205177555187,-12.733984988255214,2.264463910766736,-7.678890937778171,2.773546441440051,-4.643245833397981,-4.3116202790623435,280.42860114728137
220,3,5.773036068060943,-3.983560811780574,1.7752926535518423,-14.287519991896989,2.2701095646865386,-7.52835572996105,2.776956184436597,-5.704849679083804,-4.310802962873092,280.4579930065375
220,4,5.772881715183747,-3.988198556811473,1.7561671075016847,-13.484120347329867,2.2695338057896404,-7.7532689149398015,2.775471044964531,-3.744766643284369,-4.305860233307212,280.3877852967024
220,5,5.772670262638977,-3.99534818014276,1.8186382123313296,-13.814807046043434,2.267829283957069,-6.39634101618986,2.7766003035537756,-7.924242727512548,-4.311962340352587,280.4735951871421
220,6,5.773098879310403,-3.9792366311294844,1.7549048097590065,-13.548617799784296,2.2631934443284876,-8.481953846398339,2.7755257741920345,-4.856910217554453,-4.31659839050681,280.44263744036095
220,7,5.772813651657454,-4.006489462115758,1.7748384977904743,-12.862470735876272,2.270187253700101,-7.697024390655164,2.7752598815765617,-3.8522708946403723,-4.308278533989305,280.3830698014535
220,8,5.772794520508138,-4.001082363820978,1.762393551815341,-14.365556121120495,2.268611951154517,-6.662016358093822,2.7770693147867704,-7.6479017494573185,-4.309388223659283,280.4739725675463
220,9,5.773349729604611,-4.009949017507723,1.795529289876848,-13.95085583636605,2.2695773620799864,-7.864381263072144,2.7757979408638978,-4.731184879764022,-4.311887112044813,280.43060675678976
220,10,5.774978094069939,-3.99816089820263,1.7088217723367976,-13.35968889016104,2.2720345074187294,-7.453014909642179,2.7753562347366185,-5.6384484686668745,-4.3081500554433125,280.45984189864635
220,11,5.773179148036108,-4.0030410879316385,1.7399588539585746,-13.78744185235079,2.2726246352748283,-8.276301731572719,2.7775426967524792,-4.549497515647112,-4.308630532066492,280.43150462525165
220,12,5.772806116652072,-3.9871826785389635,1.7981284996487643,-13.212122895200944,2.2642982841530928,-7.806793924424517,2.775647466460282,-4.791179272510112,-4.309854650988669,280.43925724069175
220,13,5.77268355384815,-4.001193429135806,1.766559771108483,-12.957621698853202,2.2658795004398318,-8.176166846911201,2.775221448355933,-3.928198619658404,-4.310989401039569,280.3931226274698
220,14,5.773608407879494,-4.054364133594729,1.7452876993063808,-13.224441936352061,2.274444079385015,-8.218408628187843,2.7759750203310047,-3.787288501183771,-4.307958864041298,280.37895004259195
220,15,5.773387442456758,-4.0220009742038405,1.721738069472639,-13.25796655173674,2.2663719873170596,-7.389029952989516,2.7739505253792016,-4.221196597713697,-4.309711565473073,280.41209349650524
220,16,5.773198349707437,-3.9759447395004126,1.791939635901266,-13.204088447725379,2.266798626841142,-7.69595493678138,2.77489961013804,-4.4424417621201195,-4.312530048830963,280.41730795379806
220,17,5.773588757186079,-3.9864975115839325,1.7667139579792732,-13.403160568192398,2.262108383642407,-7.57304362780089,2.7740095997398844,-4.196060223524411,-4.312853529697204,280.4108242537904
220,18,5.771522313418392,-4.011187902140217,1.8103814592574203,-14.376862850728427,2.2599029797773853,-7.615716275688263,2.7750914185376288,-3.9704885750931376,-4.3109120447882745,280.40467370272216
220,19,5.77307506911418,-3.9865876742562754,1.773347381663235,-13.20903397554116,2.2777392391821034,-8.151343889210748,2.7750618852023345,-3.9428173653925227,-4.306059601448212,280.3828078073147
220,20,5.773818556257422,-3.993438131804064,1.7141342621093494,-14.892855983495398,2.273273384550548,-7.764627836606671,2.7750956497995865,-4.203730062365989,-4.309322751650266,280.4068465378151
220,21,5.771873300924868,-3.9822166628984355,1.8011946257213656,-13.196394296856063,2.2640234181062238,-7.015543138709907,2.777120755488491,-6.0227376168797715,-4.312216761685382,280.4660280834457
220,22,5.771852908037804,-4.020393748528513,1.755063932484592,-13.43647579267338,2.2738241539260673,-7.849252085273346,2.777390033153835,-3.6584055565482565,-4.307936626419171,280.37883967310347
220,23,5.77313030106366,-3.9933257590631603,1.767096063423056,-13.93132574847913,2.2649264161191818,-6.43506216763443,2.774918243640776,-7.781577206074768,-4.31064174015905,280.47303383515475
220,24,5.773738416552674,-4.010273647332492,1.7348404836440074,-15.041652230782425,2.2763978719162403,-7.39487199694954,2.7749917557434913,-4.578225779470923,-4.304893517826642,280.4276436152611
220,25,5.773219634161815,-3.993176283902656,1.7678776278344832,-14.271338103307334,2.2779160971148915,-7.949144403041663,2.7777609949100057,-4.506526425459944,-4.3060398463796306,280.4264160650661
220,26,5.772348855765718,-4.00640357303668,1.7648823822301194,-12.680645619676465,2.2660325833350217,-7.9846006377891054,2.775779192725927,-4.565642356955848,-4.311915903803964,280.4286070301673
220,27,5.773800662917184,-3.983398628858591,1.779483234400354,-13.853164555437552,2.2642145367145847,-7.46634721082776,2.774887300288802,-5.75600947529352,-4.31448144495123,280.460194324375
221,0,5.77303146680206,-3.9852028734686846,1.7611861918542255,-14.012368648300367,2.2656305380100417,-7.759929082942083,2.773841699858186,-4.51278657308294,-4.307966038573737,280.4258322606011
221,1,5.773655106230913,-4.000633501837467,1.753803446106065,-14.269956961788973,2.271466107488731,-8.210280108113363,2.7746922211670575,-3.867830565415817,-4.306919945530817,280.38471408157255
221,2,5.773326485298667,-4.002900635664269,1.7190444342872693,-13.913866246556848,2.272086132497328,-7.517044607310861,2.775486736381779,-3.4752058771279666,-4.306708965746165,280.3662130490068
221,3,5.7734918084573374,-4.017951304979316,1.7337101814980036,-13.37033269878178,2.2711416193104825,-7.880287826587709,2.7758756134864835,-3.9784360401884045,-4.310616715931006,280.3950130161718
221,4,5.772788701022542,-4.016889094547181,1.751070096226806,-13.330920017564168,2.270427131916446,-7.304694161080331,2.7760299527342047,-5.4705840825260115,-4.309730903661732,280.455353705089
221,5,5.772320654999979,-4.056739559005608,1.7997609282907332,-14.526013855203132,2.2739778083006654,-6.675454405204738,2.7768216926557545,-6.239757358691518,-4.306293915130331,280.470758514541
221,6,5.772434184921913,-4.003504743911374,1.7522972138870825,-14.057212850030966,2.272663030574234,-7.042883862676885,2.774031846429649,-6.1921641554246065,-4.308030281390958,280.4712173547077
221,7,5.773418928530971,-4.0073027391569465,1.7821406538165312,-14.352286607314708,2.2648560425964446,-6.129186986365889,2.7766863189523785,-8.47979266633582,-4.310637429805508,280.4756528497337
221,8,5.771313601631617,-3.993380164006115,1.8185140050308617,-14.615468438395233,2.269932354979939,-7.169316340245104,2.77532333586732,-4.905504470724067,-4.307665287763008,280.44387490645397
221,9,5.772945285623676,-3.9951622813752796,1.752390411212821,-13.107571572686261,2.2728081041342088,-7.561531485982356,2.7753714944524206,-4.496576643414554,-4.307009745187087,280.42317060570656
221,10,5.773735433111945,-3.9860080338299184,1.7198944021776352,-13.228996103318545,2.2725489786554003,-6.791087496362595,2.775006808061003,-5.931871111630508,-4.309086982115565,280.4629360895703
221,11,5.774685804179335,-3.9793291402818505,1.698573948860109,-12.703209974647823,2.277832570671782,-7.274689614740357,2.7766385628786034,-6.3258698472999395,-4.305319805625832,280.47012897733447
221,12,5.772241896494196,-4.0324239775879445,1.7790861460585343,-12.941651126190036,2.2709214701196916,-7.669171431265815,2.778079830893983,-5.192971426536478,-4.308566125008987,280.45351132049785
221,13,5.771579789341834,-4.039831604682534,1.8085706356470086,-11.311330321043533,2.273014760649559,-7.574339326796643,2.7789686727909855,-5.226135498589292,-4.308337033380004,280.4565717624188
221,14,5.773320341786128,-4.0025975786140195,1.7465868224201833,-13.469773386320314,2.2648129831763666,-7.188540066003626,2.7732718376654755,-4.422130263151772,-4.308685541557042,280.4213879591903
221,15,5.773062986779829,-4.024516785186653,1.7356493763520846,-13.233835950059024,2.2749899425060147,-7.339675710300621,2.7763770151198592,-5.118518276596394,-4.306614169118552,280.44914309105394
221,16,5.772302024489638,-3.9770396649997863,1.7637939929926967,-13.34804687526158,2.269559054079672,-7.194120546246279,2.777128224256746,-7.082290979159099,-4.308871106253393,280.4730131885459
221,17,5.772462239404723,-3.98790923978322,1.7792363700704186,-12.627820588996947,2.2737475826291917,-7.669426368594563,2.7781400275401142,-4.592047291501724,-4.31072351582899,280.42918911400255
221,18,5.771636143212264,-4.016179427067337,1.7673827105212516,-14.48889305434648,2.270854530044756,-7.829172665394127,2.7754409327653833,-4.155950524564588,-4.311365508230043,280.40374910416364
221,19,5.7738044730881315,-3.9953044368977126,1.7388253664120679,-13.571242209306158,2.2790997538618063,-7.897531917408993,2.7778265771485655,-5.682825138833939,-4.305609494413428,280.46171199599337
222,0,5.774196855736767,-4.013541015281198,1.7143749585571322,-13.234451283407909,2.2719340469222233,-7.734620535059237,2.7750766663828403,-4.492525891810194,-4.310003413602573,280.42344032712424
222,1,5.774356683336554,-4.0028239108461925,1.7304619628863662,-13.704366635634209,2.2711892306809034,-7.741458160166759,2.7729197983185605,-3.615054328928645,-4.305130943412564,280.36505695795034
222,2,5.773129032512643,-3.9999643573071975,1.7625543207584422,-12.71693136011827,2.274834980769195,-7.83031174309126,2.777749079206287,-3.449608601335093,-4.30983655806156,280.35911570768724
222,3,5.77444500846152,-4.034385698800021,1.7460982042383406,-14.818098740703741,2.27320201696601,-7.066064492302268,2.7757610255184364,-5.628205073885502,-4.30941637902255,280.4567130842476
222,4,5.77262916035061,-4.024093417191425,1.7617949051816129,-12.980169325236405,2.2754002074031585,-6.7183607010740385,2.7765798610616232,-6.7951893828617616,-4.306646321331339,280.4738874421075
222,5,5.77237666873758,-3.9950017160792797,1.7888354683967251,-14.60401967411165,2.2697166667123576,-7.604524014861716,2.7753086806597755,-5.316672840048922,-4.30895693423369,280.4513706374113
222,6,5.774293710756733,-3.9962320478380637,1.736591674347043,-13.276990626940638,2.27743207053071,-7.237281301621098,2.7772444023497997,-6.468913799789009,-4.3061024635441125,280.46911927667037
222,7,5.773807795222288,-3.991944896198514,1.7375598822644975,-13.976096513195964,2.275106642754514,-7.561092016377842,2.776360855730542,-4.555003809018876,-4.30719368647858,280.4266622485616
222,8,5.771763432649688,-3.9864582136147027,1.7453678549948557,-13.356626826755365,2.2691285022675762,-7.77361072118453,2.7767852620273086,-3.4260243089912974,-4.308208048027882,280.37396796701626
222,9,5.773265453099666,-3.981954895227808,1.7884290987213134,-13.897359988425627,2.264784349568346,-7.056685838165224,2.7745685498257537,-6.16660939382594,-4.309921344040746,280.46475196113914
222,10,5.773279906355283,-4.010450139241696,1.7933026835825034,-16.09957074853681,2.278902163825157,-7.514106938702799,2.775543523181891,-4.434551237024125,-4.307567158765187,280.4166285399997
222,11,5.772802465578187,-4.0112759192759855,1.7621635589485438,-12.55027092933295,2.267485365435535,-7.648417131487989,2.7754667228600436,-3.9753938686867856,-4.31250864500751,280.393036015609
222,12,5.772787043145626,-4.035848755383013,1.7557740070370877,-13.814487184112345,2.2668498590121926,-6.728763211046681,2.776409110562008,-4.7493759408435485,-4.3085440660343375,280.44142795265054
222,13,5.774556483454561,-4.035231104791136,1.7056697790224578,-14.351778130789228,2.2698114826523668,-7.208532698539477,2.7740626879554715,-6.579313090671391,-4.306373840703241,280.472170448646
222,14,5.772911329943538,-4.011488889688742,1.7435091477867997,-16.09320239502701,2.2707514030339606,-7.32187137702848,2.7746142372681692,-4.261641537210459,-4.308256883235303,280.4097928184725
222,15,5.774250600662306,-4.008044203996495,1.7389391661859728,-14.193838337832084,2.2705994638322857,-6.388972965857078,2.775234796956355,-7.7231704612206205,-4.308686223628866,280.4727425642841
222,16,5.7724349027494615,-4.042752161255795,1.785299899242869,-12.55012714196524,2.271143955050933,-7.947748957900282,2.7759717211355803,-3.630637577913169,-4.310173273336014,280.36331064045993
222,17,5.774896008148622,-3.9889046382402653,1.6877248025320533,-13.923793031484388,2.2706970696934765,-7.323400871333687,2.773618315637779,-5.3064405074576895,-4.306576188897808,280.45538862977804
222,18,5.773136111095173,-3.970068996898266,1.7203678520934427,-14.783190589960345,2.270036970000569,-6.871629972496952,2.7734465467548817,-6.061507293525796,-4.305763878389193,280.4678945657416
222,19,5.771984303787821,-3.9884114846985415,1.74474770155942,-13.468880284723829,2.275846690196054,-7.94014491359157,2.7775059238365256,-3.3723019302092885,-4.308379269070071,280.3542984847976
222,20,5.7721907933373595,-3.9924873401959218,1.7888854829664895,-14.123618663415044,2.26631587312567,-7.248071827091172,2.7756229480081047,-4.875762682219081,-4.3077768483431775,280.44303620712793
223,0,5.772119137710361,-4.027828771482322,1.772060184488618,-13.517527814142074,2.27503179357034,-7.436425942802419,2.7774434878699132,-4.484296830650213,-4.308204602001417,280.42569637096005
223,1,5.772291336936082,-4.02394216642419,1.8047932657424937,-12.719904956969142,2.2721167912225066,-7.2487128249372015,2.777176918224118,-4.756652323927163,-4.308726773118335,280.4357726010722
223,2,5.771763941295661,-3.996282788752936,1.7753244732607798,-12.233646745756396,2.2657380554811253,-7.510351302382784,2.7760759709419074,-3.8317705924885237,-4.309772207332582,280.3935475700108
223,3,5.773132503671697,-4.033759141218243,1.7451666462439208,-14.195947196872957,2.2722016222497396,-7.170560066185286,2.7747500367070117,-5.21110629499478,-4.3061675162125495,280.45074868719223
223,4,5.772946737444428,-3.993855593924139,1.7399783998871956,-13.29499533283299,2.2718045575157246,-7.624247563904046,2.7769062547601675,-4.401091354053824,-4.309661757746536,280.42209057661
223,5,5.772865586541308,-4.016455513986707,1.7724442612772369,-14.034023605404439,2.275037180155768,-7.53487282889104,2.7783044382475186,-4.4727659991749436,-4.310853051306742,280.42360127473484
223,6,5.772092139188727,-3.997492805111799,1.793143033014158,-14.313343977132716,2.27340354479999,-7.570096548703884,2.775894384167617,-3.656919306283528,-4.304265769823213,280.3743647568867
223,7,5.772534365137669,-3.9953236904602405,1.7873525380777053,-13.77066616823479,2.275117944499873,-7.356496329779569,2.7780704491216004,-4.776952818350693,-4.3080811106571515,280.4375133416601
223,8,5.772249396351209,-4.017936245831309,1.774688376490406,-13.569164937023993,2.2749559679373283,-7.222012375442171,2.7777513136473675,-5.090457136035997,-4.306104320505325,280.4513677195653
223,9,5.773043546871826,-4.011879016887009,1.7553242620672351,-14.007783660009341,2.2794460043414,-7.134542383195159,2.778009551503621,-5.23395930086509,-4.306911091301546,280.45276128908625
223,10,5.773903559684405,-4.021780466915715,1.7074322470314225,-13.370573513694167,2.2774737873223287,-8.162642192150646,2.7759492024839085,-3.4016886217368927,-4.307793379183184,280.3487177958962
223,11,5.7731026254371,-3.9781254856296906,1.7845686109977776,-14.53840678313671,2.2702577731322315,-7.15903776855787,2.7752067872799495,-6.324473167639519,-4.31170878461231,280.4661617763887
223,12,5.771889190838475,-4.007977309961638,1.7682511000687215,-12.458985559817593,2.271862918709296,-7.785001677766909,2.7780838712957836,-3.699149451401111,-4.312857103728155,280.37990548088317
224,0,5.772725135916172,-4.025046154497104,1.7567311702295674,-13.843517522523767,2.270089419380852,-7.449677308264453,2.7768841052013853,-5.216664873488922,-4.308837094905377,280.4516438047479
224,1,5.7722162130272725,-3.9981494340906076,1.7709695632372426,-12.809599367803154,2.2764414013812586,-7.99776163942294,2.776848725078533,-3.9340100243449916,-4.307528176859153,280.38938049786816
224,2,5.771855678956485,-4.001403190393051,1.776070150976077,-12.56645697417609,2.2712117731392705,-7.336595618202021,2.777874601827596,-4.175461268280128,-4.312834434391228,280.4098714389889
224,3,5.77225824917252,-4.013609650762987,1.7620421189794397,-12.787928041623571,2.2715225791017564,-7.661509558975405,2.77543816289199,-4.11610282979086,-4.304888202839135,280.408761228536
224,4,5.773011650152961,-4.00922389591324,1.771513404526324,-13.311372181785446,2.2819124467983554,-7.531528265681053,2.7786440636832057,-4.4396935909248,-4.3049863119762035,280.42599504178185
224,5,5.772462894866081,-4.015609661125826,1.775350936332971,-14.17266648051423,2.269453247478741,-7.162682687023508,2.775340271099193,-4.242020436130119,-4.307717154351239,280.41102766790794
224,6,5.772183618751193,-4.00227007766917,1.7688066072938822,-13.448560844754208,2.278028863579132,-6.914482083840959,2.7780114835774983,-6.499542083793007,-4.30685873215329,280.47447547960695
224,7,5.77205075498414,-4.001388956052281,1.7857833363598146,-13.616778706803315,2.269112534339407,-8.000677402741815,2.7758488773429324,-3.543835637061679,-4.307590231225579,280.3674454909789
224,8,5.772288240891987,-4.000481291746209,1.755420994063066,-13.904535955483254,2.273801477053824,-7.7591004427156465,2.7747628657468257,-3.7017840161344564,-4.307081163909993,280.36689834163144
224,9,5.773842495838885,-3.9988455805228384,1.758143699214648,-13.315848614214971,2.2751579932929085,-6.756308959256227,2.7772911101133904,-6.318959961711763,-4.305125514683547,280.46941329816497
224,10,5.773049617062199,-4.031856985966516,1.7709338104317565,-12.759845500763822,2.2734649660896937,-7.069187131607947,2.778301962796787,-4.761137960919998,-4.309910716584776,280.43729830487723
224,11,5.772533959285019,-3.9966756534651053,1.7896916933858902,-14.263381648202307,2.279808828048139,-7.800010049146444,2.776914272548231,-3.7634971201214187,-4.306565288715348,280.371470358715
224,12,5.772929514507693,-4.014991207756367,1.7471052964454665,-13.171612838125574,2.2758452196315253,-7.437839926262991,2.77557263302552,-4.615510340784058,-4.307407108715261,280.42844069141563
224,13,5.7719520132203215,-4.005038040275832,1.7788550483996957,-14.171925484444952,2.264077258833553,-7.1609758352940105,2.7751900779770873,-4.015983199531978,-4.31361120929575,280.3975525588713
224,14,5.772311292814265,-3.9877103177863957,1.781285990272705,-13.736786888296526,2.2651132444672597,-7.6916703914018765,2.775466074138452,-4.2734935968642285,-4.311368957717744,280.4137877073854
224,15,5.7720958864321945,-4.011843065396133,1.762460524213382,-13.414704945856837,2.281438134876676,-7.7253155208834405,2.7797120679270026,-3.9180450584116993,-4.3073772808781055,280.39923347813794
224,16,5.772545076033757,-4.022777510953791,1.7636670160671168,-13.16452554183144,2.276916432303754,-7.7397169779878014,2.7779284319744013,-3.6485542723644286,-4.308970368138548,280.3710022231815
224,17,5.771998072310264,-4.0264279983616795,1.7696774175504826,-13.141472671818116,2.273340987530369,-7.182910001741037,2.777527122255164,-4.853804965299609,-4.308295732336095,280.4423482919955
224,18,5.773547256439835,-4.0148468892297355,1.7115048353334747,-14.718187395699456,2.2717524400035742,-7.322040386552676,2.7742276042275207,-5.014439013727472,-4.304674629880095,280.448419331306
224,19,5.773070285232546,-4.034647480450025,1.7408777253292018,-13.91832790684162,2.2735537319891526,-7.369276853007609,2.775404532378148,-4.266826025853038,-4.3097543408304215,280.4088982410509
224,20,5.773236778258297,-4.022951607125672,1.7257977625446272,-13.435480744058966,2.2724816325461608,-7.862209499563156,2.7767146234326257,-3.6619782172612756,-4.308990692677972,280.3803044454356
224,21,5.773454300159532,-4.0140429192853375,1.7760814556105395,-13.606745861647305,2.272998722248667,-7.308109567114418,2.7766774628736517,-6.0873982907182045,-4.3056693448287255,280.4666276614056
224,22,5.771991038486444,-4.01886045502299,1.755258357252336,-13.909395395778493,2.2780946422832278,-7.25892543744961,2.7770121459065775,-4.4573106956831365,-4.303379968100282,280.43168588049
224,23,5.772889545457979,-4.025679469024444,1.784116731769874,-14.084140236438511,2.2767834742229707,-7.178234209745275,2.7779396101885836,-5.148518490108552,-4.306554580060047,280.4501254708295
224,24,5.772487640234333,-4.015680288401614,1.7860234595505409,-14.521012030374038,2.276562414594821,-7.926212993649637,2.776191702060396,-4.4902651497871,-4.306757104820623,280.4227365889398
224,25,5.772122699869223,-3.9970353736014554,1.8159277402453669,-13.055308265542921,2.2738771635331165,-7.732245328784163,2.777965950784138,-4.381701581786713,-4.309705727165045,280.4184171317186
224,26,5.772240738761824,-3.9855605127479246,1.7832490964202121,-14.003998235688545,2.2751704870525167,-7.4889055314832484,2.778153357521506,-5.223578671831941,-4.308447840708378,280.45193270837404
225,0,5.772162898285816,-3.9933325512024545,1.7581691899963436,-13.742576126066032,2.2744707279430734,-7.657264591847081,2.7756735078551706,-4.381233558118513,-4.308766714969555,280.4170155172369
225,1,5.771319752990284,-4.006729092167715,1.7775389764351381,-13.944345643445795,2.272929682223358,-7.272934661939394,2.7764799691016115,-4.942284162589492,-4.307833216005446,280.44678461324133
225,2,5.7729690910068685,-4.007134673474286,1.7676786532991358,-13.846412305932171,2.2788706165135038,-7.588246515077281,2.777268394489592,-4.503059949687973,-4.308156423886789,280.42302826897617
225,3,5.770988073016013,-4.0286453723730915,1.7865833095378472,-13.908570152587531,2.2763760880293975,-7.369843373639138,2.778416811755001,-3.5653242168008052,-4.30902268552269,280.3682333679403
225,4,5.772151193607115,-4.014060625338002,1.7802682464732544,-13.736666137143658,2.282622485407513,-7.646391633058718,2.77814784553573,-4.046922508955621,-4.305664271539656,280.4011824727802
225,5,5.772295901136603,-4.027996536620616,1.760820075796437,-13.362119338496182,2.2724409254140374,-7.789744985865974,2.77529138114389,-4.911308785795601,-4.3078978915567845,280.44157098961193
225,6,5.7731643275141655,-4.001408929478249,1.741557839169507,-13.680965755397947,2.2738349186761058,-7.32479772894335,2.7756954947174295,-4.923779432786519,-4.307243295914893,280.44098523315927
225,7,5.772224288862069,-4.016613868338505,1.7591154424106628,-12.289669906803105,2.27591137400243,-7.101101369265412,2.7783162878575998,-5.454854931957179,-4.307081803376689,280.4604330735772
225,8,5.772321919208413,-3.992670255712629,1.7257043088229276,-13.530915264529055,2.275751140948502,-7.732613016680785,2.7758678213081858,-3.4960163080643354,-4.305597107728827,280.36127391805
225,9,5.772706777401578,-4.006546510737085,1.7810035613879658,-14.846015108823048,2.271773066689554,-6.489831312247853,2.777107736112344,-5.869110382907384,-4.308887044727635,280.46192046479587
225,10,5.7725179258996375,-4.006204698881726,1.7873593787434792,-13.180336337340531,2.2706871884487145,-7.299400846568262,2.777218153872463,-5.0071730582817064,-4.308652691884038,280.44520852679216
225,11,5.773047459787344,-4.0186955089535426,1.742464213047299,-14.017617083160873,2.2669847601767845,-6.893833466445068,2.775130842795554,-5.459205186436466,-4.308832107499219,280.4565272665806
225,12,5.772933787479409,-4.007861856356521,1.754400721914474,-13.86431470402765,2.2704219773697956,-7.7130415360598805,2.775651367297009,-4.028276901675224,-4.307384711071352,280.4006680808059
225,13,5.773008961769693,-4.020149144556385,1.730629892225384,-13.246314627730225,2.2736391754439813,-7.954238436839474,2.7747009973682957,-3.4716125027059763,-4.30734377730135,280.3498612184957
225,14,5.772444018940493,-3.990247398812097,1.7660048527562486,-12.431918474583785,2.2706549440622315,-7.740521649238034,2.7756962916433214,-4.328452916569949,-4.3091937682182655,280.4140366893521
225,15,5.771225595968428,-3.9919904658440934,1.8008964496097302,-13.746328562215407,2.2719346729462386,-7.682667232958611,2.779324494801116,-3.3938503702830856,-4.3116280935150035,280.36726236631216
225,16,5.772620427001283,-4.015946266347548,1.76856442108549,-12.573293791006845,2.2725969291463657,-8.186712105038474,2.776557085169698,-4.254376371519309,-4.309246455192035,280.41043598070723
225,17,5.772531885503892,-4.015320954058562,1.7883702082656783,-14.187926526068994,2.271004123344906,-7.520585052313762,2.775676064108956,-4.233094582560241,-4.308112524018363,280.4081670208181
225,18,5.772079368386004,-4.0355841935317835,1.7838033515700455,-12.371970057195496,2.2764883637120334,-7.186081381110355,2.779068447034773,-5.019136038756315,-4.3102436522790795,280.44811148240194
225,19,5.772256424413731,-3.9997564423170897,1.7436019914406675,-13.691411968282376,2.271273595441923,-7.769467408015513,2.775287594095535,-3.5143765989005664,-4.308649116813675,280.35812677197384
225,20,5.772699476668897,-3.988443033379898,1.7795051730417002,-13.848541392135747,2.2728078826861937,-8.028534231928647,2.7747466722517014,-3.8674851658535494,-4.309696021837018,280.3754033763713
225,21,5.772615585150911,-3.9900401853055785,1.7573429407989518,-13.332689977122714,2.278078048031686,-7.452820457265073,2.777161312243294,-4.32125504498861,-4.304960181286796,280.41890633331377
226,0,5.772453038668552,-4.013675393112364,1.7582403905126847,-13.56114236971961,2.2782900567112705,-8.049211124846387,2.77887082004102,-3.7073581123813804,-4.308402421121166,280.3816733939706
226,1,5.77159518496459,-4.019302305878397,1.7713733952232236,-12.271681453729647,2.2729103044184646,-7.545011280474063,2.7769711731126323,-3.9905277329669087,-4.308269623159735,280.39867707600956
226,2,5.772268457092901,-4.012153898061261,1.7243399956504117,-14.082791872654198,2.2831324641161976,-7.723641377002212,2.7760617070426625,-3.687793706270764,-4.304305843024687,280.3712095647091
226,3,5.771324435600483,-4.003843778622038,1.785970562640397,-13.658020403597781,2.270391160560258,-7.1879654131121855,2.7773155804039362,-4.774745279266638,-4.311282182256394,280.439159614832
226,4,5.772127732626479,-4.00687092211221,1.749545045177371,-13.772129735351774,2.271133717052835,-7.650406073279469,2.7754651001565755,-4.304951128061092,-4.307450092983475,280.41637968566886
226,5,5.773004908687322,-4.000790108870908,1.7394844234743545,-14.469168829890588,2.2731349176639837,-7.325995430680872,2.774203519130538,-4.198212067362932,-4.3046202865680305,280.4086038333323
226,6,5.772037877875812,-4.0094306001558655,1.7733275420416739,-14.799459012882652,2.2760707750371116,-7.5415835840350836,2.7739895004548596,-3.442318116631845,-4.305010550049705,280.33664318809326
226,7,5.772205522823988,-4.008965211892862,1.7316652153374135,-14.50821584172407,2.2777101664373647,-7.130981177861858,2.7766096097631094,-4.186102761196198,-4.308129633733166,280.40948998975324
226,8,5.773488701414934,-3.9809023365314253,1.7327409498483959,-13.963162466067018,2.2766814834112057,-8.293086709293869,2.776636068190085,-3.4564383921309325,-4.307688628854592,280.35554445889903
226,9,5.772961446296163,-4.0032688115351,1.7351419540188822,-13.37976939220092,2.2770318631836157,-7.428683723715229,2.776675285530465,-4.275263164736428,-4.306589271829779,280.414169929071
226,10,5.772210445704411,-3.9851629496273406,1.7462871120562298,-13.344858311765858,2.2750240929122816,-7.975558116409793,2.7777410459617955,-3.7338061259698576,-4.310149577459603,280.38072330550665
226,11,5.771887222897907,-4.008150317072462,1.7646533919163414,-13.307855174713628,2.2707892190541026,-7.813477124092769,2.7759962032345933,-4.081516019882648,-4.308039652514421,280.4034991874768
226,12,5.772540620930999,-4.006593758183715,1.7797267006685855,-14.659042454421842,2.2768140467591693,-7.279637517226729,2.7781685444933144,-4.733006218320057,-4.307499360890259,280.43656073784723
226,13,5.7724660131666115,-4.015928040760093,1.7680277165517557,-13.415686644896505,2.270306540297188,-7.602390448670517,2.7756728527165624,-4.713888799554473,-4.30861352899253,280.43319557722924
226,14,5.772735275129461,-4.006556888331986,1.776938665876258,-13.755185667380186,2.2725952858327405,-7.188239759319463,2.776672335958498,-5.289055316465435,-4.307085942224755,280.4523717507507
226,15,5.772880232563676,-3.9878575321765646,1.7632592124492987,-14.025063310015346,2.2732174795993525,-7.519762834662656,2.7762072780298683,-4.532586547134898,-4.30970685770751,280.42302949442814
226,16,5.77171482989018,-3.9876419290309317,1.7695167197877373,-13.312031513841507,2.2740100711378424,-7.258616915582672,2.775651233897073,-4.106883345778784,-4.306053588217686,280.40367118452536
227,0,5.772010030118378,-4.010702504693636,1.7732368623855999,-14.569194789978228,2.2809170067162707,-7.592279792332554,2.7764969902451453,-3.78453476802105,-4.30544988070732,280.3758861261363
227,1,5.772085425971354,-4.012658082417388,1.7578642151748858,-13.411330340256882,2.2819431002770885,-8.162412069354946,2.7766732306183686,-3.949748556666511,-4.304637501157648,280.3930984948064
227,2,5.773127928325498,-4.01966156154042,1.7357055440169868,-14.817289355432882,2.2755192084299205,-7.574888204702113,2.7751727224729543,-4.82695371517622,-4.3066347335972255,280.43816080039664
227,3,5.7726285615721995,-3.9918194010978416,1.7302735571419414,-13.768452223390085,2.2715039374962895,-7.78722605681409,2.7743723823169617,-3.3891586109552603,-4.308610217846348,280.34281950849794
227,4,5.772139276085422,-4.051000266087462,1.747453759132461,-14.275690203089214,2.279754798749942,-7.765224087533903,2.7759933657498093,-3.494315630480012,-4.304624787353161,280.3525187644026
227,5,5.772018959051311,-4.0260560394008085,1.7674577146006407,-13.687696551516915,2.2746502759117897,-8.051004208578133,2.775312503742938,-3.972897613654632,-4.303801425085833,280.39713995029814
227,6,5.772623761574526,-4.02370176586868,1.7461570100993429,-13.591108261551298,2.275995338450163,-8.172638755302467,2.7761593810161034,-3.5314433602599595,-4.307711046959039,280.3563093944756
227,7,5.772997890623154,-3.991021670249316,1.7358817988236028,-13.78518679778846,2.277093194674714,-7.4638408348773915,2.775273642556302,-4.8198536024258996,-4.306508474139502,280.4384907445623
227,8,5.7724673422134005,-4.008272881445863,1.7771900525961897,-13.969402834387997,2.27918177901623,-7.84260222738902,2.777449082072159,-3.8724656763690146,-4.306177584938717,280.38581526227193
227,9,5.7729368131596175,-3.978426419753198,1.7603954154147798,-14.299635741572137,2.2755676117287256,-7.570436654968931,2.775186629325927,-4.08345295000015,-4.304134015846299,280.4006349282377
227,10,5.774362336788972,-3.992851862548826,1.6985457712171455,-15.085161504607045,2.2805735898230632,-7.589302763792238,2.7751980073955247,-4.816477140651528,-4.303721180080012,280.44085132734995
227,11,5.772062135597615,-4.004791758395675,1.7502665764268486,-12.721991513104996,2.2830078798818825,-8.188069236651854,2.7781572465105393,-3.8056378865149485,-4.305165617593857,280.38666809025005
227,12,5.772573453887906,-4.016769413980345,1.733305961829636,-14.594906777529811,2.280287699252932,-7.570002167326669,2.775847174786595,-3.850534241195395,-4.304873774947837,280.3834788200288
227,13,5.771430395639569,-4.022667140283628,1.7719741288754982,-13.939373905624759,2.2764807426804583,-6.948989744652443,2.7766045410489832,-5.3546169112310125,-4.306520721785266,280.4618891945371
227,14,5.7725118447910395,-4.003841598202177,1.730767390134278,-15.001530834766932,2.283957087504406,-7.7304110320786315,2.774726993560589,-3.5655421720438296,-4.298890412640287,280.36506085379347
227,15,5.7728408917081655,-3.988032972049968,1.7513687748541453,-14.615902807306291,2.27928470011965,-7.939934002960338,2.7758239619978733,-3.6779437589114736,-4.303004786469997,280.37137943323336
227,16,5.771095898285226,-3.972344617376768,1.7853581911274679,-12.975315480247291,2.2678558442156804,-7.487848633331203,2.7761697112158306,-3.933746161644559,-4.309351327301827,280.39624470246076
227,17,5.7727729462700905,-4.017672552953299,1.7014016277979995,-14.271381374765156,2.2846587636593343,-7.539733134533981,2.776208519241137,-3.829477918647521,-4.304079579558943,280.38600351017396
227,18,5.7726797958132705,-4.02150849987326,1.7474189060795176,-14.024165172027226,2.27617858158429,-7.47739857477308,2.777478652529542,-4.0196248363537155,-4.309198045150347,280.3981425195866
227,19,5.771934754421774,-3.985582631958392,1.7727310294740835,-14.115536584819305,2.279729164005204,-7.5696661527592735,2.7768196257465987,-3.41270748975078,-4.306545599986982,280.3415608526203
227,20,5.772613677843956,-4.0055060700203375,1.7410579162144464,-14.652274839447063,2.2738670151363345,-7.850972578545494,2.7748062032424743,-3.978272643007777,-4.309863039394227,280.3879943196237
227,21,5.773054409820992,-4.009196419065942,1.7421767370156973,-14.419292275673325,2.2706189751934143,-7.4788492523910435,2.7741678035233157,-4.798332523456465,-4.306157434484056,280.43757512479965
227,22,5.773275123099007,-4.018885902524926,1.734630404932809,-13.906622810872005,2.268553688905556,-7.509195442910891,2.773988326499199,-4.630180326031833,-4.308817071632344,280.42927436306667
228,0,5.773415260811371,-4.005314901746136,1.7740810216704688,-14.528052417716964,2.2761969275903136,-7.1747476150707925,2.7752743981416037,-5.145225168470068,-4.307343656949099,280.44677578406396
228,1,5.77289168018154,-4.025813146730799,1.7283418782365416,-14.507514560171563,2.2870039928295185,-7.8341010805991935,2.7763375534035424,-3.931475325364793,-4.302517023587108,280.3935622492804
228,2,5.771812488188649,-4.021247140490912,1.795457354409909,-14.305175710341391,2.279976014215827,-7.614996595302722,2.777513441946819,-4.762374619530962,-4.305277023257821,280.4425732784225
228,3,5.771789253947581,-3.9824753912901447,1.776490996504291,-14.71308167456859,2.2868926288886797,-7.3379835634434345,2.776948127939446,-3.6479330658859843,-4.304134245313464,280.3647645300858
228,4,5.7724910735656545,-4.002519613620754,1.762281247657703,-13.642720876680265,2.2751206489879614,-7.696350681588749,2.7755350841745123,-4.027666025975083,-4.308819118944668,280.3915403937149
228,5,5.772336811942745,-3.98557169520707,1.756197623793105,-14.690608949403341,2.274778714488882,-7.614396616657871,2.7760869594298074,-4.011491626928575,-4.307425229288707,280.3949880958927
228,6,5.7717662819728766,-3.995679891629615,1.7704123317124547,-14.867713940461105,2.2781250229019987,-7.309493682951999,2.777601247072532,-4.14029596017278,-4.309463484693667,280.40542055434537
228,7,5.772915450790876,-4.040868804501878,1.743462465302134,-12.217497469927451,2.2725382544154686,-7.97468027256552,2.773553769688769,-3.900262691031837,-4.303616519728963,280.3890181679217
228,8,5.771514197884664,-4.025306269727848,1.7521178574896181,-14.433474438213372,2.2802327760722734,-7.493322586283804,2.7757557338198002,-3.676186213750275,-4.303431537595965,280.37254835095905
228,9,5.772174852797097,-3.993631875001209,1.7169636656118277,-13.807033060915796,2.2836772533150365,-7.479194984415321,2.776082144694058,-4.393727111394805,-4.301798304850351,280.4320775950666
228,10,5.772891243455574,-3.9808466695211733,1.7790845842900647,-12.852609663328003,2.2753170905683926,-7.562081579812854,2.776257125493113,-4.937108990555444,-4.307510832558406,280.440187990416
228,11,5.77170056636651,-4.007890340621624,1.7941745634505746,-13.612559333593683,2.2789354131793953,-7.6560814726398165,2.7755209349449914,-3.961223186135788,-4.306342212481389,280.3883896311058
228,12,5.772186039375028,-3.9903306260154197,1.7605852317912998,-14.46241233476681,2.2748407293420176,-7.719543965152614,2.7756532713227697,-3.638415221798537,-4.3057336673537145,280.3672468688343
228,13,5.773748613411336,-4.012047829407401,1.7700184436294248,-12.89260390439775,2.27858637787774,-7.9407952903578725,2.776904872865969,-5.2468827689293205,-4.307104449610809,280.4496926367508
228,14,5.771489114806,-4.000513382554972,1.8120952701617574,-14.130661107391619,2.276338680093296,-7.502021855576107,2.7782574753567406,-4.736355390698008,-4.3080652681778835,280.43910665090914
228,15,5.772675834953869,-4.000308664530599,1.7336627243297253,-13.672301031344881,2.2719561819225014,-7.519691108202094,2.774812535762449,-3.4854811913672377,-4.307259461194934,280.3558746430506
228,16,5.772059902236512,-3.9847280151431397,1.7382776646776696,-13.983055080066617,2.2745205577037266,-7.474519747848843,2.7739964208315744,-4.012985207110798,-4.304284663213794,280.3970925722974
228,17,5.773189373944216,-4.012681866849381,1.7366978775014605,-14.660184977230427,2.2780250611793633,-7.648782899908579,2.773590285787378,-3.9622592996076236,-4.304660151138704,280.3861694123275
228,18,5.772839262120893,-4.001637102301231,1.7476594292645315,-13.741876554359115,2.2706072984339034,-7.540855062653461,2.776267012690317,-4.620071224870772,-4.308619581542293,280.431423328684
228,19,5.7717200158574276,-3.990553138396797,1.774567663877814,-13.704525712156663,2.2712223121250186,-7.360880721737318,2.774402708741178,-5.235473534489006,-4.307456940870035,280.4539552101462
228,20,5.773577850538216,-4.015116119556313,1.7448313922394159,-15.905942778870859,2.2791271308212613,-7.019104155805547,2.7756278088517656,-5.098867222521618,-4.306317823316296,280.447618997644
228,21,5.772959018380671,-4.00248651992813,1.74402396153933,-14.648616577057528,2.2783837339690947,-7.7057823388210664,2.7755216512657035,-3.7821290808896233,-4.307830075471792,280.3708168924984
229,0,5.771922493889502,-3.979381126104552,1.7701976243896256,-13.957998174112085,2.2733822618830817,-7.319633754374388,2.776403190220877,-4.132121815235883,-4.311354585413184,280.401448722822
229,1,5.772138678560973,-4.008870316351922,1.7600899697194574,-14.218290723285946,2.2896006629290264,-7.450545695768157,2.775465650949205,-4.622123113467795,-4.3002400165714185,280.4542664248024
229,2,5.771477806592595,-4.005876364137467,1.7625828048422845,-13.602494868448813,2.277626387777074,-7.928679502766112,2.7770914418497696,-3.5387596666160537,-4.306156062001754,280.36306749834205
229,3,5.772845960436124,-4.01985203313913,1.747779067296929,-13.087323333279157,2.2776066882913515,-7.619877985190336,2.776998706654621,-4.942184535443038,-4.309975351407292,280.44313359405214
229,4,5.772213615946915,-3.9784179987175756,1.7479126503826965,-14.74005568815279,2.2761447256023524,-7.306414659623206,2.7758515735101614,-3.7520251768529556,-4.305773864020674,280.37678616027677
229,5,5.772513290991146,-3.996706160691539,1.756940675036142,-14.364543036788119,2.273392423512481,-7.416215225171707,2.774644795827508,-3.9876587025409007,-4.3067231952585665,280.39028520023453
229,6,5.7728240467381315,-3.9897827381563506,1.7523613074486666,-15.09589430842719,2.2743485722384924,-7.267124005090313,2.775211633718632,-4.22863780806977,-4.309178178674417,280.40505818867945
229,7,5.772081719588987,-4.001866273224585,1.7640679157466856,-13.520283617912916,2.272279470525742,-7.608192457179513,2.7759498284921618,-3.712236948785907,-4.3086512800283625,280.37293259860724
229,8,5.772484316611289,-4.009711117324381,1.7363271282916546,-13.788605295959375,2.2735011380664547,-7.7600914548966,2.77492135007598,-3.4614419154054357,-4.307099935642095,280.3504191839763
229,9,5.77196137801372,-4.02781996180379,1.7588296227947684,-13.589168804271232,2.2802930141543527,-7.390637486126025,2.7749466437155594,-3.5759959010753315,-4.306404400930062,280.3501043082066
229,10,5.772118093775545,-4.01306623770432,1.763004630573597,-13.567315313203762,2.2776898553883984,-7.013563920217695,2.7759851006465084,-4.433095607830263,-4.306948429044737,280.4220871753207
229,11,5.772553928497897,-3.9862904369919647,1.7422086248881448,-15.230185041744683,2.27054278850843,-7.767406318841643,2.771846023969227,-3.8763185721548847,-4.308998078322771,280.3759567226272
229,12,5.772256102791332,-4.014855375425059,1.7549443710769406,-13.666329140975606,2.2801630427958655,-7.471527496903367,2.7776504936388853,-4.325201252051336,-4.305828979153524,280.4199165738597
229,13,5.77256442471709,-4.0050769265051285,1.7462907317473806,-13.378941777220575,2.27699890015948,-7.356129035331901,2.7738283092653315,-4.3605359417835166,-4.302409972222492,280.4211362357871
229,14,5.773291948223646,-3.9961786318733434,1.7305202263775117,-13.98128215205065,2.2707524581770335,-7.275706139642278,2.7749231099805525,-4.599247951852267,-4.307344704683382,280.4295874828639
229,15,5.771726723168383,-4.0005038868566904,1.778628727694588,-13.817622746887814,2.2760361117153183,-7.50868722794595,2.776657086753887,-4.166030529734102,-4.310013522698442,280.40451319934044
229,16,5.773141172157024,-4.000353112065477,1.7518441684108397,-15.183556886403974,2.279357980027555,-7.3960471179303795,2.774258515553019,-4.551888285044784,-4.304346222861924,280.4275214835843
229,17,5.772611991693733,-3.9914412428398975,1.764074249102997,-12.132475240455127,2.2759183632448865,-8.016813540324307,2.77831606709266,-3.9328604476901123,-4.308920756417899,280.39548823322997
229,18,5.772562648620185,-3.997110116739227,1.7694187664500551,-14.345927751783014,2.278867298966076,-7.3829449043549955,2.7764082467766937,-4.563067261082613,-4.3080293803508205,280.42673358301033
229,19,5.772764514801242,-3.9971636105450887,1.7473186914082224,-14.787136591175525,2.2816611307112393,-7.442253887187067,2.774453186921287,-4.370384198271607,-4.304094509750945,280.42015674328377
229,20,5.772025028292592,-4.011715699827405,1.7632817846863875,-13.699949519995098,2.2755776624045154,-7.0556539317584805,2.776146210521923,-4.494741227697097,-4.307985630731643,280.4248267376237
229,21,5.772573836742339,-4.002704714780908,1.734526749768116,-14.17295084252462,2.282950876589978,-7.659225536615074,2.7782447047385554,-3.8977607589503105,-4.304214001021441,280.3967979144363
229,22,5.772680726057014,-4.019540861375486,1.721113746138107,-14.029000218531436,2.281799912357087,-7.58352014232808,2.7768939466701914,-3.4662832672198647,-4.303409113399757,280.35985543881065
229,23,5.771838825002939,-4.012201794121446,1.745797976021162,-14.139702785497068,2.2764372961766424,-7.337231873118145,2.774376257451251,-4.19350673778106,-4.304412687160709,280.41065678646964
229,24,5.772734435320267,-3.9995695480019666,1.7494649005653389,-12.138669657069066,2.273501779635401,-7.148260368189697,2.776071498898021,-5.424424465904311,-4.306375666831387,280.456516312306
230,0,5.772313204816466,-3.9850985953108062,1.7729672512516224,-14.008074768826758,2.2742546658602394,-7.586480485327045,2.773537049829617,-3.438732781053052,-4.306905314333779,280.3319546774634
230,1,5.77217506618515,-4.006388741876083,1.7531067176309805,-14.054105953022813,2.280182095851875,-7.528985759308519,2.7756254453982816,-3.384003413159485,-4.305038480536272,280.33595485724203
230,2,5.772406736106509,-4.024897260244212,1.743590785409237,-12.729243378150437,2.2769060706820197,-7.821962954048792,2.7748345654269064,-3.82434771783477,-4.305224387391865,280.3789858905259
230,3,5.773700736131263,-4.014124449510391,1.7211406009320376,-13.782256837509886,2.2780325388746836,-7.885875460639387,2.7759179969495182,-3.5647359209087197,-4.308353414218134,280.35644787246065
230,4,5.7724461429751655,-3.9910275690320574,1.7383834155357882,-14.631271396932311,2.2779899609445597,-7.580411366525128,2.773923656167541,-3.4891870826607025,-4.30635200569199,280.3394735103152
230,5,5.772639203695044,-4.024956881611569,1.7355085099841414,-13.69142829016368,2.278041758068612,-7.711715984184632,2.7756234189645035,-3.615245669741048,-4.304548861561326,280.3652964287048
230,6,5.772678119658247,-3.9694994538362116,1.7514524805233085,-14.761015032963853,2.2704595278789736,-7.236918339682416,2.7766083198733122,-4.063067871501614,-4.310496516754509,280.40218268747043
230,7,5.7726422036247715,-4.025754296441094,1.704909181651733,-14.261494306520722,2.279248641039138,-7.309764244573802,2.776041933507867,-4.399354365300692,-4.308842889987825,280.42383211061883
230,8,5.771874321921524,-4.001683467571735,1.7382915949073114,-14.150954478380813,2.28033021626534,-7.629399347910568,2.7769172773322013,-3.4579079915408033,-4.308307482912736,280.34830307507394
230,9,5.77168119352292,-4.0150678759114085,1.7744787846399674,-13.97729747053399,2.2732476585490926,-7.172921916679552,2.7755894545978763,-4.319358767490412,-4.308361420563211,280.41469030618083
230,10,5.772942380835955,-3.998830038478849,1.7487196394382072,-14.310750727724962,2.272227972884713,-7.610849731432345,2.7760661145625294,-3.8295125705566084,-4.308289696145457,280.38501065482376
230,11,5.772320352591048,-4.0155943557084885,1.7500792963161393,-13.478283475202998,2.2728182302120303,-7.274412183930791,2.777297749937234,-4.370870827848414,-4.308751994647052,280.42210592248637
230,12,5.772261568127833,-3.998375829668419,1.7463629127737825,-14.408837127294348,2.272406682060288,-7.440968879441759,2.775258356984522,-4.410278573092319,-4.307153278494484,280.4207852699403
230,13,5.772781560132273,-4.012913810896232,1.7485679356235972,-14.444449297223311,2.277472650712999,-7.477323010757915,2.776475651439625,-4.64741134592098,-4.306543464764972,280.4320116425774
230,14,5.77291715313059,-3.9943158633042706,1.7360788906368727,-15.18766752424564,2.2791117867213786,-7.45587875164247,2.7735995053762603,-4.723458581859278,-4.3033468310798035,280.4395773970609
230,15,5.773137715549472,-4.000546303418841,1.7188921450185288,-14.574251616214244,2.281259082332895,-7.290520853226148,2.775685431713737,-4.527974784333191,-4.305215367275247,280.4286451999839
230,16,5.772011003218973,-4.010223530616518,1.7714383325658682,-13.899520232585218,2.277599202006731,-7.115277068850381,2.7771698633482496,-4.800444934312122,-4.3060647957958516,280.4415714411131
230,17,5.772507908865698,-4.017273528607948,1.7246756010647848,-13.927616167062585,2.286274998840297,-7.996042880749891,2.7765530342515516,-3.605066021076157,-4.304995618519146,280.3610363088988
230,18,5.771977909666041,-4.023470640976739,1.7419262374991435,-13.342059994031915,2.2777355918612514,-8.014123283325873,2.776781669814858,-3.6240716757806797,-4.3078468316597665,280.3666176439323
230,19,5.772033277555573,-4.00985395191915,1.7443858323996733,-13.45461690841004,2.2775559498250404,-7.705999158904518,2.7769080493858165,-3.5260081086554433,-4.308667657149422,280.3569824898057
230,20,5.772580671483487,-4.013231754191755,1.7922250674540783,-11.875964374296764,2.272519855481969,-7.747661365563009,2.778011185323921,-4.283752720116367,-4.312628842494116,280.41291085093576
231,0,5.772203227682006,-3.9933583017557015,1.7768729729293047,-13.71349700511857,2.2730381666591644,-7.727735219266786,2.775161099207047,-3.820607241906202,-4.3110741973698605,280.3726181704179
231,1,5.7724735747552325,-3.9934476891394133,1.751043314182087,-14.266841709937829,2.2817220210986475,-7.767244176228018,2.775816810092874,-3.6837452545684815,-4.3064823716974745,280.3623319024088
231,2,5.77210891485724,-3.9808660118647197,1.763099898425656,-14.17224181095195,2.272756722452595,-7.194371400447244,2.7743444278616756,-4.233050263436648,-4.309640730535338,280.4057149388366
231,3,5.771415813036067,-4.0065539331628015,1.7929081955016537,-13.450189362453784,2.2786598176751496,-7.201019033948426,2.7758516024878053,-3.685893713475983,-4.306157564778465,280.3649275022964
231,4,5.772058782610199,-3.9806836356415936,1.7671243261285334,-14.08130939736296,2.2729338942212007,-7.487923733830185,2.775861250940492,-3.8877201043544583,-4.306900761429502,280.3878182036441
231,5,5.772070052628261,-4.0150190572928155,1.7225115532099142,-13.921515884522766,2.2807003879763608,-7.601372552729296,2.77511061030826,-3.3896219922350355,-4.304023438907253,280.3408239149777
231,6,5.772639135467711,-4.027554417614679,1.7451028736839773,-13.995081767007926,2.28218121044312,-7.51809791460505,2.774817574363285,-3.8136041660505127,-4.3048342388660075,280.37488180485934
231,7,5.773968048512817,-3.9939511224514113,1.7335951547371002,-13.615885521562648,2.2777329124544914,-7.729016462182663,2.7745458286976565,-4.434454210770948,-4.307102392026905,280.4168351408887
231,8,5.771981267613364,-3.9992256096373144,1.7671204006637313,-14.553221693658116,2.2845612536694797,-7.415814540855825,2.778102228220975,-3.5907222367488503,-4.304710366051759,280.36483288369755
231,9,5.771849230708367,-3.994961988216337,1.79180007765181,-13.508952395522682,2.2686901297635513,-7.4042876899703085,2.774601283780357,-4.230521797140644,-4.30907450877351,280.4069127706957
231,10,5.772687195850833,-3.9981107353251653,1.7660051067742442,-13.857241693320326,2.2752942072777644,-7.419366081014718,2.775440813169091,-4.531944944019944,-4.307483685652532,280.42347055152175
231,11,5.772243025415185,-4.028863119060044,1.7503602748144471,-12.334631125414186,2.2712414923762956,-7.610297669988274,2.777566878951183,-3.822282610945379,-4.310207095037782,280.39272274408336
231,12,5.772711673430032,-4.002753927247364,1.7494980110026441,-13.627920280898724,2.274913275711492,-7.8056977879124965,2.77552260401405,-4.352787279025137,-4.308743914398515,280.4139861591063
231,13,5.772563409495821,-3.9902277119932115,1.7514868572688986,-13.541230958687516,2.2762351092660835,-7.42275073850053,2.775378710591284,-4.204807317749038,-4.3068933965321685,280.4057853207986
231,14,5.772305676011905,-3.997579098037343,1.7581453477680073,-14.151705754482263,2.273438221622118,-6.945341547206669,2.774323776290048,-4.350797012382336,-4.306759455125017,280.4149302098931
231,15,5.771993406338197,-4.007528674903979,1.7402892842377824,-15.042251745449484,2.2845702520525872,-7.3855005994548355,2.7750500308211428,-3.584683652111623,-4.300778453981852,280.36265729338845
231,16,5.772247437203515,-3.993890921346434,1.7570756534893388,-14.65086737736054,2.2799434486686034,-7.566556011727451,2.776561582288314,-3.601609265557927,-4.30976636123714,280.35486905220495
231,17,5.77306664000035,-4.003045654761767,1.7371567339027234,-14.387166874303407,2.2786208343085255,-7.80352159330489,2.775001677329047,-3.643318799434412,-4.3072042710942835,280.3571326224578
232,0,5.771748041051518,-4.00823782879983,1.7652048464237227,-13.732907637195314,2.282500866005064,-7.78785297631119,2.778391824462726,-3.5579266050611875,-4.304787915265639,280.3677712476547
232,1,5.772263434585973,-4.0024035729504455,1.7576713739620466,-14.416382393839877,2.2796230555431194,-7.4573777552363065,2.7750758131995035,-3.73713873619674,-4.305500090092188,280.3677846268365
232,2,5.772598861646737,-3.9777593443447716,1.7261206260075144,-14.741048100342985,2.279388800254266,-7.287512535016125,2.775276486992499,-4.077972255635673,-4.307047415851949,280.3984374369662
232,3,5.771956044832887,-4.014594842387808,1.7364456832918156,-14.80544496879069,2.2838264118565927,-7.257535143256226,2.776753150431616,-3.3787088010750317,-4.304840152398669,280.34113337674387
232,4,5.773025725839251,-3.9839950111008657,1.7543764754019833,-14.61354268769898,2.2740243094333747,-7.505733075413127,2.7751200628148434,-4.315226003432182,-4.308013736219593,280.41053396899866
232,5,5.772031357196464,-3.996610907781234,1.7624858676713087,-14.619172615245644,2.274591717747866,-7.593179252509477,2.7743056008298437,-3.897134174729688,-4.308074611519066,280.3802241897646
232,6,5.772083008057078,-4.011553654641482,1.7409675725248448,-13.843033886459745,2.277667398153801,-7.355467098527633,2.775197760255223,-3.801036663024166,-4.3062628483356375,280.3771340769085
232,7,5.772631230064536,-4.015496235695135,1.7420746913113836,-13.446901885792954,2.278249581258723,-7.67341455840037,2.774807652927279,-3.7509745333488893,-4.308166052135897,280.36662865873495
232,8,5.772554795869249,-4.005516541747529,1.7254583665023375,-14.199974063139813,2.279427561300578,-7.7659344090585485,2.775605297465465,-3.4629511226052965,-4.306923925716412,280.3450025145173
232,9,5.771912502876088,-4.012576507327194,1.7499867896887775,-14.170981841397616,2.278023751011558,-7.536234688534711,2.7746983019521902,-3.3703835206650323,-4.305287238910306,280.33290863687404
232,10,5.772412078031489,-4.001165224218371,1.7325030003316768,-14.06794294896004,2.279427537414289,-7.587993524143303,2.7748602713955535,-3.6263612188648504,-4.304362878092792,280.36131956489396
232,11,5.772586366090299,-4.008790670809837,1.7376711919489243,-13.953569003094191,2.2804454815367645,-7.613342557420541,2.7766535699212693,-4.200603489230675,-4.30540359029267,280.4105488790014
232,12,5.771844462517465,-4.005058727824169,1.7443146779831273,-14.494761887256358,2.284407034481784,-7.522634633458822,2.7772239338366562,-3.9953964935251927,-4.306062091813783,280.3994531102543
232,13,5.772102850536517,-4.011154883626854,1.7530447632166226,-14.426988133527047,2.282736436261647,-6.866622470852421,2.775573350577621,-4.542008863250499,-4.304657897513825,280.4348851292373
232,14,5.772240457512806,-3.9912767102184556,1.753804397222064,-14.740206879058073,2.2820107507006844,-7.5093930431212685,2.7766897365855017,-3.8477368870599675,-4.306002781516376,280.3818745645893
232,15,5.772857680343349,-3.9985718346272936,1.718713131388956,-13.968304401191578,2.279438297695299,-7.894344042375157,2.773905024631001,-3.602656795814095,-4.304426117715266,280.35549142580066
232,16,5.77254329672318,-4.007701061410068,1.7593382511215638,-13.339465852275465,2.273828453497303,-7.643757210623508,2.776079882418742,-3.6633716450250384,-4.307498212290013,280.3695973504889
232,17,5.772290848955905,-3.9917771753108484,1.7363827153493854,-14.325805141000213,2.2815070671876287,-7.499667448546534,2.7767319304738685,-3.901599596236009,-4.3058508180848625,280.38894421592084
232,18,5.772303895963131,-3.992610713438556,1.768120256235283,-13.413317418582265,2.276632220180282,-7.742492228179147,2.776554678307021,-4.201160509989549,-4.309310207262221,280.4053515829162
232,19,5.772576033893159,-4.004500566666689,1.7550440959755156,-13.917282668071051,2.2796631977047745,-7.603191972077867,2.7759559683384367,-3.6631972846951406,-4.3071696285798735,280.3607918768202
232,20,5.7718727521305615,-4.017039696256002,1.7328600781897552,-14.382292647929903,2.281536349580954,-7.311040466673608,2.775438852266648,-3.4432532927427366,-4.304121177817331,280.34557481182935
233,0,5.771712548212983,-4.028384390187948,1.7576202135718189,-14.034442167792477,2.2782645850251826,-7.594200519590255,2.7766826012810593,-3.6201545122082144,-4.307294078930422,280.3641514866468
233,1,5.7725019483163695,-4.0088267207846995,1.7462949971086135,-13.994517773140556,2.2776810046424245,-7.6667373376257295,2.7746710461839537,-3.7920634093883554,-4.304190113092532,280.37618705814225
233,2,5.772403799345526,-4.000473842667859,1.7556978052675372,-14.625563779648159,2.2757951050096037,-7.2252900301767236,2.774716870177316,-4.163973637149682,-4.306005630254357,280.40337166615825
233,3,5.771750567289446,-4.004069370657303,1.720930431903053,-14.54217395983535,2.2835747226937024,-7.556547140585142,2.776364861619839,-3.556287548806095,-4.30359186972659,280.3639152950857
233,4,5.7723707778210365,-4.030726935097362,1.751242837371314,-13.963311193816946,2.2764414695067585,-7.554953123678169,2.7763907434847526,-3.584851427058158,-4.306548518352514,280.3635018295626
233,5,5.7718403340178845,-4.004300609786522,1.7534661416457755,-14.58285999642917,2.2871872506045046,-7.321841170682138,2.776591774820338,-4.156963208202775,-4.302826497277461,280.4165221315733
233,6,5.771914191462283,-4.012154132466315,1.7219223519272617,-13.887058094588816,2.278754802963296,-7.612741461305822,2.7766270373601545,-3.8849297264234695,-4.306813608207324,280.3915198326565
233,7,5.772218339384678,-4.0140582609716295,1.7643720040367468,-13.637056032296284,2.2751257774679337,-7.518965099708849,2.775644534251893,-3.9764912051275734,-4.309228561853074,280.3883014477567
233,8,5.771856504176916,-3.989135260591135,1.748750493610427,-15.090250602583847,2.281474672865743,-7.196848151691638,2.7745761857079887,-3.8827245080736486,-4.306518279613304,280.3832961536252
233,9,5.7721798581329224,-3.9985251530259283,1.7223633697806975,-13.997279871716533,2.285351869003248,-7.587847626651465,2.776947954139059,-3.452128144482595,-4.3050672650727595,280.3492388254274
233,10,5.771534873655226,-4.0100167353613125,1.7286319126601233,-15.152240707858484,2.2874596428283325,-7.236911020561719,2.7757129281373105,-3.492757644536166,-4.302211378584124,280.35455908504923
233,11,5.771728813322827,-4.005622293241527,1.7441649974086686,-14.175945567782112,2.2821179109637826,-7.344855263463276,2.775138633039503,-3.424911070168087,-4.30377747297753,280.3404975978439
233,12,5.772292915801197,-4.016470059069471,1.7196470117588933,-14.715373684501202,2.284929962395564,-7.545535140830706,2.7748182471780676,-3.6141231281588757,-4.302988444804959,280.3613492282444
233,13,5.771622550037331,-4.037709542533098,1.7412531959300324,-14.166346253595469,2.2841049852496655,-7.386133232212393,2.775942941161054,-3.3837074821985405,-4.3018431808446405,280.34488597954544
233,14,5.7719237685848475,-4.016086028548097,1.7396103259570814,-13.892541247621082,2.2793834205616323,-7.5461463003280755,2.7773313762254737,-3.5289896256054454,-4.3058535688521005,280.36423295577026
233,15,5.772346270576136,-4.013213156673356,1.7311919591555713,-14.560560420581684,2.283750752763365,-7.451231697810054,2.7767110336334477,-3.6177044958595266,-4.304641138851148,280.3648263641557
233,16,5.772598891735956,-3.995655327668709,1.7340285743200752,-14.213666827708941,2.276334757657554,-7.691485900632674,2.774534690956954,-3.69585119952595,-4.306091611859235,280.3659416825477
233,17,5.772380923787662,-4.009087700345855,1.7360416327365695,-14.489563787285867,2.2829830307124057,-7.465803245577858,2.7760308927542554,-4.221518004339609,-4.304904023557585,280.41332087322144
233,18,5.7722040869841384,-4.035059922745644,1.7375424648045443,-14.112007972487378,2.2750997139376556,-7.5938524614646665,2.7749571464365754,-3.741854058356832,-4.305216255691747,280.37625817884896
233,19,5.772341823968411,-3.9995548047396885,1.74380282066167,-15.04921311449327,2.274699320138544,-7.651598121928928,2.774767456032788,-3.624610958839518,-4.307366313802979,280.35962443537534
233,20,5.772354179117794,-4.0078829196411485,1.7189494644824943,-15.041378226453002,2.2819623945576577,-7.517793743339667,2.77482930343432,-3.575606197725082,-4.3038387710830275,280.35702142462355
233,21,5.7722057492524455,-4.017635072827313,1.738234037439104,-13.528826029367224,2.280061820237048,-7.9049561215422415,2.7765808745038685,-3.4149152628931487,-4.307453093889725,280.3430363943546
234,0,5.772283258547294,-4.025359114229527,1.7513724301420686,-14.950384743055547,2.2834490285707627,-7.277123288930926,2.774922169262935,-3.5849861213740173,-4.302453297784667,280.35590614382676
234,1,5.771899370105413,-4.017819178859804,1.7429171497863034,-13.996323010146146,2.281016483416721,-7.3684111097892,2.7781784255444326,-4.121954552982263,-4.305433396513159,280.4125012800458
234,2,5.771866423838716,-4.005611290882034,1.7619431093632723,-13.986873623693695,2.2808407091690346,-7.2201825773504975,2.7758177408529714,-3.896456141076331,-4.307224078671989,280.3841114053964
234,3,5.772188619670406,-4.017469456244585,1.729233384447294,-15.167737514830215,2.2839752923357115,-7.333488982165968,2.7765048210627676,-4.054046543528296,-4.305072227741367,280.40355162126
234,4,5.771261064826599,-4.0193808950777035,1.7437477264727903,-14.69095222262302,2.285316141939389,-7.401953181905819,2.7765495787571157,-3.7310829890883426,-4.30317171884984,280.38178474398853
234,5,5.773389412845557,-4.000771433938001,1.72262962309335,-14.494718338769447,2.2810782253710564,-7.792505155057776,2.776464324401211,-3.828936942234455,-4.30561761072809,280.38155863706464
234,6,5.7716572868615,-3.9984532243151074,1.764515997958312,-15.146158024472143,2.2754599937883397,-7.388438297539902,2.7754514787332645,-3.4495036186573196,-4.305100672144736,280.3500521185874
234,7,5.771745092597161,-3.993054985609406,1.7385638215541104,-14.737537473284169,2.2814027158749517,-7.391250565201047,2.7743917250572827,-3.472541117068868,-4.304885999412914,280.3414485158583
234,8,5.771050625636418,-3.994732946244784,1.755167674372263,-15.096665550655695,2.2803162032746385,-7.262401458625529,2.77461691094328,-3.5897706755137726,-4.305213401697022,280.3575217130762
234,9,5.7718690561541,-4.002770717828479,1.7366500297325116,-14.130027866188023,2.280992844837558,-7.536783004726193,2.7774301282005607,-3.528665404917208,-4.304541841647939,280.36607069905494
234,10,5.772305211692332,-4.020143809910375,1.7342682891128165,-13.878546863347669,2.2792038605838054,-7.647625017654534,2.777338845585924,-3.779664599154875,-4.306682487749924,280.3830358035025
234,11,5.771449656875125,-4.028944368024852,1.7072161647653379,-15.27815297843825,2.2862348256511997,-7.260789208289724,2.7753308035616637,-3.478913297174872,-4.300656891766832,280.3603956350652
234,12,5.772339180109282,-4.009547412620186,1.717245481042516,-15.221212400001777,2.2817103933286234,-7.5739486209468625,2.7759932138447763,-3.5326915940135755,-4.3038136519620105,280.35967274750897
234,13,5.772213082364273,-4.035710173741571,1.7213238732932867,-14.348579833311243,2.2837016768635916,-7.517919835328016,2.776129440023062,-3.471793914625485,-4.303713517110185,280.3516710955426
234,14,5.77135666949456,-4.024428568225207,1.7401547838458014,-14.442683337915907,2.286328461187275,-7.504045414877871,2.7768973095264227,-3.524793987131973,-4.3048722535066055,280.3578528996719
234,15,5.772413930079857,-4.0209621529723405,1.7423201248938205,-13.750920428484237,2.283852540302103,-7.582401297611985,2.7776642186030576,-3.5704676235559116,-4.30658555597571,280.3597614759252
234,16,5.772234087590829,-4.032781841093793,1.7178088670995,-13.393705711378574,2.282164916275803,-7.813394026142426,2.777467110515404,-3.4392821537009257,-4.305442780768012,280.3569047310637
234,17,5.771959237083881,-4.0227572575303405,1.7559684730721736,-13.538981058804392,2.27745986224202,-7.783129080182606,2.7768442401537774,-3.373517203241053,-4.3073205081492265,280.34436796838315
235,0,5.771799802441493,-4.003535845344516,1.7415490571149677,-14.838775424243003,2.2870706763068935,-7.263693911298339,2.776188320922485,-3.8154882183505667,-4.304391804466422,280.38467909961776
235,1,5.7724267342888576,-4.016627830895335,1.7407307258600986,-14.899989395232481,2.28120799980377,-7.196236655506708,2.7751961189869445,-4.112106855879851,-4.302907423059865,280.4057990713227
235,2,5.772053857681469,-3.994614228110355,1.74129339551389,-14.910347585992271,2.279688188729484,-7.334985521216156,2.773731222697608,-3.931329522101713,-4.304496638247237,280.38790171618143
235,3,5.771581180025668,-4.012519031651529,1.7555687910129056,-13.885524482578262,2.2829981001109476,-7.219462253429446,2.776021253459124,-3.6414717066680518,-4.304084071420821,280.3658277456833
235,4,5.772039717950076,-4.018401497812246,1.723393195820908,-14.742534091663428,2.2826149636112505,-7.338777638241322,2.7755955872921048,-3.8542678716837426,-4.302860311913088,280.38940462725986
235,5,5.7713259170860605,-4.015212457958088,1.7454429533173292,-14.899738496759312,2.280548786063199,-7.133560819506512,2.7746894814141703,-3.6141463808301744,-4.302984421534323,280.36455665065324
235,6,5.771705567942862,-3.9938585788990326,1.7589890933920687,-15.541064879683823,2.2813742845460103,-7.338803592750583,2.7752127590964473,-3.4722066062223758,-4.3054747524758,280.34097585507624
235,7,5.771648893628298,-4.00577051636348,1.7304136857496673,-15.31520615525216,2.283113360233735,-7.413910307031064,2.7762132729323508,-3.4071882131118714,-4.305652009405495,280.34225941945647
235,8,5.771776789184671,-4.0156689942503405,1.768547971095484,-14.78080514010558,2.2822691584335897,-7.380283036321379,2.7772634543264823,-3.784576465608234,-4.307337063139911,280.37715291942106
235,9,5.772011283350364,-3.994920239787525,1.75526455958458,-14.3722572291678,2.2806012584381365,-7.313683241473844,2.775373734920168,-3.5226199916244174,-4.302911631980744,280.3536519074579
235,10,5.77270774416442,-4.027158846209344,1.7088598472647134,-14.335796740207682,2.2845457765633683,-7.72320903858393,2.775990637369184,-3.702075454981921,-4.303613622413561,280.3734975654273
235,11,5.772596161133529,-4.027473865825958,1.722695250688758,-14.011338223950538,2.285881830098952,-7.685887062511647,2.7763013372246768,-3.7183730245926685,-4.30380804029485,280.37361369700955
235,12,5.772280837543068,-4.003148117786256,1.7553241222795417,-14.385181418049982,2.2808993128778665,-7.375391941059183,2.776678772962345,-3.9810484021857837,-4.306641860383217,280.39237960395025
235,13,5.772275876369892,-3.9945507045305293,1.7562374473334463,-15.503315856919766,2.2815487039313562,-7.080182821583131,2.774273212529188,-4.714035252193079,-4.30340842217917,280.4438841913423
235,14,5.772589242917618,-4.014485156311659,1.7336557129416656,-14.49616662148683,2.276840684367836,-7.539853912193428,2.774134509539142,-3.6555313581529347,-4.305040841194578,280.3620210573286
235,15,5.772470011355593,-4.029946840968628,1.7196947659256645,-13.175044071239611,2.2799488742580745,-7.749291576034716,2.7765250433208437,-3.437576803605861,-4.304992107543909,280.3543030151502
235,16,5.772447596676897,-4.014365187932191,1.7227520795783446,-14.326529888264627,2.2785604436146984,-7.378033972069459,2.7745316560456827,-3.806591708316312,-4.303726304558825,280.380485253094
236,0,5.77204039388167,-4.00063677809095,1.7381648326507808,-14.837738168509347,2.2819766275183255,-7.407702334641029,2.776373598815417,-3.5974844244090107,-4.3059506432573755,280.3603176265675
236,1,5.772029056137622,-4.015397768091384,1.740317219120852,-14.692527505143106,2.2826014842961926,-7.410459983519417,2.776032233109474,-3.5199162215701802,-4.3035783431291685,280.3549578338358
236,2,5.772443566054023,-4.008623601894,1.7431467604350854,-14.855961836041276,2.2778835499432937,-7.392936210186101,2.774581373725779,-4.2142171388312875,-4.305505223899529,280.4082420442708
236,3,5.772151858169229,-4.01437373288221,1.7515182880786946,-14.699107386649484,2.2781992045975294,-7.503512247298676,2.774937531179845,-3.4137723364945742,-4.304818995473754,280.33908376991315
236,4,5.771573598731943,-3.984685273998567,1.756684984301442,-15.550727299623649,2.281811085852974,-7.070663575056267,2.7748557750842515,-3.9492199526283747,-4.30514281995835,280.39215223275545
236,5,5.772214394900922,-4.004869657060158,1.7223111626181182,-15.197183851770777,2.2805003131521295,-7.400840602089369,2.7741050673383185,-3.374497061253228,-4.304663061792582,280.33114424822764
236,6,5.7717660465233696,-3.9850759746350604,1.765789941612042,-15.660828744665132,2.2789552518451512,-7.053832812067754,2.7749312754174773,-4.349883641592824,-4.305007564412737,280.4203386029758
236,7,5.7719791663218745,-3.997951078523074,1.7408819446619925,-14.529372628164042,2.279596065379651,-7.407600840429001,2.774589256972575,-3.470511214805346,-4.304529009345229,280.3434919499673
236,8,5.771827077649953,-4.0191475569194255,1.7467651318232476,-14.863346379873505,2.282760177948481,-7.310447639962756,2.7752140114401693,-3.4083563851713086,-4.3018110121206625,280.34303829366195
236,9,5.772213179497227,-4.018428889312893,1.7478086015371161,-14.364863870914354,2.2788154018183744,-7.758887034187636,2.7753245941292133,-3.4277596690976306,-4.306107557671177,280.3391617215711
236,10,5.771734000278987,-4.002650366718525,1.761524533321424,-14.90697030827358,2.280383866233716,-7.191099919837523,2.776959377697324,-3.6822953884966454,-4.307060092159362,280.3685669508311
236,11,5.772532524031534,-4.000735785248882,1.7479781465025714,-14.127360944862318,2.2783412011502553,-7.305326276602942,2.775502531761872,-3.7071674858913584,-4.306508883592693,280.3663086561548
236,12,5.772112554801796,-4.025634140786284,1.7318568931192064,-15.048675250730541,2.285636268288623,-7.518538968506937,2.775637256769379,-3.593843029238441,-4.3009788627504015,280.36564401431036
236,13,5.772172370070834,-3.990766685376304,1.7573243462730752,-14.782647276279038,2.2797478982974715,-7.663197912656712,2.7760775664241715,-3.5352981131209713,-4.305930516874611,280.3518007019763
236,14,5.772744892022314,-4.009707288444996,1.7119979687615425,-14.609605141551176,2.2831021718905267,-7.398482983026468,2.774974460099705,-3.571899090520857,-4.302805831904527,280.3582142374625
236,15,5.771675153236701,-4.002493955403896,1.7348301550819802,-15.124008932505745,2.2840378003047817,-7.2860896939528494,2.775649324550623,-3.528632303878999,-4.302882344992121,280.35661317145184
236,16,5.772156802380018,-3.998024960171309,1.7456459637006878,-14.62940976693562,2.2793760230720794,-7.483107074738938,2.775708216328855,-3.432882758251795,-4.3062873543137075,280.3411223827492
236,17,5.772218302251826,-3.9985159407819135,1.7465387303732438,-14.848135487900745,2.27675799142768,-7.2202167566218245,2.7750892009002013,-3.8491941994684584,-4.307205989558305,280.37897442480295
236,18,5.772373193912324,-4.012018067569487,1.7482046316050293,-14.103010709136687,2.2766208510421597,-7.378064947589787,2.7753911634527015,-3.9474337516146925,-4.305449046570166,280.3903253013193
236,19,5.771832328043586,-3.9992765713927496,1.7553143204517194,-14.688428341616689,2.2798371394781523,-7.323288760197051,2.7748400907318675,-3.656776923489649,-4.303788811478272,280.3640655599804
236,20,5.771218501513366,-4.009266503207107,1.7622027940623404,-14.407859298028916,2.2821019602558446,-7.2086190279519045,2.775795200273396,-3.7429084716519787,-4.303940709840878,280.377398351485
236,21,5.772381421134528,-3.9870677819885,1.731876002696498,-15.547661124192603,2.279436045368613,-7.290254250302249,2.774413247593758,-3.7362027494900487,-4.307019975271655,280.36660101289357
237,0,5.772238667859577,-4.008472842288286,1.7412131261388173,-15.221052986134032,2.2782209672038696,-7.500816379605534,2.7742276326185524,-3.4880363829018046,-4.304165735146628,280.34558536685984
237,1,5.772561675747926,-4.0110165258150845,1.7428742930583694,-15.32320505767407,2.2794407420092084,-7.423258643131569,2.77532474012999,-3.8304343032860926,-4.303841897928584,280.38127128229553
237,2,5.772375762161049,-4.006385926042123,1.735304128058851,-15.005793625351432,2.281561579311053,-7.4027137282415065,2.774993567255317,-3.5675152765941114,-4.3032552300537,280.35585247051114
237,3,5.772155865509279,-4.016344831889518,1.7248457870155203,-14.857883480401144,2.282016070306187,-7.34798508339048,2.7757206932314715,-3.415320782796672,-4.303859910625741,280.344922526905
237,4,5.772557394459122,-4.007427712294352,1.7338890792539816,-14.44091231422417,2.276177350760895,-7.383820592899572,2.7738388926568245,-3.847092748088476,-4.305280108163482,280.3788862629771
237,5,5.772363062925292,-3.993345229391646,1.7579013874896026,-14.592162456387086,2.2761510363075566,-7.669357546219612,2.774978560004212,-3.4156716351083802,-4.305293975450394,280.3413724857514
237,6,5.771890280793378,-4.003189624221097,1.7416155213187707,-15.043066106791088,2.281089470413658,-7.457242918178577,2.7751680046808183,-3.420805436148119,-4.3053955214612065,280.3374997864612
237,7,5.77205116239753,-4.00015037873849,1.7510499226580238,-14.745223146096112,2.281012527475025,-7.449793905765767,2.7757431543020967,-3.759047054581609,-4.305602335692475,280.3728075025947
237,8,5.7721005339285085,-4.0054614234541965,1.721378783972201,-15.012294561508387,2.2844595812766832,-7.450192546933981,2.773921538118381,-3.4727957335304636,-4.301290298686541,280.346336781344
237,9,5.772412740754036,-4.008522912059192,1.7312413813402046,-14.326981100514901,2.2774753648776773,-7.4183492655122505,2.774133198373467,-3.3804201243640106,-4.305544568956417,280.33302016471873
237,10,5.772238726162844,-4.011459512257657,1.7596338875602358,-14.694487830229535,2.2791755694451865,-7.600711472611622,2.7761560252631856,-3.6889776378528603,-4.3054337612973415,280.3681998256369
237,11,5.771805436413433,-4.02909668876625,1.7622145758258232,-14.059032245588678,2.2799942147945953,-7.649227477339051,2.776939277250241,-3.4459761212145565,-4.305167959760963,280.35091006606734
237,12,5.772582197903497,-4.0064253170495325,1.7635150214572632,-13.603206897965881,2.274994983835644,-7.65732442653712,2.775596418995379,-3.455351782512997,-4.309059523594734,280.3419325033939
237,13,5.772119180538835,-4.003221316243479,1.750898547036087,-15.030554349912748,2.2750259598254385,-7.270600848289407,2.7749979986968176,-3.7536264506587957,-4.305728847547169,280.3744428396002
237,14,5.772019041808151,-4.00165416374937,1.7582963625256598,-14.914335261398627,2.280939379368828,-7.316705628068957,2.7763104667282232,-3.6644511193753924,-4.302976600793802,280.3714881717526
237,15,5.7719530779558585,-4.01603304017114,1.75910711115086,-13.891372320827767,2.2793185184324387,-7.498551122408701,2.7756585476062408,-3.451745951910414,-4.304935662003548,280.34442507854067
237,16,5.772394033880708,-3.991374852780846,1.7388120425537679,-14.537209140794294,2.279252614611207,-7.443929638155431,2.7750853092393246,-3.920511213559462,-4.30453572136388,280.38778844122476
237,17,5.771712166449629,-4.015369018667682,1.7566004371177995,-15.209797325191804,2.2810037432977355,-7.4939826568696875,2.7763643463854115,-3.5479863736042656,-4.306778466295705,280.35333289534356
238,0,5.771899554832762,-4.003742981301934,1.7274047416795264,-15.484980033806531,2.281572458004428,-7.219012273430559,2.7742621307224855,-3.4541824516164525,-4.303546349938396,280.34264762197284
238,1,5.772363915236802,-3.998216689260277,1.7639812459666635,-14.068152754814784,2.275550720270337,-7.736306327161137,2.7755676081734073,-3.3734375077837155,-4.309322148407243,280.33220374337463
238,2,5.771814280325029,-4.029891448695799,1.7369860853753238,-14.607564594651592,2.281178804224129,-7.438071772775194,2.775830839697426,-3.3971123572041164,-4.304206987134425,280.3431778286361
238,3,5.771822050660348,-4.008625866314822,1.7376793817402154,-14.558194938727127,2.2794110335996653,-7.468295329505925,2.7751282556220067,-3.47314690519533,-4.303248571718663,280.3517528879607
238,4,5.772157766613582,-3.993861918000635,1.7479405181557863,-15.274971585635264,2.2785221392823773,-7.4877774990353565,2.7745286522916386,-3.5029357058774258,-4.306045907294654,280.3430838821971
238,5,5.77210607181015,-3.996335630607924,1.7549288053953322,-14.956329887246113,2.2799475710035773,-7.443958439404999,2.775021777289959,-3.5888665098353343,-4.306026482685499,280.35219266410047
238,6,5.7720172870744015,-4.011063600748156,1.7532079575342177,-14.68885523039661,2.282100996399966,-7.370315807170779,2.776246442387279,-3.560957185952524,-4.305197650001102,280.35511767830167
238,7,5.772013712895866,-4.000191939311137,1.7702096560838319,-14.742040136542816,2.2789397938795237,-7.471659222862596,2.7761684418634673,-3.7470398370134435,-4.3063134995611065,280.3713034937087
238,8,5.771929734465648,-4.002554697191746,1.7588420738370563,-14.673869845251765,2.2818148367700926,-7.553496744343824,2.775382873926043,-3.4104355904528836,-4.304058751991472,280.336783519133
238,9,5.772150969315055,-4.007764294132103,1.7405076197077516,-15.132884341625696,2.2835094468696124,-7.564694675635793,2.7761677868511754,-3.4325042792057094,-4.303113329360216,280.3463829033259
238,10,5.771815670328079,-4.016969640798542,1.7334437898733461,-14.534712566684973,2.2826216825343537,-7.331399849295444,2.775811403666365,-3.6798577146606672,-4.304206323935879,280.3707768950363
238,11,5.772173755008116,-3.9858301984859366,1.7508235771512977,-15.622018228870212,2.2773430803062973,-7.303157999261145,2.7742879404136738,-3.7105309578422303,-4.306205538757341,280.3640083695759
238,12,5.77303634446473,-4.018476821369573,1.7253579364840381,-14.287440467981519,2.2753458022111586,-7.7309268100037265,2.772988703992813,-3.415059908757238,-4.30474439727062,280.3363609525651
238,13,5.772585694796086,-4.027419994932048,1.7285279251090704,-13.840578794731147,2.281631159048514,-7.512239155493175,2.775417210815418,-3.4976500879568913,-4.303043227446508,280.3522993993792
238,14,5.772710991239083,-3.9934316943886796,1.7618351295411543,-14.232249785214146,2.2727134334808055,-7.585330356072681,2.77508490075398,-3.597203257563829,-4.308372189482594,280.3577295783141
238,15,5.77217499425909,-4.019550818781813,1.7439157959415645,-14.502897055738082,2.282606588577065,-7.627238662268772,2.775505159870064,-3.677762860736771,-4.304260636432487,280.36607769477894
238,16,5.772024637425026,-4.007367061067104,1.7175966144016477,-15.094953212916586,2.278631634842332,-7.126035195057215,2.7728153662906507,-3.5311909292438917,-4.3019599816827885,280.353269013317
238,17,5.772228607384148,-4.004221050006964,1.7566044117070791,-14.774189085404736,2.2792788962233534,-7.6042264776323885,2.7759968588037043,-3.4609691683547115,-4.306361805002057,280.34383087469985
238,18,5.772416913467738,-4.00050186178708,1.7527734732078366,-13.911990963911284,2.275305829840204,-7.696167189962083,2.7748307801920213,-3.550043190439361,-4.307707037926955,280.3498270789831
238,19,5.772583563886233,-4.000273058441191,1.7302060377516453,-14.637550379043823,2.2805536047325203,-7.4460225679729515,2.7746819771461277,-3.659888831674585,-4.305143449406359,280.3610781361297
238,20,5.772879895317992,-3.985768639419666,1.7477097889877482,-13.761417349056448,2.27692362829967,-7.682761834195006,2.7749740097627087,-3.4720189224950815,-4.30718219858986,280.3414690546964
239,0,5.772758823734024,-3.9930223014917363,1.737363812157839,-14.480988805291497,2.277803337628452,-7.698781730189697,2.7737966494431006,-3.397625161175054,-4.304535009110432,280.3328301852211
239,1,5.772632544305672,-3.9938182580684196,1.756513955696113,-14.340058394696413,2.2757705396292374,-7.445164813464672,2.77450756996336,-3.878581290013511,-4.30587989628014,280.38002524673243
239,2,5.771951899977396,-4.01013447562058,1.7477909114437415,-14.411364209343487,2.2801263857247895,-7.400949034433495,2.774662114640043,-3.3840083720064644,-4.303796545572367,280.33461387465684
239,3,5.772279747226973,-4.0022382378705625,1.746650653281256,-14.452191718124695,2.277381449082041,-7.426068283099195,2.7756976516184695,-3.663911935128273,-4.306156728972056,280.3659647949801
239,4,5.773068501467994,-4.004180759708817,1.7450769574674905,-13.907450032996643,2.273318415144591,-7.833723280973963,2.7739489854712707,-3.671183944685296,-4.30780783978199,280.36031412670707
239,5,5.772385424672178,-3.9945483301882843,1.7446598785978704,-14.666386568627628,2.2765828770140066,-7.488214527955706,2.7740447358790914,-3.6677325541559127,-4.30648024223175,280.3593320813926
239,6,5.772327763327282,-4.004586846483829,1.716629539309398,-15.18053552363725,2.281683835098522,-7.170336532864107,2.773749562928994,-3.5448964031582486,-4.302343998710058,280.3532476198393
239,7,5.7722966486872656,-4.019353452678619,1.7488623552175941,-15.233389282200012,2.2814451630970995,-7.455127840054967,2.775202124724776,-3.4896172947783497,-4.304840746084497,280.34346054740547
239,8,5.772657348747433,-4.012560474747404,1.7529844308079172,-14.352712373790569,2.274461853592563,-7.625936844109696,2.773205964956365,-3.463503662507515,-4.305973388710566,280.33704387961916
239,9,5.7724001002928285,-4.006001013528467,1.7424913902456562,-14.534764009375108,2.278593991900895,-7.376762995806525,2.7762381792100927,-3.7648327082277664,-4.307901512656426,280.3735474893116
239,10,5.771851738770133,-4.012556241242245,1.7508698017087398,-15.4681628097339,2.2823769263067653,-7.262973539584199,2.7752491098430507,-3.5226114478860513,-4.303095977852042,280.35173216138634
239,11,5.772243039789517,-4.010922059798685,1.7595260604437577,-14.910143078604976,2.278493652726718,-7.553046553432113,2.7751705189105045,-3.7316333946482096,-4.304948616948928,280.3694046793722
239,12,5.772100021574021,-4.002728190120688,1.7504332471128796,-13.435988289938944,2.2753627919645663,-7.600721149945857,2.7758207781945847,-3.4708318013657475,-4.307104732725463,280.3510126094624
239,13,5.771774633452036,-4.0110236066375435,1.748139867892353,-14.721077946024518,2.2804247868760785,-7.508785202556363,2.774937991579534,-3.3840936640554578,-4.3035372180925355,280.33712544192775
239,14,5.772457756182232,-4.017368575631238,1.7432918012026963,-13.595585731053554,2.2780940006481103,-7.5906183830486675,2.7759289580585005,-3.6805518527968797,-4.304289021260896,280.3723917590161
239,15,5.771873646812497,-4.00490480751951,1.765182171414976,-15.08365699040253,2.2795970995517507,-7.45097778095786,2.77592256384544,-3.6648881229235544,-4.305831616138378,280.3640009951822
239,16,5.772070262971185,-3.988473054280437,1.7584312792350567,-15.56365789567557,2.2793593833805983,-7.364396241481151,2.773953191195644,-3.584048364820498,-4.303720385110399,280.3521720925964
239,17,5.772372879075594,-4.000442260399895,1.7497352721647046,-14.725034804159177,2.2781753511213974,-7.174753907379491,2.774243491419873,-3.872738577852601,-4.303374805307792,280.38321169979275
239,18,5.772800690009945,-4.009473585442187,1.7519645036739846,-13.914898611189543,2.275750492477143,-7.782011783844878,2.7752256306522654,-3.4221946159531322,-4.308066796888358,280.33841000393693
239,19,5.772396140022962,-4.014653767406691,1.7523196161286125,-14.324054995158683,2.276104841547644,-7.718122963632253,2.774087968352866,-3.5851865203664013,-4.305556004224571,280.35268904644784
239,20,5.772376448905624,-3.9987436171086435,1.7698875662749585,-14.699711561156034,2.273672176554144,-7.553325444041871,2.7750577424207754,-3.9164456527250415,-4.30833073760552,280.3825240153455
239,21,5.772649639199833,-4.018672971461836,1.7453564496691094,-14.362218975797914,2.279152757647075,-7.626066180465343,2.774891440556283,-3.3997744277964337,-4.305259520327261,280.33452030973604
239,22,5.772368944052497,-4.011289904550387,1.7508373582248917,-14.485801989734863,2.2796233384972253,-7.686374032891001,2.7751678408175806,-3.430733811851267,-4.304810770258462,280.33928477372604
239,23,5.772949180358804,-3.9977337730575604,1.7205416796627928,-14.187449420527624,2.276648104198788,-7.700696617460933,2.773502415980031,-3.450008524846949,-4.307769382264193,280.3348707584064
239,24,5.772625708161107,-4.006993966889397,1.763088875057521,-14.471632988075259,2.2759445973427543,-7.287234334095673,2.774755706985783,-3.5007862812763624,-4.305388581275408,280.34701865415127
240,0,5.772153691380512,-4.020700693619138,1.7478551556051345,-14.36633319289583,2.2806456782269526,-7.60272581135146,2.7756757552930464,-3.5145508276607442,-4.30314223375406,280.35488103690057
240,1,5.772256844263697,-4.003484458991388,1.7569487441084588,-14.450348224485719,2.2750810229214378,-7.321243860374723,2.774248127858717,-3.6154084648043145,-4.3080374592989985,280.352922648138
240,2,5.772845526879942,-3.9980575231082147,1.7458913263349756,-14.93495549803414,2.277993432953685,-7.552779074124947,2.774894530311349,-3.4063436693835984,-4.3072146734386205,280.33255758530777
240,3,5.773176304159443,-4.029327885463341,1.7394656851008978,-13.480675351431596,2.276268782301481,-7.706172940677541,2.7739520355196747,-3.3838672958380327,-4.306195631104889,280.3311520546668
240,4,5.772752659538602,-4.010620671317559,1.7432018871916646,-14.550944159520787,2.2796903450997745,-7.712982462240316,2.7740818125976627,-3.4306871262170975,-4.305079606384496,280.3326230713993
240,5,5.772883381205039,-4.008602438207955,1.7380771526542251,-14.44952588708741,2.275081034587253,-7.590917000338134,2.7727665866956333,-3.382899905041857,-4.305586110694303,280.3277901806879
240,6,5.772882618298396,-3.992128464368159,1.7198847063997456,-14.418306686259864,2.2790732204471187,-7.706501618541905,2.7732048704916115,-3.4383361518738447,-4.302920346089393,280.3386510630756
240,7,5.772129470316128,-4.0162396340791515,1.7367944044613572,-13.953968921089093,2.2771347501864767,-7.724317613941362,2.7754825301685364,-3.633466619916512,-4.306560837828831,280.3637580241946
240,8,5.773064059389739,-4.024024700856004,1.7439102323971023,-14.020156810662046,2.2797766008813563,-7.709127133352817,2.7748704918187044,-3.5380077298222545,-4.304446257849668,280.34905759237256
240,9,5.772715300242177,-4.002339390916737,1.7491058417179337,-14.424432979320011,2.2821172421641744,-7.683073977048613,2.77484983036901,-3.654923154946052,-4.305143692193674,280.35718414798964
240,10,5.772717552123173,-4.000000971895541,1.7344218507944256,-14.886941823998425,2.277921217683054,-7.542077916358079,2.772925625060165,-3.5648126007764516,-4.305535724424704,280.3453105140376
240,11,5.772618154206477,-4.017529236397197,1.7406663243506642,-14.717517162696463,2.2763364373680837,-7.6658225979349375,2.7739102438944974,-3.445702214681712,-4.307539427310463,280.33449109744356
240,12,5.772733068277153,-4.007725889031008,1.7294382707360674,-14.058681777224166,2.277908471231118,-7.761544294839584,2.7743268677545587,-3.6581414870911666,-4.305451663520327,280.3612166699447
240,13,5.772538210384472,-4.013628898700895,1.7514205985405527,-13.778692508341516,2.275862533060292,-7.638600733907822,2.7744452520277396,-3.46187308675585,-4.306426359305174,280.34071472228436
240,14,5.7724906268904315,-4.008861856856979,1.7488131374447382,-14.534970308138414,2.2788935771402055,-7.6160451050506675,2.7741157586554106,-3.414375725733475,-4.306024874682875,280.32981919971326
240,15,5.7726838314453905,-4.012188210129785,1.7311324626031848,-14.563469090232683,2.280067217885162,-7.352949828147233,2.774368463027457,-3.534860325195962,-4.304272298325147,280.34872291365565
240,16,5.7727461783691325,-4.008081024897136,1.7460346143133945,-14.878171471784306,2.2778649557485826,-7.667151710361077,2.7745291632892255,-3.6462591668818245,-4.306882919473199,280.3561398135406
240,17,5.772595437823031,-3.9890403077585077,1.7669310809807772,-14.78531763954776,2.276820674161422,-7.40685300547702,2.774329772792388,-3.719577974597457,-4.305205162654963,280.3642102316163
240,18,5.771969361542891,-3.9979091621641096,1.7400148500311965,-15.18961711987558,2.278057344118789,-7.228055324383598,2.774664945690611,-3.768328385187178,-4.304948485212223,280.37471011285317
240,19,5.772267006934161,-3.9967548606828522,1.7451318793760915,-14.541775459076444,2.2806437590290445,-7.332246387763371,2.7743998515661175,-3.4181321796976816,-4.304178460436591,280.3343790651012
240,20,5.772362690115701,-4.002387736552856,1.7479698322171435,-14.199509875257158,2.280915294772109,-7.5928465157380725,2.775979569416452,-3.5688261350101627,-4.305415735113467,280.3549142612596
241,0,5.771920651934379,-3.997883619119304,1.7215832112019431,-14.73759623194548,2.283063582531875,-7.428348748709937,2.7756569700490012,-3.3817034385732576,-4.304494962398886,280.33916449616964
241,1,5.77262689444273,-4.013788526294636,1.7395232349334318,-15.018751612164918,2.2771440953621953,-7.424101059616998,2.772308798367145,-3.39044061930297,-4.304240376839364,280.3256666168447
241,2,5.7717912359480925,-4.010457553279097,1.751921059198928,-15.618591294423423,2.2839466037961857,-7.1947077264235775,2.774175442478436,-3.799914928393225,-4.303518204254059,280.37883483126876
241,3,5.773204493747565,-4.010225072602702,1.739090043060269,-14.670945670312792,2.276728233011858,-7.404404499067831,2.771930361599742,-3.5434338474241796,-4.303932977558718,280.34219451185095
241,4,5.7733854980966735,-4.018971851939288,1.7398638673797884,-14.01045202743145,2.2752056040826982,-7.664839944545143,2.7728167354351,-3.5366471416633423,-4.30602577660345,280.34285071445856
241,5,5.773328111741242,-4.0246125363297,1.7400387630655116,-13.524288836197673,2.2760998233006178,-7.874855990985717,2.7746743560230196,-3.5176235694538303,-4.307027017286665,280.3472951304965
241,6,5.7734944564636175,-3.995704535317619,1.7406554581187712,-15.176991100167255,2.2741989366534945,-7.715545366439298,2.772481940551128,-3.393438898554293,-4.30579499787836,280.32845342038695
241,7,5.773197094597774,-3.998754285247129,1.7457397753254946,-14.72401992446968,2.2728583113928504,-7.691474260183199,2.7730214553221497,-3.5970049090138407,-4.310952276389499,280.3464463396567
241,8,5.772846273967637,-3.9952110992017493,1.74201965339241,-14.053586349163728,2.2759546664056347,-7.7783680743603805,2.7754084732081323,-3.8341423443938445,-4.306958700199242,280.37898534889257
241,9,5.772850490001847,-4.006460143583324,1.7340984534318287,-13.931203713040567,2.277958842167915,-7.840935597691644,2.7744412822596956,-3.679071705946245,-4.308521299420074,280.35862945859225
241,10,5.772857027172278,-3.993548854919999,1.7303838344599747,-14.464706693623754,2.2750046638789945,-7.213652969793111,2.773968617365262,-3.411003102935158,-4.30653412233953,280.33747279703505
241,11,5.771385463133991,-4.01766003133591,1.7383584584634981,-14.986196591877391,2.2857695232716697,-7.285137394993792,2.775265056764148,-3.5211363078909232,-4.3012568879521424,280.3584758320101
241,12,5.773668064408156,-3.9998604917293776,1.730098808326285,-14.282105230489174,2.279270648369461,-7.793118083184098,2.7735463406719374,-3.4961513816027505,-4.30700971296919,280.33530328141563
241,13,5.773292008288649,-3.973290914240472,1.7357389714997722,-15.312260649665904,2.2744636574755597,-7.51753324889561,2.7706853822536868,-3.577143789647474,-4.306034378498766,280.34123858432565
241,14,5.772362188686499,-4.003703865206784,1.7291331856641763,-14.81876850827402,2.2820149759054478,-7.487017499532989,2.7740649588760276,-3.4516027572284274,-4.303015620507995,280.3399282123905
241,15,5.773013726044289,-4.008416967186163,1.7261274106812237,-14.764359378516128,2.2766337223930018,-7.63486345364244,2.772740903463835,-3.410428711267784,-4.306464163834648,280.3278278453887
242,0,5.772137665824393,-4.019781405119054,1.7399988112463476,-15.791048848990776,2.278907197421396,-7.522394160902339,2.7736313635902143,-3.3699262660395055,-4.3040982067447695,280.328970528582
242,1,5.773112986983417,-4.000894633276205,1.7377374620810293,-14.436148683442319,2.2792630145089228,-7.690831566538375,2.7749092173925143,-3.511269132406422,-4.304853786630652,280.34726823397
242,2,5.773460116785699,-3.978133225815261,1.7227386658639599,-15.122327368917674,2.2735128518537837,-7.805672894117526,2.7712556943707134,-3.5056222125166507,-4.3078050959305605,280.3350458461814
242,3,5.772892270036586,-4.0006911905323586,1.7413211955153356,-14.64328441339578,2.278221956378851,-7.587841486353381,2.7750699924502356,-3.517386998443986,-4.3053738802275685,280.34909489681246
242,4,5.772351686668502,-4.004550844262842,1.7320805134709996,-13.92005328874614,2.278284916053088,-7.5423068479358,2.775496251045536,-3.575045041152088,-4.307293503988078,280.35551261878584
242,5,5.773620467233871,-3.997848921262712,1.7581987013259845,-14.286376053616559,2.2737440780390745,-7.871311867551141,2.7729811032740144,-3.487361061339058,-4.308099418101064,280.33486589763424
242,6,5.772707561898675,-3.9980713237004415,1.72876593826409,-14.522505618264235,2.2772711694857852,-7.675265333150842,2.773210148480475,-3.4156535717625007,-4.306097544644053,280.33041492364805
242,7,5.773857430611659,-4.012431142069345,1.74491591867576,-14.660421612958096,2.272833120674422,-7.605529062840768,2.771601350573593,-3.6531852784726486,-4.305612707574156,280.35398847848444
242,8,5.773110598839737,-4.016244986383146,1.7244946990282397,-14.216680939255173,2.275139147893131,-7.569812101187005,2.772725252555011,-3.4520637865661206,-4.304046481290219,280.3410680009521
242,9,5.772953002957522,-4.012054651097312,1.7509736455995906,-14.59398021220253,2.276859348173047,-7.132536575198924,2.772264483356827,-3.5184946576513187,-4.304353226394158,280.33839913282964
242,10,5.77278312570843,-4.019304082744518,1.7322723655551944,-13.644836074950454,2.2783851743296224,-7.737756611166837,2.7737981270091545,-3.822115649743143,-4.307551495916892,280.37256043254996
242,11,5.772580493605004,-4.0226414913646575,1.7339404699423269,-13.795759475280734,2.2788410773850036,-7.602682308048229,2.776637420629028,-3.506599880833373,-4.305996596330462,280.35779473421854
242,12,5.773042683329142,-4.030947024921655,1.7116268570770987,-14.252163503986186,2.2746936757379426,-7.683019987827474,2.772078647709021,-3.3910454479931365,-4.303260268175101,280.33665643460165
242,13,5.773262298326674,-3.9945526408885494,1.7469848055944595,-14.657869523973556,2.2753820317733844,-7.518777366676575,2.7738494790653934,-3.5246496852604334,-4.307174029257332,280.3430526536564
242,14,5.773322943622815,-3.987945028413259,1.7535184207785444,-14.765134504830888,2.276653869116951,-7.792491892664923,2.7743025794603127,-3.606683819033637,-4.310170606679145,280.347102152581
242,15,5.773746928108589,-3.993034056461805,1.7161201011889062,-14.541362018314121,2.2760493224077902,-7.495706896243245,2.772828709998768,-3.837123559419734,-4.305448858327834,280.37475316672914
242,16,5.772968461179536,-3.972159852609351,1.7415285999447652,-15.686670213585371,2.2762711873795562,-7.440935117690985,2.77107040449813,-3.656768158923005,-4.303017131275811,280.3548630118677
242,17,5.774236058265091,-3.9991844849120315,1.7294078186766366,-15.31433059865968,2.2727615805418053,-7.26546168024535,2.7707108581627433,-4.025592668395278,-4.308392838033576,280.3870731118862
242,18,5.77282232431531,-3.994059577221947,1.7626629852414797,-13.84897164787441,2.27205913642208,-7.663115744542677,2.7738674842664737,-3.499343570396661,-4.30817544506964,280.34310326631305
243,0,5.773624427704065,-3.9832382253497047,1.7480953227338123,-15.549840395136943,2.2685283870465365,-7.90678041373941,2.7713423984019303,-3.55655141521575,-4.309920730503621,280.34308976695735
243,1,5.772389378516795,-4.006917303691822,1.7388292863207555,-15.413166863965108,2.2779478135641313,-7.690867217079524,2.773612527195509,-3.7216184384774613,-4.30591712813455,280.3641809202707
243,2,5.772206239256206,-4.010286091419186,1.7581783871743193,-14.963504321389062,2.2809279842809804,-7.483185271128142,2.775160012132485,-3.4056174556544887,-4.305189047569457,280.33269164005105
243,3,5.773505587405343,-3.9965236665062442,1.7301817341839163,-14.301191114111923,2.2710586342933987,-7.664829136022262,2.772286574942631,-3.531634807012898,-4.308951956684242,280.34364598888135
243,4,5.771517536250124,-4.014939962323389,1.7446725834037984,-15.239773415350742,2.283289767003599,-7.489042887396941,2.7763178660252263,-3.488657281033757,-4.304157199210063,280.3526979027057
243,5,5.772900515875562,-3.9906895129820827,1.7393770347931952,-15.012393336431488,2.2764060055512676,-7.570321617829393,2.773467298570043,-3.6494895713246573,-4.307315940437186,280.3539260168096
243,6,5.772998334344345,-4.025261448627557,1.7286935550495772,-14.381349868076827,2.2725510874899455,-7.565807964784288,2.772940195780632,-3.380610283354044,-4.306914570250623,280.3330956682597
243,7,5.7731848379137505,-4.002275510369062,1.733341975816718,-14.690760898687616,2.27364224256352,-7.727022794113872,2.772543013714225,-3.6406770751663475,-4.305413241691699,280.3567885554206
243,8,5.773360129894957,-3.996797145276482,1.7152847102568207,-14.436957571671055,2.27557584741229,-7.81027545897566,2.7729064309284626,-3.4781215089317445,-4.304791116289154,280.34317415366746
243,9,5.773471537374335,-4.012766452599106,1.7336599514653346,-14.459699827142893,2.2715074024534307,-7.512429717670997,2.771918288005317,-3.409045687534944,-4.306881190114063,280.33161776111973
243,10,5.7729790126306515,-4.0146838182299565,1.7540055255665425,-14.596133888438176,2.2750691664754474,-7.670892803351283,2.773216903720133,-3.581343736229325,-4.306952358805932,280.3460526634515
243,11,5.773488235139387,-4.0232585916785855,1.765970065296965,-13.409402554910669,2.2707068551916922,-7.73539153388563,2.7740657640831494,-3.664011546865129,-4.309880187165174,280.3595761682707
243,12,5.773709369266716,-4.017975714469091,1.7095027621396757,-14.506456048077954,2.276636134130522,-7.639481819027767,2.771741033384548,-3.565542899390622,-4.305733690337052,280.3445138159404
243,13,5.773877066296742,-3.969924255877026,1.718439878737777,-14.593921110596641,2.272261105265646,-7.677611499325701,2.771329641096358,-3.6825435055009708,-4.3079782895130085,280.35636319040776
243,14,5.773061196438658,-3.9891846345778794,1.7551735934368295,-15.674469693062903,2.271486199842405,-7.652540701038813,2.771832753145303,-3.5335461406691393,-4.308885909878473,280.33755003687537
243,15,5.772785253203572,-3.9945337066380646,1.7267446406685114,-14.48311447042553,2.274032250245917,-7.6685764519231885,2.7722989880975164,-3.413143453363837,-4.306005128299729,280.33153281510204
243,16,5.773589858376574,-4.013553540476649,1.7338583159219323,-14.845684586136331,2.2730067869833794,-7.797163659725085,2.771094069824535,-3.4971692540583357,-4.3051557566811836,280.33751082813035
243,17,5.7730713225909085,-4.00449641394443,1.744055996423558,-14.51534511078904,2.274623614348844,-7.712489056761899,2.773550160562514,-3.422418818639513,-4.305690227652681,280.33667189873603
244,0,5.773339406309605,-4.01293065979788,1.7341829536719127,-13.6416922137764,2.2691826408808438,-7.807410947587904,2.773481900595135,-3.4863969301135636,-4.310779676316619,280.3469377470905
244,1,5.774054644957177,-4.009927778671598,1.7211877052720743,-13.796021558806482,2.2721343334795816,-7.898694182428464,2.7720594409202444,-3.482649812720048,-4.308658692535097,280.33810137144656
244,2,5.773147883078838,-3.993130523580052,1.7368281442380686,-14.637095503043453,2.2688976580840627,-7.5844036869877725,2.77242571324017,-3.410038928086966,-4.308231872104193,280.3377348724612
244,3,5.772620852049408,-3.9891697395042085,1.7382677096376444,-14.691273270706999,2.278101082843991,-7.534283212196836,2.7730940300075955,-3.5032564868006864,-4.303867929008442,280.34177280590643
244,4,5.773391733864063,-3.9863981748168134,1.7425425776154964,-14.693986275241038,2.273017968404987,-7.587788812531099,2.7723156161974325,-3.6016777569172524,-4.307792854027754,280.34731112334674
244,5,5.772067648060657,-4.002956693058291,1.7475754560096384,-15.487908561283298,2.278881631113751,-7.43343716111447,2.7732999705256782,-3.6257104879900233,-4.304475337352497,280.3549604897888
244,6,5.773452769854162,-3.998276817931186,1.7397650644526659,-13.958015958956775,2.2687883486608316,-7.701200507468193,2.77213650938205,-3.61536009937796,-4.307376718560746,280.3571281456138
244,7,5.772784031837772,-4.022041457172322,1.7284416732816241,-15.06115368366178,2.277809692352685,-7.605392884709507,2.7716303128153283,-3.423520637923236,-4.302974431254879,280.3301641011801
244,8,5.772940273280595,-3.999745985241827,1.7172776993662628,-15.71103449998011,2.2765733212907526,-7.432929958781574,2.771999951663529,-3.368851748591311,-4.3072532923407065,280.319873374995
244,9,5.77291099997921,-3.995543772188303,1.7244547214995452,-13.957208978444417,2.273869341127936,-7.585808085845443,2.7725198742855044,-3.6499132497195164,-4.306987560448446,280.356016634878
244,10,5.772405103315213,-4.007173413969938,1.7582472809697334,-14.400775188300818,2.2699104229151206,-7.67920726784345,2.77232066591481,-3.4684861585234774,-4.306211284538402,280.34114333809623
244,11,5.7728955456282245,-4.000834705799292,1.7600702601194191,-14.730285733053488,2.267858879520888,-7.581196070319323,2.7732336762563117,-3.5974949850741917,-4.30958308155302,280.35574632896254
244,12,5.773706264046416,-3.9977332101464094,1.7427359858100921,-14.458048502869506,2.271571809650746,-7.77319005460249,2.7712137545954585,-3.4206361028221353,-4.308197851096399,280.3251584544082
244,13,5.772746835008497,-4.008179090534692,1.7306100888897777,-14.43500401114646,2.276709140894802,-7.610475887453842,2.773981030811599,-3.569940190666977,-4.306561318724586,280.3502152664082
244,14,5.773314069820494,-4.017353795158477,1.7487967444601482,-13.511669679871273,2.2707563036824743,-7.73368617304353,2.7730816279275947,-3.526166762788784,-4.307327589604935,280.34832503268524
244,15,5.773051913398646,-3.9868654478696515,1.7201463018789902,-16.080004796316118,2.2729200203202784,-7.601521696284391,2.771021507478222,-3.606182756329667,-4.307262297589614,280.3480217819168
244,16,5.772627595669833,-3.9932966713339604,1.7409562913183272,-14.626374949552277,2.273742581885785,-7.381537476021652,2.7734155200475255,-3.589372042641231,-4.30780616433896,280.3503903834186
244,17,5.772740925603174,-3.9951229017658796,1.7527953140636703,-14.742376534609642,2.273203395793773,-7.551283418405816,2.7739815708164697,-3.545131567222738,-4.307796032017395,280.3479103187649
244,18,5.771930841033043,-4.021978595834115,1.7354487395605347,-14.928401952200929,2.285608065688284,-7.268197799563563,2.776241180590256,-3.4457058687854114,-4.3042961407935065,280.3446695834399
244,19,5.773052678946393,-3.994685377156737,1.7313658059364174,-14.56717916285337,2.2744136772320718,-7.494301283020191,2.7721554862262883,-3.3831608831378266,-4.304258320657415,280.33022418439003
244,20,5.773327408566119,-4.014609426874316,1.7527943373205526,-13.696411338466593,2.274690889408904,-7.919827959659689,2.774376457998444,-3.491124564912533,-4.307328803134435,280.3433408814557
244,21,5.772854685855889,-3.998928133452169,1.7256505474524797,-15.048633780133096,2.2725005898684816,-7.421763879698183,2.771377693063426,-3.3746842560641093,-4.305051912897604,280.3279414312933
245,0,5.772621968941188,-4.000715950042058,1.739435303222243,-16.01381096317263,2.273286300559632,-7.513728895511837,2.7710272152513094,-3.3972190576354158,-4.306629831243851,280.32182919831087
245,1,5.773048982940535,-3.9791914475847983,1.7344371301005683,-15.717646558451492,2.27617562346204,-7.419442812557449,2.7719130203939453,-3.4836585432570404,-4.304803519372219,280.3347784382072
245,2,5.77300487964154,-3.987320624137528,1.738340259998672,-14.224080625229838,2.271238423124128,-7.545020590204897,2.771630025214507,-3.4906182121742306,-4.306458087143633,280.3388599446966
245,3,5.772712298178471,-3.999554624341183,1.749108318199703,-13.927431381909354,2.2733415449844925,-7.578319594989604,2.77415841761482,-3.6057375344210443,-4.308432953789343,280.35379458663704
245,4,5.772940942398791,-4.001777816520956,1.731976116392124,-15.844392211138027,2.2724175635679384,-7.548208711240631,2.7730965473803826,-3.4948016769354444,-4.309833322921909,280.33978467442336
245,5,5.772721760784329,-4.0161784511551915,1.7490622863526577,-14.709920824333992,2.277433869908366,-7.29731327014508,2.773362274813789,-3.480187618919216,-4.304230174311739,280.3390553157606
245,6,5.773382137533024,-4.0100855954964,1.7165875109094828,-14.95970320951357,2.275648266137895,-7.591449459773402,2.771654209319878,-3.3685315687671067,-4.307210964856306,280.31940605664477
245,7,5.773382792173861,-4.003284299540008,1.7500769325831358,-14.199281062968078,2.273720355138969,-7.612528809373135,2.7727814397867974,-3.7168119023099853,-4.307985507770144,280.35871417717277
245,8,5.772724634202564,-3.9930701280729175,1.7171639244916885,-14.668668129727214,2.278491378082835,-7.35556256941425,2.773297791395316,-3.4865787296317845,-4.30483049680619,280.34135928828147
245,9,5.771997046518693,-4.0143933622666275,1.7383716507839684,-14.896710494964521,2.277315719707538,-7.212074710233167,2.775219875817752,-3.5502131126528282,-4.303587582217989,280.3618771420118
245,10,5.773464622185874,-3.995370508966092,1.731271689177884,-15.423198713539588,2.2735109767630366,-7.683959167732141,2.771565206228455,-3.4572058051051555,-4.307201622181789,280.3304254687563
245,11,5.774004192970734,-4.013738642231856,1.7095376756657916,-13.742735664746842,2.2693643487723785,-7.784944588075046,2.7708770621897614,-3.4738422877735413,-4.306985918741656,280.3423193046633
245,12,5.772986769602943,-4.003565888727175,1.7242056614084507,-14.787015803917905,2.2775941999568894,-7.447777175386617,2.772817837623133,-3.5417363163443896,-4.305385798343011,280.34379158001275
245,13,5.7728754986802935,-4.014501588926109,1.711426384280997,-14.616193228392465,2.273948319310695,-7.428601471936073,2.771684596924249,-3.3967654953446456,-4.305688606007337,280.3301307736849
245,14,5.772583232305392,-4.00132243989403,1.7199488582520224,-15.462242622078525,2.2752389447532746,-7.177883913419516,2.771675692850679,-3.4814408678727586,-4.304960119977887,280.3379349201278
245,15,5.77333467905265,-4.003229943674222,1.7295966584122948,-14.912288070277736,2.2725677582591004,-7.504257760044208,2.771899644094194,-3.5068245338648447,-4.306925730928466,280.3397773277973
245,16,5.773039964389657,-4.003629642819126,1.7373511984330239,-14.330804902269493,2.2743386469046385,-7.539136012186159,2.77354169748715,-3.3802844694769445,-4.30540030146301,280.3352674827155
245,17,5.773161595694326,-3.9941448974649663,1.733952099923684,-15.082773399775018,2.274591682053784,-7.574250018364203,2.7710875375901964,-3.409013648972843,-4.306035991997783,280.3226897214828
245,18,5.772823795120431,-4.012589651144863,1.7369062400761925,-14.114774634803343,2.276970080457875,-7.449980064265925,2.773022524737299,-3.520793341970952,-4.304217204250381,280.3440480787896
246,0,5.773051315370747,-3.9929333883463243,1.7242835242690815,-15.27362675313447,2.278383932514181,-7.229384727443842,2.7727347013315233,-3.515952819325877,-4.304336965443983,280.34143084115476
246,1,5.772547727113749,-3.9985328931518525,1.7265600723439434,-15.442899758186043,2.277204464555082,-7.2477980589135695,2.7723686429995675,-3.551378215879249,-4.30249568318782,280.3505772951563
246,2,5.7729870917583055,-3.9879393736140427,1.7268674195621652,-14.694050189017718,2.2800312787768946,-7.632729868336542,2.7730704883856094,-3.542484804005115,-4.306296740773262,280.3407826765831
246,3,5.77390690124584,-3.992157000973518,1.7196687494261615,-15.849402033526959,2.2711876431564564,-7.50462826630807,2.770518769206923,-3.5689879887972786,-4.307844475129045,280.3435888457638
246,4,5.773818911108722,-3.995140660704729,1.7173019154822555,-14.3836449743171,2.2717952566550035,-7.704326317045968,2.771111546901682,-3.5282638436444893,-4.30722660367708,280.34160316877376
246,5,5.774261175824181,-4.008856772244354,1.7065759049552232,-14.805539185254359,2.270913976143508,-7.8519531957639055,2.7705059436474087,-3.4723613331926484,-4.30755482323689,280.33661085171684
246,6,5.7733926543509675,-4.0029648944574,1.7378175114240844,-13.923716533500015,2.2757147283658825,-7.626999460285207,2.773297645025235,-3.5647788823575093,-4.3082241230659015,280.34376515738813
246,7,5.773584454341697,-3.988361271294471,1.7271900179335724,-15.396406103356227,2.2696012112567305,-7.778376213959267,2.769655384868407,-3.4104478785446037,-4.306771889110992,280.3257045850646
246,8,5.772693899468335,-4.007282083501216,1.727183519745539,-15.420302960347506,2.279366965196345,-7.206792846694439,2.772885909304573,-3.4398869395268896,-4.303919792915201,280.33346807903257
246,9,5.772925824929878,-3.989355810359319,1.7317714478567852,-14.082557383804998,2.2769608270255404,-7.710908791166658,2.7736183232493983,-3.392091137613426,-4.30552331244059,280.3312276490167
246,10,5.773596546126957,-3.9988911142415065,1.7154211502347072,-15.76879663848961,2.277476102458863,-7.39409705470163,2.7717571476656624,-3.7012218009255,-4.306800380805982,280.3571407227565
246,11,5.7723041664894135,-4.000974925977666,1.7368183506102612,-15.601951175842212,2.275805702461456,-7.483277202562862,2.772617751982102,-3.441460567566522,-4.307042376858394,280.33063356547257
246,12,5.773670539391434,-3.9910071087933154,1.7132566140003251,-15.16087310682146,2.2766591595855354,-7.3479179774292005,2.770510219708943,-3.5081658704462626,-4.307013649422615,280.33231799058683
246,13,5.772674157141214,-4.0060764087160265,1.7035780821756021,-15.562914354430372,2.278282988431742,-7.509002011436076,2.7722156999878265,-3.4123944869826786,-4.304237978079244,280.33227983510807
246,14,5.773958253766066,-3.996657873953562,1.7108515331660552,-15.175996576518768,2.2748441401954076,-7.612625684821356,2.769850772426541,-3.5491783049231707,-4.304852961420815,280.34014205053757
246,15,5.772241578608037,-4.023835825358125,1.7405036032686787,-15.181352353535074,2.279934468727866,-7.31286479351571,2.7736048719875877,-3.4199774040212203,-4.304386010831141,280.33199686515366
246,16,5.773631094205308,-4.011070324591662,1.7066376141395423,-15.53093835635349,2.2769273701570003,-7.597807620265461,2.771055014856211,-3.3865585543082672,-4.306759077179768,280.3195127703027
246,17,5.772818649349362,-4.009955703433812,1.7372478582024264,-14.582811018486984,2.2735359120540393,-7.628294357639778,2.771546217321051,-3.397046886758184,-4.302840713638422,280.33369425369824
246,18,5.773225048197418,-4.0017494644106275,1.7254759377371172,-15.17524156343437,2.2741403309495087,-7.450921128069623,2.7715160033416213,-3.3686724893913236,-4.307236285316056,280.3197508130897
246,19,5.772528180289617,-3.9978354309212145,1.7413816854119226,-15.261585085889326,2.276671023983458,-7.451244836133445,2.771778722614782,-3.457595163544537,-4.306679618045688,280.3278555175932
246,20,5.772507323613079,-3.9967683461064345,1.720748446045384,-15.492358406044309,2.276862090434818,-7.299375770642808,2.7711570024477092,-3.522094905599,-4.304021204903084,280.3412216504315
247,0,5.77266392993992,-3.996885027779284,1.7300331808264444,-15.390698283680049,2.2754461936085684,-7.538549555357131,2.772375498056119,-3.539881345035786,-4.304486622857935,280.34619400004965
247,1,5.7740495503481775,-3.998716466721516,1.7261210859166087,-14.783507421293688,2.27330620157619,-7.696008777185926,2.7703279224514277,-3.4356838926803714,-4.307331595065718,280.3241479899829
247,2,5.773030810393098,-3.9922176810655583,1.7253544895492428,-15.436389322819547,2.27333342554118,-7.675252815280575,2.770798365122823,-3.5234846874760586,-4.304965384741183,280.3404827402581
247,3,5.7737947304552515,-4.00178025788832,1.7124143435659651,-15.079229269386161,2.2736160017871523,-7.545485791663801,2.7710067458716994,-3.4648589358683295,-4.307124717218604,280.3319623088779
247,4,5.773867927039917,-3.9903246859229378,1.7301483160140487,-14.769433988967084,2.2726735380026337,-7.416730627079231,2.771071926310926,-3.6291313049602794,-4.307301802732583,280.3488933792513
247,5,5.773980978846015,-4.004529137983105,1.709944120645911,-15.574518631329429,2.2736468278665756,-7.539175708189138,2.7698654691870837,-3.5853825812506477,-4.30528252211519,280.34538962917986
247,6,5.773196550089885,-4.002559673956724,1.7496825174498876,-14.49484351879585,2.2711780554885994,-7.608647395855035,2.7714768015183875,-3.506000826160338,-4.307515086517349,280.3363789997841
247,7,5.772975930749177,-3.991969700169635,1.715284552003054,-16.09883213472601,2.2810156441611937,-7.254855202293626,2.7729303202036104,-3.4202822611553225,-4.304297040503793,280.32968900765536
247,8,5.7742748151938335,-3.9891820798712376,1.7140500529230616,-14.863467747812434,2.274650628955477,-7.850341942188482,2.7704626268707275,-3.5647619859164164,-4.308762995333585,280.339098941858
247,9,5.773442621026257,-3.9992643525610414,1.728457847509345,-15.449818484295255,2.2709515459374248,-7.533669763062404,2.768974637157257,-3.5315397511403503,-4.307299218067051,280.33535175395014
247,10,5.772653257302578,-3.991400397983425,1.7367306930946798,-15.348310223112023,2.2762127737751627,-7.495999635722316,2.7718438637498912,-3.4638662221666245,-4.30563067446445,280.33111660301387
247,11,5.773531092977054,-3.9985440822121463,1.689050850744119,-14.870437118631077,2.2735784464544704,-7.525926922203847,2.771803728114853,-3.4860983583088068,-4.307573412998323,280.3413544240879
247,12,5.772502981064222,-4.010241134718361,1.7220553163675134,-15.777334449965153,2.2771156761947107,-7.4988571807288125,2.7721606782920496,-3.391884303591228,-4.304344905315959,280.32821519940853
247,13,5.773648226843256,-4.01673406868593,1.7226992069478009,-14.191880428298035,2.2727449620021978,-7.742549913187076,2.7723096720034444,-3.603290416592088,-4.308633761995834,280.3498355617036
247,14,5.7733611199079204,-4.0002908586010335,1.7132181499343504,-15.686409860402842,2.275121350909432,-7.513645798016793,2.770542018164738,-3.407207085474339,-4.306057846724301,280.3226636079411
247,15,5.7737743486136255,-4.0045990119767945,1.7187441688479597,-14.948598150388023,2.2769809882552656,-7.68870237901287,2.770623787991989,-3.435939416214215,-4.305230276712797,280.3243044738602
247,16,5.773959424859831,-3.994148567290917,1.7053476948373394,-15.032700561630058,2.275960110981709,-7.697245300525635,2.771172635480238,-3.3780568823102666,-4.30714723344572,280.3197751613869
247,17,5.77373703100244,-3.994716831087362,1.7303330259399166,-15.242023487107563,2.270591331538514,-7.737937431366779,2.7702280567514466,-3.3967208704898666,-4.3077681096301035,280.32248551569137
247,18,5.772908594605993,-3.999703366639095,1.7188553215476388,-16.021196582955806,2.2800631071243918,-7.176685476638019,2.7713115108618895,-3.490143193607088,-4.306188058289346,280.3320798581766
247,19,5.773041008466548,-4.00413059001944,1.7497413459142768,-14.255771042029572,2.2769430023401096,-7.800702934275931,2.774079346377117,-3.3847148064253556,-4.306193789230946,280.32883132460233
248,0,5.772525645282176,-3.9949290774498887,1.7355442822669191,-14.875199391151051,2.272094911841029,-7.355242247539841,2.770568065001778,-3.4398433512680815,-4.305250076833985,280.33045280750423
248,1,5.773540128662957,-3.9865333573865422,1.7305817033230384,-15.53619522009885,2.27305243992749,-7.660881066625533,2.7712684349637784,-3.4799759436160977,-4.308804897171939,280.3305233072632
248,2,5.773060649315938,-4.006729286299345,1.7142946148630713,-15.424534351762071,2.2765146713678592,-7.417950310062861,2.770814599413589,-3.529970746787626,-4.3057496468140455,280.3383965610331
248,3,5.772803212337613,-3.9950888855167968,1.7304299321036913,-15.940217516660903,2.2749587868831034,-7.591589225426672,2.7710880849484,-3.399087970953199,-4.305708994858179,280.322527353174
248,4,5.772929167084076,-3.9921183811535537,1.7314349821489854,-15.406520722041776,2.2779581832762252,-7.537532808716716,2.7732649288979174,-3.48014525657168,-4.308002270621367,280.333386141479
248,5,5.77478510002825,-4.000131972070618,1.6979394816207918,-15.216557138627284,2.2735031002061636,-8.044907617785743,2.7701335678136996,-3.396033646343405,-4.308381344455178,280.3227212797355
248,6,5.7733384173900175,-4.00795469202425,1.7063942420802323,-15.27129539343055,2.279444668929613,-7.379161599635109,2.7722323736460712,-3.4219158202025404,-4.30331057453794,280.33187150509343
248,7,5.773443231505835,-4.022118947434669,1.7267914107469842,-14.430482132552978,2.2764566243089974,-7.852749103211712,2.7718659201652187,-3.3704723710648867,-4.307443514685006,280.31731581863824
248,8,5.773657564198904,-3.9910796565634787,1.7182349728393773,-15.927838281309384,2.2751389347389326,-7.474372346422117,2.771528904040787,-3.593982797871825,-4.3074862780474765,280.34501137960376
248,9,5.774051701699418,-4.00173869788474,1.700193284244245,-15.09702095433384,2.273029523632173,-7.490760612715864,2.76867714553155,-3.484166955096131,-4.305554257436898,280.3321398315004
248,10,5.77366464145441,-3.992842985380878,1.72025310621232,-15.124266748364706,2.2763876961917537,-7.717405406784795,2.771101562412538,-3.371872354009341,-4.307836082907687,280.31476370722316
248,11,5.773642545032762,-4.0038978096574,1.7137663952356958,-14.641907023364897,2.277593626514344,-7.539647546968895,2.7719151259962223,-3.412537886227645,-4.306006951458224,280.32506029633447
248,12,5.773878927400725,-3.990031728876641,1.7258365124392023,-14.77498345764754,2.26885566169753,-7.429418506932773,2.7699406700811227,-3.6329611222333194,-4.308975299377387,280.3502279655096
248,13,5.774369173458416,-4.00866570540271,1.7222394876669382,-14.370534931777149,2.2730539013434474,-7.872322951191189,2.770657364560911,-3.431429929079003,-4.308580281812314,280.3248646110401
248,14,5.773821392279946,-4.006896646036501,1.7128272454644629,-15.220096126920858,2.275547576654787,-7.685188228209345,2.770760419139904,-3.506131777496344,-4.306174740912801,280.3345315192624
248,15,5.7740965499460835,-3.9717760179292565,1.712968735440795,-15.977231669209164,2.2716795079551058,-7.459123200811489,2.7694397913083693,-3.484602604130636,-4.310457357567096,280.3294839756015
248,16,5.774591806839128,-4.003540580845227,1.6856901409796021,-14.672812154832183,2.2700072738289885,-7.672611279132608,2.767728382481018,-3.3858647809067377,-4.3072219374885545,280.322249537162
249,0,5.774396965607504,-4.004341199338082,1.697009288095843,-15.137862475800338,2.2709156985136936,-7.939744541793256,2.7700260225773534,-3.3990964583716248,-4.30956269816251,280.3256545300134
249,1,5.772867042502258,-4.002885440805846,1.6988006739901524,-16.11441523426823,2.281554555893957,-7.30192243404366,2.7715549394856396,-3.3917716266185733,-4.304193180461086,280.3242092481356
249,2,5.773764342713904,-4.007644305278059,1.7133919313491623,-15.386344223100533,2.275725337812473,-7.479431994903758,2.7701592438392653,-3.3784309134167607,-4.305635174507265,280.3172084756278
249,3,5.773121504208031,-4.0178925900976035,1.7519007068902328,-14.98586324764328,2.271044214295485,-7.505981509459771,2.771045469682433,-3.4769979621059384,-4.306614850408272,280.3330391113801
249,4,5.773299543466547,-4.009399237584366,1.7050854156252038,-16.038156216921706,2.2759278705913313,-7.45632380420686,2.7703932424790874,-3.47391264589761,-4.304874963971955,280.3329365059773
249,5,5.772453127584269,-4.008392145235443,1.7476413851133215,-15.585894562435822,2.2751571065063727,-7.408033509916882,2.7721048715973136,-3.524143455307797,-4.305814627006986,280.33916329289787
249,6,5.7744462570392106,-4.003061771046177,1.7134220693201232,-14.950542731245681,2.2750409357085584,-7.675519259444594,2.7695587746582264,-3.399284175694132,-4.3070874899039575,280.3170668171655
249,7,5.774626274652973,-4.019280067103011,1.7034976587551005,-15.232206153508832,2.275637218337141,-7.73184563758376,2.7696679927563426,-3.3859368990946344,-4.307818145978761,280.3160462633042
249,8,5.773852936854828,-4.00157466220523,1.7223302782707877,-15.260676171016158,2.2720837138238754,-7.824114595303593,2.7696019869520376,-3.4964964959256966,-4.307348930197343,280.3315562342998
249,9,5.773075552878046,-4.006034249560737,1.7236240946678856,-14.802833477051388,2.2784265102415455,-7.504090361151339,2.7726762749273197,-3.389118868374038,-4.307540528275944,280.321222828098
249,10,5.774059640527964,-3.9914486430274816,1.7261936671450884,-14.237769167505455,2.2725156379552383,-7.971390270908306,2.7710421656383417,-3.4634127478697274,-4.306530583736126,280.3330793998379
249,11,5.773454326161099,-3.9928694128670132,1.7259933698820862,-15.765478766465671,2.2746344107233636,-7.581242032592561,2.7717133413416817,-3.5228668069419933,-4.308049511702769,280.33652275416574
249,12,5.7742740158401755,-4.005797155153841,1.7184340807477105,-14.960580551045833,2.276538888820316,-7.769707013835547,2.7709641263281504,-3.54069146575027,-4.308311721008953,280.3355159632362
249,13,5.774900714833966,-3.9816666761607613,1.7127707989308871,-15.148887016937191,2.270448970494519,-7.746444065914212,2.769607700744559,-3.408563760591366,-4.310941954697135,280.32341856941395
249,14,5.773885426407672,-3.999064484548156,1.6852082828555333,-15.490271229575859,2.2727706447948477,-7.548404067033829,2.7679971865268245,-3.4661780771304262,-4.305031002515497,280.3319249821172
249,15,5.774019653402811,-3.9787090911172065,1.712883354082855,-15.059015842690433,2.274723058402279,-7.795473555135135,2.7707182783792113,-3.385347338527425,-4.307201358744441,280.3192947818943
249,16,5.77265762751623,-3.99437478338414,1.7060982918484073,-15.748070578328845,2.280265141017805,-7.476218880592174,2.7721210856260776,-3.3884026746095985,-4.30230746479547,280.3303142986673
250,0,5.774246892844837,-4.031080798139652,1.694390757659763,-14.769539025947015,2.2788201593010586,-7.517852136710976,2.769778655147535,-3.449322310748872,-4.305838745531721,280.32527451662975
250,1,5.773177774401578,-4.026421940278723,1.7235601665648235,-15.569100603750664,2.2807736149441875,-7.487718100514635,2.771466704859032,-3.4624523175600115,-4.30469301494666,280.3283957685961
250,2,5.775093452758341,-3.97729622673711,1.7053583335239089,-16.09162763885027,2.2734397174181598,-7.579859983838781,2.76728555898622,-3.4712584702335114,-4.307780641002519,280.3258220827355
250,3,5.774849892852799,-4.014476425157894,1.6936727525925825,-15.488709954291071,2.278656298321876,-7.8904091723146506,2.769813668032226,-3.4283132074276663,-4.3068353074633565,280.3214277786753
250,4,5.77376598238364,-3.9943614419904114,1.7188305021590595,-15.014867808700338,2.274188825111565,-7.825183802859271,2.7723766938290315,-3.401397469434238,-4.307493310614579,280.32893752286924
250,5,5.77367884379558,-3.9962617686641915,1.7216487578748012,-14.914747149157096,2.276311109581063,-7.681768012037121,2.771640762836811,-3.4959376516157605,-4.306926706137309,280.3329196118342
250,6,5.773164212353287,-3.9924120722400467,1.7268268403826619,-15.343474312962005,2.2763860482015983,-7.48701635982732,2.7712091718327745,-3.518456400900048,-4.307444407520594,280.33387576228233
250,7,5.774776509603101,-4.01942447236284,1.7044012591069873,-13.666035290870122,2.269496214840923,-7.841189783729366,2.7687410857457238,-3.4726830025438353,-4.305911216999236,280.3369592173789
250,8,5.774936823027112,-3.984633688933004,1.725129437789831,-15.109754607054533,2.2736435672166273,-7.884742310375501,2.770217233779992,-3.4685688919933226,-4.307403456223789,280.32867627392704
250,9,5.773131091758544,-4.014107563935768,1.703884168009643,-15.279406502723816,2.279469440012833,-7.177892899469702,2.772019583818716,-3.4053146542055996,-4.301746569205717,280.3338478228503
250,10,5.774013763652584,-4.025409390773677,1.7080353304578948,-15.28235337590566,2.2761490613904645,-7.4085365458735986,2.7702676409395153,-3.3711420316632634,-4.302364936692901,280.32435234034466
250,11,5.773776673269044,-4.012270261857525,1.7189432259588597,-15.485874980198979,2.277079335322726,-7.466405813748445,2.7706934234429723,-3.3900845874969168,-4.30568798095179,280.31784872796777
250,12,5.774321003346193,-4.027263722193776,1.7010764246181325,-15.066090376826942,2.2753305298279414,-7.486119911691294,2.770455640086871,-3.4139393406394167,-4.308178529594343,280.3223958779514
250,13,5.7736456717827265,-4.013855037831622,1.757993299177206,-14.487339564805712,2.2761435592885317,-7.936171767982142,2.773431466662129,-3.381264087348944,-4.309494359871326,280.31934716632895
250,14,5.773206441462507,-4.011533212271963,1.7278584950759615,-14.87001915815742,2.27638606018951,-7.697074827955541,2.7717195730941855,-3.419499884683501,-4.307808961509016,280.3225099939164
251,0,5.774708012852957,-4.031715891515783,1.7460583028977847,-13.996028540263298,2.2726471450722183,-7.816137713982257,2.772844308566121,-3.5910217200056853,-4.309014485103942,280.3495483456043
251,1,5.7739813425701705,-4.012552676675901,1.7336998162856367,-15.958387224461003,2.276541545810357,-7.804953299335516,2.772341016130621,-3.428912179278279,-4.309691598208901,280.3229490227651
251,2,5.772759071348986,-4.0220806054656855,1.719967086229089,-16.086168635551026,2.280873589267216,-7.098824604873725,2.772330748502406,-3.427130236821397,-4.306253666478972,280.32597322960663
251,3,5.775704018076384,-4.008484270341642,1.6978884985549674,-14.744850057275734,2.2741700601073953,-7.787510621190145,2.7682305744805142,-3.574113531835427,-4.308772217601569,280.34196163780217
251,4,5.774238168988009,-4.020174941184607,1.7268253074778808,-14.624321114635393,2.2790544859981257,-7.7409270084237685,2.772997636456348,-3.5107985367803396,-4.304917927645633,280.3389254015448
251,5,5.774021491869083,-4.007419607726809,1.7066570573328717,-14.8942084005446,2.2798211524521403,-7.628345672813311,2.771899253520556,-3.381468750619095,-4.306773384257559,280.31817495191507
251,6,5.774627322471197,-4.016969679004692,1.7142602288886413,-15.8288345361073,2.277403655596368,-7.599150531074237,2.7703365949745735,-3.5024282476769186,-4.308660930846347,280.3295191816269
251,7,5.7733844358468875,-3.9892496853813624,1.7021661195972093,-15.26856607151479,2.2742127779572043,-7.765776457974369,2.770355469506076,-3.4272665145122216,-4.308747672416293,280.3247099868091
251,8,5.775642456113252,-4.008621938173339,1.6823906654771148,-14.449346369071288,2.2734180448685066,-7.9339620099829,2.7683914491795174,-3.5096052734179106,-4.307579971580709,280.3368838780032
251,9,5.773833198224782,-4.012540079413069,1.72078526454895,-14.861514252305597,2.274563865730069,-7.604464493735135,2.7710313308229786,-3.3754728475941085,-4.307373426056938,280.31834149772294
251,10,5.772604465394872,-4.012264165510533,1.7070955427112167,-15.640486875482333,2.285133240175008,-7.195578044365019,2.773225849004559,-3.613462204358557,-4.303684069118364,280.3569159862876
251,11,5.774447068096992,-4.0109091953243885,1.71453076232465,-15.170521403314467,2.276576596838683,-7.539250235125625,2.770121143336628,-3.6231047332025867,-4.305246066875827,280.3468920738578
251,12,5.775240420699638,-4.025484048653216,1.7101352337863296,-14.631166102664485,2.27311309114488,-7.82286418622869,2.768917206091939,-3.409963936232816,-4.308218173505631,280.3203808903322
251,13,5.774354498940016,-4.002214963673363,1.7106529810751538,-14.187238231889742,2.2736471533621465,-7.77173906867662,2.770802630317172,-3.3689036078998593,-4.309629992602872,280.31771041817524
251,14,5.773747673734231,-4.030203194596222,1.7427975596627192,-14.34279432009503,2.278607600941051,-7.92700294719685,2.773193300727533,-3.3843732914436173,-4.306660390191233,280.32070456220765
251,15,5.7743635003087,-4.016210727732004,1.7077446285099227,-13.93103316866717,2.2751288417934976,-7.795347129858555,2.7707317472401747,-3.43960167665672,-4.3057850423967094,280.3288420313362
251,16,5.77461348701943,-4.006982692996704,1.7535229088706088,-13.491621624284365,2.274395879695948,-7.9790164946240285,2.772415098382086,-3.3891095933789943,-4.310395522139195,280.31968386388155
251,17,5.773456771592556,-4.024222245133103,1.721762702614164,-14.024045273990613,2.2787787260274985,-7.833962255684147,2.7740716652194544,-3.472760213431538,-4.305950607410575,280.33948135131743
251,18,5.773675978715597,-4.029197723364015,1.7325231554161642,-13.97285048109283,2.278141656692435,-7.9200004552731205,2.774307914625381,-3.3783150978920706,-4.306466908873315,280.3297528407861
251,19,5.772625971828824,-4.0418684026132645,1.7432875225471292,-15.191966510366454,2.2762097041549416,-7.564017912244999,2.7713092152946075,-3.456098495297051,-4.305878873315035,280.3276872628844
251,20,5.773525480192632,-4.01510177832151,1.7100547811929032,-14.56297382180806,2.2697512145920973,-7.503104261662182,2.769927377564361,-3.4222744087694204,-4.307830612623815,280.32894388032884
252,0,5.77442870379653,-4.0150290785108425,1.7241350352270521,-14.463725471859675,2.2766078598615227,-7.612289488093757,2.770521163031027,-3.5741652424273114,-4.307888121530713,280.33837068016095
252,1,5.774158254398118,-3.9951624306503684,1.7271617809750892,-14.390669458494154,2.2770876866821834,-7.736802012531791,2.771722757537336,-3.4228147477190123,-4.309090252560278,280.32051136381847
252,2,5.773880417321091,-4.007919951101799,1.7050177846491361,-15.012908553159718,2.2736968043723005,-7.917387754394073,2.770540261145851,-3.405123851240857,-4.308452096747522,280.32271933963113
252,3,5.7726439258688815,-3.999288140122335,1.7439376565040712,-14.327094673336846,2.2765587828742535,-7.674465261291773,2.7739327306707757,-3.422142535926699,-4.306981784411268,280.33196992096674
252,4,5.774060963078703,-4.011520645702971,1.7260334903759227,-14.66915814193491,2.2819838026034955,-7.465708685873586,2.7730363764559276,-3.4675297866212533,-4.30850529945301,280.3269480302819
252,5,5.7736231668207,-4.044441391204172,1.7431246857716218,-15.042780795009843,2.279520869299631,-7.675157591408052,2.773193855169214,-3.392674389832422,-4.307986148899055,280.3185248243909
252,6,5.7744164434150385,-3.9965339064570746,1.709639483424593,-15.705776400470144,2.2755092167995987,-7.69212386767976,2.768685958842186,-3.482347792154072,-4.307367704003767,280.32664800646614
252,7,5.775045038065121,-4.011239834817615,1.7099138390211377,-14.537255063200888,2.273511148178523,-7.918290437269969,2.7701751252560753,-3.5660600494828825,-4.310069452924314,280.3409973004802
252,8,5.772444080849981,-4.006906872668332,1.739307743462357,-15.206883069535786,2.2832247449012852,-7.3544577458524225,2.773538801883788,-3.3834805005045108,-4.304104272529809,280.3238613339006
252,9,5.7737335015884925,-4.002849757752426,1.731888221606521,-13.531861484582613,2.2741600883274145,-7.629814243575585,2.771613295616918,-3.4499511163097596,-4.3090622953238675,280.32636543337344
252,10,5.7749850626068655,-4.0037201629917485,1.7003210212059519,-14.451830633229301,2.269781429970684,-7.877511664572589,2.767654423157156,-3.4837897220587006,-4.307645115152507,280.33294808204704
252,11,5.775025367813943,-4.0078776928429,1.7152371139019305,-15.013880742318358,2.2729182371234162,-7.721426155138071,2.7683331541728675,-3.5363672905537165,-4.307790389113253,280.33498408541635
252,12,5.774011262926893,-4.016708796244939,1.6904218178099253,-14.918748726429946,2.277686012714372,-7.475295207873017,2.769891999686761,-3.403205257679528,-4.305850381414522,280.32077907288556
252,13,5.773316028004247,-4.02365369162176,1.7491239018219116,-14.913494295221225,2.283780088051245,-7.774665221849517,2.7749810112057265,-3.384972746380346,-4.3070194804410304,280.3215448860092
252,14,5.77281861972942,-3.9945254113787882,1.7403205820673775,-14.777056875046558,2.2769254388614355,-7.2358179625950925,2.772507951146291,-3.4422837821826078,-4.305481971381449,280.3296146974443
252,15,5.774371715781388,-4.005496821831082,1.7044018239192609,-14.940298434779116,2.2735191685446647,-7.862738547336413,2.7707215137910204,-3.3820178300659314,-4.309946422535502,280.32004781829596
253,0,5.772584660650098,-4.013901113602031,1.763664911808898,-14.634071987222116,2.2783147229096117,-7.48877902770859,2.773131256069707,-3.4079088244968703,-4.306279196022821,280.3223234675712
253,1,5.772677578191635,-4.005472089956318,1.7449593709734679,-14.406597166124726,2.2794933607976833,-7.627190237929492,2.7743334096306063,-3.538892775260087,-4.307146995293641,280.3424137934385
253,2,5.773730290290061,-4.011582749868164,1.7224867301297082,-14.408687171507431,2.275504739648826,-7.493743167117345,2.770686438507933,-3.4150632122358857,-4.30801506523882,280.3196163994561
253,3,5.775090653988743,-4.0092635804253,1.6879956232922473,-14.635234875255598,2.266943466462857,-7.7289149273562705,2.7668371808700507,-3.393817432857082,-4.309555972629943,280.3250315501027
253,4,5.774344502818104,-4.023700936841236,1.7180043638253062,-14.529714243038502,2.2758815082341646,-7.784307703853839,2.7706497703207873,-3.463612232113895,-4.309705216505137,280.325336231336
253,5,5.773416327603127,-4.015045754620482,1.7201893542919344,-16.04709365322047,2.278237249924566,-7.651099693505286,2.771571337469413,-3.3987630467960317,-4.308399907345847,280.3180853188815
253,6,5.774124623362982,-4.009204473521752,1.7059285338456913,-15.430126628694122,2.281029094185946,-7.511251684538604,2.7713203788258363,-3.434492963935504,-4.3078627873908575,280.32206382344043
253,7,5.772960195187452,-4.007053166598775,1.7276570841319454,-15.168284880235152,2.277767999218221,-7.489277756721872,2.7712207655981915,-3.5001176195390973,-4.305922516703906,280.3327755193304
253,8,5.7735344627566585,-4.01766440171532,1.7325346718065926,-15.188847278230531,2.2775232588009025,-7.6177704756102855,2.7711227065373776,-3.5461233851264784,-4.307809109327807,280.3353305819382
253,9,5.7739083980216686,-4.009319839786394,1.74760549067914,-14.332080992839908,2.2739076593103857,-8.155230016032077,2.7725449294369615,-3.427404277784713,-4.310200152656151,280.3250608277659
253,10,5.773660468942211,-4.0045601642541255,1.7016489775213015,-15.899568927795617,2.2783141154521984,-7.143647912821718,2.7710428776862357,-3.65477742119218,-4.305710054276608,280.3532609260876
253,11,5.774729092209168,-4.004935636564978,1.7174986474780582,-14.890161175691109,2.275928050876649,-7.873613042968794,2.770991846929697,-3.4813201827992892,-4.309779670188477,280.3285639788484
253,12,5.773520393004394,-4.025426237806562,1.7374406206566249,-14.861793597362364,2.2814911217568374,-7.734796494359068,2.773849040406646,-3.382331006126679,-4.306616779418013,280.32041711433817
253,13,5.774401597281263,-4.015117107163722,1.7216564177157032,-15.361296159365702,2.2761451944518485,-7.769957357499107,2.7708167466353797,-3.3919695029304466,-4.30639817851695,280.3186367948811
253,14,5.772289184175208,-4.0313202725384185,1.766830451429324,-14.52801006162304,2.283747656435058,-7.61704505329968,2.775255385345226,-3.4762851823773717,-4.304576148922894,280.3381555049197
253,15,5.774682272749499,-3.9948444058661927,1.703147937253584,-14.633510589469363,2.26887057310939,-8.180562057542025,2.769348349538621,-3.421191855004772,-4.310149390004755,280.3286018283254
253,16,5.773804503847091,-4.037827422485459,1.751101010731805,-13.8591943258936,2.28194645094572,-7.835806178416268,2.7747793793296003,-3.5525105670557973,-4.308224687505463,280.3401475590732
253,17,5.773822905526414,-4.01272130117602,1.7408280538141931,-14.563393098155501,2.276650708351682,-7.81958526683855,2.7718531987382216,-3.50779504671027,-4.307021966278639,280.33197578666375
253,18,5.774705233201632,-4.024205351123521,1.712182032759564,-13.793974830714495,2.2769323062744076,-7.978858469517124,2.7720323945305294,-3.4349268034326896,-4.309407961782525,280.3261802046015
254,0,5.773762844704223,-4.018559020223965,1.7371695625666412,-15.20625864314157,2.2762322833922095,-7.77634867919917,2.772196127978341,-3.4264114335856144,-4.3104596031723394,280.3216108104192
254,1,5.772886996373468,-4.011920006822836,1.7312251801176903,-15.695584742322353,2.2765475210356647,-7.47132319536869,2.770604902679976,-3.4696959836317838,-4.305689117366611,280.32828338999195
254,2,5.773564725734322,-4.022269865722612,1.7191829190705703,-15.513369728835759,2.2800241419400993,-7.62953042153938,2.7715380426824687,-3.3888167346582003,-4.306069376436674,280.31712471513674
254,3,5.773145348638586,-4.008327795336184,1.7314951325854775,-14.254768130218876,2.276440438738398,-7.459391636848618,2.7722692692901427,-3.446884307945988,-4.305647064118482,280.3305662927071
254,4,5.773354468340307,-4.013770814895993,1.7616592918794383,-14.826367749613691,2.2733555571606714,-7.674230806263526,2.77180694874323,-3.516195463324198,-4.308208472674568,280.3330625075585
254,5,5.774157714402795,-4.026498033749109,1.7210288298821192,-15.14410006812077,2.275258157869995,-7.845115769700193,2.7710311630301496,-3.4854696978499864,-4.311474240261693,280.3292955203572
254,6,5.773152809843028,-4.0316104292345045,1.7316514260827907,-14.420378003553193,2.278903716616196,-7.626986826756812,2.7731057002843222,-3.4400310651102557,-4.307395329290553,280.3275615311924
254,7,5.773367469065388,-4.007977051672439,1.7302359760463641,-16.021647238047912,2.2747743787720323,-7.511779917427089,2.770547627396326,-3.407818927704848,-4.307752889827864,280.3184636067085
254,8,5.773797269479399,-4.036165684377397,1.725759230173448,-14.609963403403945,2.277155085757349,-7.643095150849089,2.7716481710668974,-3.396516228851518,-4.307439458956395,280.31886051361664
254,9,5.773995539892594,-4.02112983370857,1.7253828935779625,-14.96944837477149,2.276989062203565,-7.8042623547492616,2.7721004579518858,-3.407620474965349,-4.307869517590211,280.3217600722695
254,10,5.774688982519588,-3.9951980052336644,1.73265579306815,-14.636669104405609,2.275937641923361,-7.931343261882681,2.770778179361537,-3.398255326307213,-4.30920380207215,280.3153040291912
254,11,5.774635791770223,-4.009388933874531,1.7117896589453236,-14.802852563400547,2.2719136841569414,-7.966351846699686,2.769957621886576,-3.477623655757115,-4.309593670275396,280.3309337763396
254,12,5.773928786690446,-4.018556302193859,1.705809416047206,-15.999014649093743,2.2785402743405867,-7.384528567823539,2.770372533991482,-3.4246961261307,-4.306474097991046,280.32113324603756
254,13,5.773704047515365,-4.026454654019355,1.7069694288721409,-16.1140675861387,2.2800727636340086,-7.700239496990482,2.7700416013313833,-3.443647840900936,-4.306073049213711,280.32338967278656
254,14,5.773699640142809,-4.018319912666204,1.703178153111873,-14.923554698120697,2.2778314505643675,-7.556938554021034,2.7712699097595466,-3.480875322462751,-4.308233821944673,280.3307569966585
254,15,5.773649096721577,-4.005315867048876,1.7207677206159493,-14.866505900791578,2.274213189012036,-7.585980800560635,2.7712986755715976,-3.438247182745588,-4.306553157822515,280.3286971773713
254,16,5.7736206726469845,-4.006962455241291,1.7398544907591622,-15.10017512642535,2.2731487676572457,-7.820279504993522,2.770833326104097,-3.4354159601622145,-4.308043245735223,280.32319746718633
254,17,5.774489327685742,-4.0154594511210435,1.7476679009614149,-14.616286599493,2.271147910252082,-7.946248384012269,2.7709037754888657,-3.4672993812772073,-4.310415143206697,280.32842080352526
254,18,5.773194982607038,-4.0152232433693475,1.7231633189643882,-14.712766296335982,2.280321287509513,-7.670967142703842,2.7732744113786376,-3.4505075806024057,-4.30783662922269,280.32892662554787
254,19,5.773201849634404,-4.021870195253799,1.7231423891356556,-15.333860389920726,2.2811466142321,-7.642986280337766,2.7724257689167655,-3.404970916466541,-4.307134360911906,280.3203799780602
254,20,5.774483655657767,-4.013377775810628,1.728353167593211,-14.982357319998613,2.274383319728395,-7.851875289373111,2.771687877959184,-3.4418111569866,-4.309168260830121,280.3267732435637
255,0,5.773629572308527,-3.999724364518891,1.7236526943139587,-15.202840407256105,2.2778293970304753,-7.7232347337084475,2.7710808438524492,-3.5129863925497657,-4.3077691816512855,280.33158767925886
255,1,5.774523122854389,-4.004529741357923,1.7308659089698393,-14.65103531058623,2.2740559576614308,-8.162486306777893,2.7720169967966797,-3.471769320255703,-4.308231416504674,280.33304928547085
255,2,5.773857650740963,-4.010269695133608,1.7378879592280532,-15.494027601462669,2.273171789856517,-7.770853509147265,2.770909766671127,-3.4829750368831234,-4.307906953731392,280.32967805043364
255,3,5.773552816017547,-4.02173855912034,1.7419405696051529,-14.327539384625013,2.2773931580755358,-7.805223073036259,2.772560578548067,-3.380223951348908,-4.3081361856228515,280.3169101332103
255,4,5.773837850944672,-4.023155687135814,1.7124465841320182,-15.15376539551807,2.280547574387684,-7.642115659826281,2.7715667107431727,-3.4011087075396027,-4.30893822447072,280.31760514996984
255,5,5.774154418172729,-4.023925504669518,1.740369638687058,-15.296695555400458,2.2791245655930297,-7.8779574744858945,2.7715019035230206,-3.3931593699510496,-4.308077099444202,280.31300952547883
255,6,5.7737947635732665,-4.019285637780783,1.721428264206852,-15.490236478605297,2.2786197982116234,-7.852323655515527,2.7713017367564428,-3.4161658512503554,-4.307715649280822,280.31910283266
255,7,5.773857304404302,-4.015716314064775,1.7116252682880073,-15.222600452629345,2.277151860709895,-7.503358329801829,2.7711433887569235,-3.3881490740594793,-4.306120578655787,280.3196814590291
255,8,5.772507084849107,-4.009023547006625,1.744867798675639,-15.314196276399567,2.281829105615058,-7.387988677887071,2.773711173193221,-3.4377020802378406,-4.3059862797991855,280.3284324261251
255,9,5.7724366138613314,-4.013694352075578,1.767690588317232,-15.594486214315607,2.2801299708175775,-7.5299809531140856,2.7735366486804205,-3.39728082941973,-4.305153053038744,280.3226659010418
255,10,5.773041911601441,-4.017319008279824,1.7344053758911162,-15.847364252085912,2.280142584103031,-7.446616445260685,2.7726774628229753,-3.3743020823532657,-4.3063000026605485,280.3174101478584
255,11,5.773261799920748,-4.036571557988063,1.7391188459822724,-14.775404671680256,2.279788049819515,-7.572262172475927,2.773588495995366,-3.375406749534749,-4.308355145826319,280.3183477948837
255,12,5.77426060652471,-4.013086856692301,1.7119112062576813,-14.51951217576381,2.2769350877180505,-7.781699268018735,2.7703590417729886,-3.4270763479596305,-4.3065972720497205,280.3215214126225
255,13,5.774047338697232,-4.019440765731311,1.727081158398268,-15.239550626388517,2.279936695167381,-7.474277981626742,2.7707944449705035,-3.5305938896450826,-4.307343540883125,280.33228351547996
255,14,5.774355627882717,-4.022312951939223,1.7303428966931642,-14.867020616999573,2.2751347289485087,-7.7452682798247885,2.7702099484335414,-3.4308809313327577,-4.3084192308008475,280.31948322104347
255,15,5.774255100468255,-4.025820701030907,1.7263503529729605,-14.245227105520417,2.273506178066536,-7.796487456239357,2.7713607690184516,-3.3703809846818724,-4.309858540415711,280.31777224138557
255,16,5.77359131672931,-3.9927620054237143,1.7199914781706518,-15.957295191734783,2.2798382679541644,-7.484605452009973,2.7712405965733193,-3.42641453742025,-4.307805202806724,280.3199211566629
255,17,5.774501690515406,-4.025155145126194,1.7380808394031892,-14.287416115790961,2.2757825105962772,-7.914348474214183,2.7715280338391586,-3.413630335240601,-4.310603025804537,280.31858807968234
255,18,5.774021014375701,-4.006844329983534,1.7229146019429409,-15.050852195259495,2.27603642813678,-7.727762849543802,2.7710672218548424,-3.3954581363734264,-4.307473577405004,280.3181865133947
255,19,5.774752864797629,-4.019713000475285,1.7051590438961683,-15.92209968166702,2.276749958002343,-7.534322145116394,2.7685616972744094,-3.4069344664954464,-4.308618965084696,280.31571095981906
255,20,5.774426121809582,-4.029955197128447,1.7314342617825256,-15.19048853695299,2.2772428529753914,-7.921726373032184,2.770462054204297,-3.4394909353189775,-4.3089325858453345,280.3192036050321
255,21,5.77333030604188,-3.971540229360539,1.7606232652884124,-15.574661342219844,2.2743224190349065,-7.806223127446485,2.7727728530799642,-3.4848385122413843,-4.310345433175267,280.32943402913725
255,22,5.774024397019831,-4.011336622834012,1.732708781421082,-15.105176054944813,2.2775817988752407,-7.723369969141179,2.770688360779328,-3.396409871225224,-4.307495921291404,280.3139245461797
255,23,5.774157984839302,-4.020255922624611,1.759951520579378,-15.10184148438093,2.276147471167759,-8.011139834066636,2.7720335966342717,-3.3901423390227223,-4.310283287704158,280.31376894156494
255,24,5.773888680868752,-4.00543356941701,1.7256793048623542,-14.899604525336041,2.272351849312523,-7.648967088758393,2.770786920686849,-3.4017089744452633,-4.308579217284467,280.321883903375
255,25,5.77338386691865,-4.006104452772157,1.737055101089,-15.515100152233465,2.277722452467694,-7.696713526581486,2.7719551085193217,-3.4088780073977025,-4.308667964012755,280.3181971897909
255,26,5.773795772755157,-4.0139379485860855,1.747039530149575,-13.786161782362324,2.2726683028436083,-7.939805427457839,2.77211404902438,-3.472227951953482,-4.308041917293227,280.3329645261548
255,27,5.77386406145482,-4.011854269068654,1.7317435429363943,-16.023830771145498,2.276321155070034,-7.58268893451145,2.770815311950444,-3.4394698746784624,-4.308260830696455,280.3208611995149
256,0,5.773764606713255,-4.003182427323565,1.7519120535648125,-15.442791197802462,2.2771575233947963,-7.9616119802418135,2.771598238625589,-3.4158222798823306,-4.31112940155753,280.3157540164884
256,1,5.774477613379918,-3.989405573010683,1.719208407139153,-14.87290034973595,2.2761135433029294,-7.724733309530382,2.7702086397029104,-3.498554399247498,-4.306421502624611,280.33016354218165
256,2,5.774192671095115,-4.020281821103182,1.7285811512015483,-14.53205645096718,2.2761673376790674,-7.85705528756835,2.770790789657465,-3.41568488328389,-4.308185579188807,280.3183366138503
256,3,5.774667013712061,-4.012794463997739,1.7391621233895656,-14.212041734965641,2.272199098357589,-7.847101583266431,2.771250822933972,-3.4720352349289203,-4.311432881963286,280.3294640047257
256,4,5.773908672571638,-4.017971325304141,1.6960341918526263,-15.409292205023066,2.2797483648245525,-7.567859026340365,2.770223967811582,-3.4360695922438453,-4.305660031348424,280.3240366238785
256,5,5.77434520832752,-4.02330992955745,1.7585660205271134,-15.64561951971166,2.276509346805373,-7.934677437654023,2.771610759084141,-3.425225214489173,-4.309052164810527,280.3174547401652
256,6,5.77470141702773,-4.017822644326796,1.7181703194799907,-14.648149478835844,2.2738636218557273,-7.709938370074622,2.7696804580712215,-3.4855671181286283,-4.309028762895965,280.3283856581784
256,7,5.773072729492313,-4.047522998887905,1.7452937750174935,-14.437162608023169,2.2808071524189555,-7.796831265979637,2.774920719965627,-3.379184498865313,-4.309309226716817,280.3224717074901
256,8,5.773456766772952,-4.020753436531886,1.7265787465428117,-15.968107139146877,2.2779674626519726,-7.614459763544339,2.76985128698911,-3.429106774342,-4.3053147617757554,280.32013031824073
256,9,5.773387209400288,-4.012855178078492,1.7468527918271843,-14.90318495150677,2.273862687486209,-7.794938374807961,2.7721934343838925,-3.3817590607574295,-4.308561692718021,280.3196991645748
256,10,5.773543665830894,-4.042620868666163,1.7234458279055618,-15.354294998692742,2.280275494476881,-7.639429817662883,2.7722310728348742,-3.382547547807252,-4.307059483689267,280.31692048498013
256,11,5.774092227125477,-3.9985894297323687,1.7537387182455486,-14.340432925956993,2.2755621456507917,-7.999275983311853,2.773520681901002,-3.413795502725471,-4.3108524028957635,280.3242330742265
256,12,5.77368482506295,-4.001497021035327,1.7273645925892493,-14.892453453597847,2.2773503405532316,-7.665017907179849,2.771828318449479,-3.3849268606753435,-4.307244315284325,280.3175670440387
256,13,5.774600169503042,-4.017699096235608,1.7266020349722824,-14.876867477667473,2.2793897292508105,-8.0446124693046,2.7714853458306696,-3.421440913699462,-4.3088338327178,280.31805112251817
256,14,5.7739730829006,-4.031021902494944,1.720589343609798,-15.127040984249625,2.2812982381376976,-7.678809972863545,2.7711612524663516,-3.437991312899432,-4.307081636030221,280.3207903216909
256,15,5.773992996484845,-4.023992588600543,1.7285963267904652,-15.446504765965015,2.278711262912084,-7.436250421137771,2.7706519005560035,-3.4197482831727015,-4.307077240382491,280.3171901505573
256,16,5.773637766522456,-4.0278778251834035,1.727380679998133,-15.459679693217554,2.2819669259182676,-7.459025471264592,2.770970723684796,-3.4846681532579162,-4.305370536374876,280.3279753495287
256,17,5.77374741657435,-4.009416921588966,1.7568511942113179,-15.313515287871024,2.271789057987046,-7.842800835242448,2.77154288443413,-3.452318978100075,-4.312922894291318,280.3247063332431
256,18,5.775442590764092,-4.0162559224100605,1.71583458522443,-14.822274600728644,2.271797054603249,-8.044540656757615,2.768421062162085,-3.415804922992242,-4.310505105098609,280.3205951593754
257,0,5.773438796693991,-4.0266369421343144,1.7239151058661708,-15.36243022728255,2.2790613301748257,-7.681026470217484,2.7714759750694173,-3.467772330135219,-4.306650272429483,280.32721761065727
257,1,5.774215093703338,-4.019453879351468,1.742578679448077,-14.53588156128845,2.275253160868137,-8.141352614272654,2.771738871631625,-3.396341283255625,-4.31019803912014,280.3169737950373
257,2,5.77362161063349,-4.0396141872872455,1.7346933768157142,-15.035985036796067,2.2817618758245186,-7.686042768613076,2.7720729460573583,-3.4059670829685578,-4.3050624981692005,280.3187643990984
257,3,5.773940388085142,-4.031981946763751,1.7622924491741607,-15.018196044013049,2.277169447997338,-7.914836439720104,2.7726597398701034,-3.475108183341927,-4.309890895380964,280.32536853710917
257,4,5.773945978458939,-4.007382061081015,1.7386820877896223,-15.114759918812437,2.2799472027923966,-7.732681655975928,2.7714391216170746,-3.4100455986053335,-4.308431989523295,280.31476048772896
257,5,5.774558215459819,-4.020812003116131,1.7493692895444355,-15.286185913084415,2.2771495955703562,-8.01302697975241,2.7711750462931155,-3.465486479836623,-4.3080555258962745,280.3226397217485
257,6,5.773837276364245,-4.03324384834101,1.758343704513147,-14.396784096749363,2.27850832137526,-7.983161088482773,2.77244000848647,-3.383992716472584,-4.309599162962722,280.31223892147034
257,7,5.774357076489525,-4.002995164392628,1.7139639881655673,-14.894481482285393,2.275817470853292,-7.653104667899081,2.7698648902607714,-3.4472137786524253,-4.308875392716359,280.3222213916006
257,8,5.773454517872042,-4.016821158803403,1.7416100318628684,-14.520549076223087,2.2788610116663577,-7.550635547008196,2.773199588811598,-3.4236635937066264,-4.307736352831489,280.3235399130249
257,9,5.774180703376785,-4.032667995172983,1.7304443338213327,-15.063663322087002,2.2792277215731134,-8.049532774351977,2.7709192074710143,-3.440545697014746,-4.3071278216773825,280.3199971675463
257,10,5.773806249436957,-4.00909226947677,1.7352857219093574,-15.708726963217847,2.277382570876266,-7.882728113734595,2.77091393002868,-3.4263559727767494,-4.308280513014381,280.3180016189161
257,11,5.775856932240662,-4.000068444514668,1.717281973537773,-14.875372351458878,2.2712359122570516,-8.180171044419414,2.76739769507334,-3.4353910555355283,-4.309834866860113,280.32336907681105
257,12,5.774205914684557,-4.030086151481338,1.7372309670419046,-15.231641406843005,2.2806050318703996,-7.902060414199493,2.7722168679258354,-3.4208868148833984,-4.3087196725580075,280.3178090322548
257,13,5.773515981775588,-4.017552491740906,1.7334789754315967,-14.994587498627336,2.278433444890142,-7.688664885647092,2.771760329878929,-3.3830927371734587,-4.307438501095512,280.3149182214072
257,14,5.7738243390020845,-4.019479371771916,1.7394856193740573,-15.40206413088155,2.2773774224340055,-7.9647189476084845,2.7709644457625395,-3.42470572026295,-4.309508524641305,280.31712444551994
257,15,5.773529572590368,-4.023664762584487,1.7173004915219496,-15.071167725201526,2.2781249641006687,-7.832636672021008,2.7715327038214017,-3.380432262092676,-4.307268655673427,280.316871051803
257,16,5.773764689201537,-4.038405508738343,1.7440166676941842,-15.119459622901656,2.281638811526613,-7.750760890524892,2.7728717204036126,-3.461959226564905,-4.308523368922894,280.3242065469657
257,17,5.7745793904010165,-4.006461012204385,1.742269236762698,-15.58265190484869,2.274923666122895,-8.038698202201031,2.770579521661606,-3.4588630896778585,-4.3110315226536144,280.32229721945663
257,18,5.773643727925212,-4.03043060509568,1.7607957659060895,-14.735994460325774,2.281830271463544,-7.8243300781111405,2.774582035947193,-3.4359370301489474,-4.309883034878929,280.3235958706184
257,19,5.7739662772123275,-3.9958532920412924,1.7305448841893678,-15.707252618947802,2.273329944384699,-7.740763844390314,2.770130020825347,-3.40367521380185,-4.3072231081106604,280.31899238437444
257,20,5.773597809988027,-4.007961119274217,1.7280157874802848,-15.726366220522356,2.2800657160802498,-7.648139682590164,2.770995875086313,-3.411055404007179,-4.306901298122872,280.3166923336877
257,21,5.77426208168392,-4.031995315581924,1.7302506782717266,-15.371690328252274,2.2784293071462183,-8.015988120678623,2.770718628087133,-3.3751567370783095,-4.310724970177804,280.31037319830796
257,22,5.774049145803423,-4.015275217950066,1.7358308025220108,-14.556408801657868,2.278511694442643,-7.963772331174255,2.771674861668335,-3.4137843599227695,-4.3084792050424054,280.31709540011053
257,23,5.774234156719031,-4.020441706736914,1.7510326116151822,-15.157526142379623,2.2737615766087638,-7.969717731121443,2.7703834553902054,-3.3943493603436865,-4.309393445891833,280.3135044052784
258,0,5.77435113112843,-4.028797596699844,1.7262801244703778,-15.354358776509308,2.2752982518433744,-7.836859070023135,2.769624804564686,-3.3977918510489338,-4.307105796619092,280.3151081699638
258,1,5.774146988556111,-4.017814706908729,1.7150533617084303,-15.274733240209208,2.280827956248122,-7.7985993796340916,2.770987582600611,-3.3815430097628747,-4.307081849390577,280.3129447757848
258,2,5.77467804496148,-4.015764921890643,1.691871206013961,-15.623028429064865,2.279300032620322,-7.55241208796945,2.768796776510104,-3.4278968943032204,-4.306049686396645,280.3203634083449
258,3,5.773291367478392,-4.016805249368821,1.7585843247150734,-14.640400033816642,2.2751530378944542,-7.823507719429847,2.7721041618571443,-3.441941385193267,-4.30836896871397,280.3231573104431
258,4,5.773621738795946,-4.0123351047052145,1.7129811865622029,-15.514517453304272,2.2780225033308175,-7.805528628357287,2.770592878268904,-3.4160340274975898,-4.306075284836138,280.3205587802281
258,5,5.773773369935999,-4.028876557137327,1.7212765993372534,-15.795241671904115,2.2765738328829235,-7.500000102978644,2.7702216356692038,-3.4593813783420617,-4.307797000356878,280.32401927639626
258,6,5.773416074338466,-4.0257913102082465,1.7052103309057662,-15.438159544093995,2.279752728073589,-7.601194477822125,2.7706048695883823,-3.3897803131438584,-4.306182196906114,280.3176154036266
258,7,5.773424676568573,-4.01525022680421,1.7331001672975852,-15.012708315121,2.2761445935151015,-7.541158142483909,2.7722299319701076,-3.428932394685658,-4.3083887574562585,280.3242165695282
258,8,5.773337971950825,-4.023439155784154,1.728269548262376,-15.248362120809942,2.277500422463532,-7.653425712845716,2.7721505724702475,-3.4007727133963868,-4.307108169886804,280.32113876824945
258,9,5.7736116713727625,-4.036782150823232,1.7502289162897366,-16.078619938685403,2.278011455160468,-8.018293775380378,2.771492542132066,-3.3752395864189615,-4.309663568288879,280.3099163365413
258,10,5.7740933228740925,-4.020546193796405,1.7027152850542655,-16.077914905644942,2.276389386015481,-7.565844520639921,2.768828324520745,-3.403149850844489,-4.304659343856142,280.31897231023356
258,11,5.773814540851977,-4.021242797467534,1.7340669560302315,-15.204225978831008,2.276828977964125,-7.629987597933418,2.770139710435727,-3.4166909080530643,-4.307430398547682,280.31621262296676
258,12,5.77446145363997,-4.030066246030952,1.7418565296956106,-14.349288663952422,2.2776167393637348,-8.087918439808771,2.7711279601736782,-3.401233064281189,-4.310303020095879,280.3136888374803
258,13,5.773162110053299,-4.0096289865286545,1.7878105750965188,-15.102936540809733,2.279386001499875,-7.684706283866527,2.7736709296691924,-3.3876316817259955,-4.307729297807623,280.31502783010427
258,14,5.774348943392971,-4.047092178134649,1.7355702621980997,-13.712721304341533,2.280633180332289,-7.946397182466267,2.7718295912741664,-3.43454911617309,-4.30781413036034,280.3193637816732
258,15,5.773084679383205,-4.026021100344223,1.7400872920292716,-15.0688830075125,2.2774630032740033,-7.674260436045202,2.7712978954135092,-3.406924835199748,-4.308186080221005,280.3169264380615
258,16,5.774688960884626,-4.036768828081512,1.7324880558497304,-14.207197401568722,2.278670526490247,-7.9765469785240555,2.771588625349432,-3.3983331075681886,-4.309259226744435,280.3151490695851
258,17,5.774280236300611,-4.020212640553511,1.7226991073830311,-14.833901877704909,2.2777135747689883,-7.807456972552183,2.7710178944296002,-3.408045370279428,-4.309291968905963,280.31674715522036
258,18,5.774106205367074,-4.036223175856368,1.7316086856932242,-14.657246099142352,2.278572404819519,-8.34111477516233,2.7723139745065706,-3.376034084749031,-4.311051848409886,280.3141833347671
258,19,5.773441506653065,-4.032361703869883,1.7449043786227738,-15.087775178305879,2.2812038325591493,-7.703393900873476,2.773478360355626,-3.4327427608859646,-4.310202980250603,280.3223276407957
258,20,5.774418725685462,-4.035988966078272,1.7578106117746009,-13.975770303941923,2.277493778618048,-7.999877955334667,2.7703118342585418,-3.42248787863231,-4.312236776575232,280.31520465405026
258,21,5.774170726973125,-4.038840250043782,1.7454261771526731,-15.274911719368202,2.2788764362032006,-8.027178867784961,2.77182064221851,-3.4039809209131042,-4.309487594863925,280.3144990639554
258,22,5.773574801527672,-4.001851608866725,1.7243980914306691,-15.22504868306843,2.2760805470374237,-7.889915704107977,2.7715867365259297,-3.4156244145192614,-4.308154831486708,280.3216570144835
259,0,5.774256677313155,-4.027308867132932,1.7250550793020067,-14.551628312747864,2.2767021076212903,-7.860754250901153,2.7711384544018256,-3.421676874825181,-4.308984063609681,280.31962306146613
259,1,5.774359309093715,-4.002527440304901,1.7081806235947594,-14.964814516490927,2.275497539512238,-7.900660679653859,2.770726060906317,-3.4543977188645982,-4.309170268024431,280.326189427445
259,2,5.773469440106987,-4.010970102651215,1.7813180273211717,-14.157143599693189,2.279460977333302,-8.069511389397858,2.7745110932574804,-3.3913021926480886,-4.309695828750074,280.31765417785255
259,3,5.773815771111183,-4.02486438601083,1.7524322218753707,-16.11739548871336,2.276651915101489,-8.237504646838017,2.771532994235544,-3.4432646081184353,-4.311132575253559,280.31980713266086
259,4,5.773756423388953,-4.066759729508948,1.7430267005996747,-15.55916118089253,2.2830065510998057,-7.937129279328605,2.7715955354131863,-3.45190550544481,-4.307920623649963,280.32159427789793
259,5,5.774238058588813,-4.041655732272392,1.7286167108111046,-14.805743770921739,2.2808427063214496,-7.831637753373887,2.7718296023138533,-3.4558974000525002,-4.30980098004417,280.3230501841015
259,6,5.77347696049452,-4.028909757071227,1.7514795335048363,-13.9595935145859,2.279778517254723,-8.00392205664062,2.773327650265604,-3.453187422528253,-4.309667105587332,280.324241251441
259,7,5.774773188073788,-4.049818587400146,1.732854130634107,-15.390780051843889,2.278207442817521,-8.182927020199422,2.7697813349166074,-3.434086077017872,-4.308230820120333,280.3171970085681
259,8,5.774080895854002,-4.041079322925907,1.7435895366169623,-14.283151414266927,2.2801527258486893,-8.172825659564877,2.772257532091891,-3.3826877420793404,-4.309834906484077,280.31211972699066
259,9,5.773181323460115,-3.9993167221588544,1.7474211216294615,-15.357284816476897,2.2793413589200155,-7.783300148037988,2.7717109953664654,-3.416730847693029,-4.306541781512893,280.3180077881776
259,10,5.774756797592999,-4.017273794917434,1.734210065617207,-15.440761499532755,2.279654156809193,-8.016871412605395,2.7713065578128138,-3.416667411255389,-4.308320268079926,280.3160401112899
259,11,5.773398101626991,-4.045472417146947,1.7624854183444698,-15.71324580967186,2.2782278764087813,-8.210631733511848,2.7726543644139547,-3.3807858573795917,-4.30985183477168,280.3125454743225
259,12,5.774450740937842,-4.027899396787954,1.728378420811228,-14.343187291492866,2.2729091884142507,-8.262513728681304,2.7698324625005872,-3.384613514722132,-4.311301490434157,280.3144419881914
259,13,5.774367707069448,-4.015924605435001,1.7398926555251124,-15.134012535219748,2.278529024155611,-7.992663858338633,2.7704851304226445,-3.3730875153108593,-4.312959741378215,280.3102896108388
259,14,5.773444998753141,-4.021317313444754,1.7248988784992174,-15.733794324249924,2.2804117802461947,-7.670485314365284,2.7714552500118375,-3.399941479415986,-4.305863402908559,280.31770382979556
259,15,5.7737832738595545,-4.026214103478816,1.7261343295239922,-15.511870553530754,2.2781643192269305,-7.751874649546583,2.7714878285693714,-3.3837960478397395,-4.307882043233545,280.31494184138904
259,16,5.774492423640921,-4.025021682343112,1.7270119507903823,-15.2162632579431,2.2811661277240685,-8.014780466859424,2.7718157753340416,-3.3907768152048847,-4.308403328316013,280.31362211684643
259,17,5.774269887559983,-4.023811322819497,1.7327176034073122,-15.100571015403533,2.2753857283017975,-8.048075951720039,2.769969683217565,-3.3895624466114307,-4.309385656683508,280.3123333687094
259,18,5.7729138610211015,-4.014001326019992,1.7387009040786645,-15.940037055660936,2.2789295490165737,-7.375726015202139,2.7722259665026905,-3.472125465701685,-4.306250885191452,280.3292474337149
259,19,5.774477695905107,-4.034608090930183,1.7511163135648038,-14.888513319172425,2.2791853167337126,-8.173845730751971,2.772825796857639,-3.377304613450042,-4.309250496490222,280.3135951086383
260,0,5.7724905454998305,-4.038301120478728,1.7720702614658566,-14.971722457962574,2.2813906221390114,-7.823079595740235,2.7742324073902886,-3.382840129715906,-4.305518582043287,280.3213928849111
260,1,5.774926256418623,-4.0425867187185345,1.7204556583815778,-15.64112105668401,2.2841966728216447,-8.229314399388244,2.7722541506767047,-3.435753223206332,-4.309903343461819,280.3212834389083
260,2,5.77475754407895,-4.021179957454005,1.7538766434016093,-14.304688259960553,2.2737503179086076,-8.14582581892429,2.770192882323723,-3.3690208929065513,-4.311021020495817,280.30956383876145
260,3,5.773836903825643,-4.01768950074812,1.7290326271093968,-15.401173372008166,2.280341750283651,-7.853421533914413,2.772941196822628,-3.4371173204549703,-4.30578495492111,280.32662512443864
260,4,5.774855118684478,-4.032604512055234,1.6762931029206365,-15.235156382275724,2.275357787793491,-7.547426146908761,2.7681528196336602,-3.386776900484508,-4.306690208791163,280.31852542034136
260,5,5.773591420622224,-4.033646410852704,1.7621232974279768,-15.698053194906038,2.2778444545770995,-7.961150478982308,2.7711858522990687,-3.3831807099256537,-4.310478134345454,280.30910783716234
260,6,5.773076641897793,-4.0153219187348865,1.7610706370553795,-15.8626789179158,2.2794754653472458,-7.834064588123691,2.773442941628964,-3.4566121268484977,-4.3076220327770445,280.3259634144047
260,7,5.774379731045469,-4.033488798337416,1.7584945971256594,-15.228402454335162,2.275707970232134,-8.26653720845976,2.7703063282734237,-3.438601025215648,-4.3105172674698755,280.3168051236039
260,8,5.773834817229758,-4.007015131128686,1.7501844686234138,-16.073042944044275,2.2775218177766665,-8.083240715469467,2.7712887969423203,-3.389204482570153,-4.312826814326837,280.31260482999204
260,9,5.775024162184627,-4.028895939426664,1.7403715721900883,-15.25441650646939,2.2786137283325254,-8.198357157105066,2.771005263351146,-3.381785707989981,-4.309425218108472,280.31068053360895
260,10,5.774168536796373,-4.028647108303763,1.7330130202556413,-15.3541614004249,2.2824199341225166,-8.082961944182815,2.771791408350315,-3.3680752952385244,-4.308586207217033,280.30920372617976
260,11,5.774377338677047,-4.005032128648281,1.7413310529239137,-15.433941517852505,2.2742276846672205,-7.896626037339381,2.7692968772636752,-3.42596997191086,-4.308644946090815,280.3161795768667
260,12,5.7743663762770865,-4.041593903450381,1.7380849478352858,-15.495616927926541,2.278498158528294,-7.998670083860786,2.77006251909819,-3.389079332270298,-4.310551086379777,280.31060573452294
260,13,5.773038025669251,-3.9978986304161293,1.7259105039783662,-16.008591550999398,2.281240059491445,-7.610772704698662,2.772162971366903,-3.3852643183208957,-4.307198165223326,280.3167624228884
260,14,5.7731878542302635,-4.019025543399728,1.7295518425861338,-15.971264762558269,2.280457333536426,-7.786689218809334,2.7706379775600016,-3.3985917589535224,-4.305610538266979,280.31603445637893
260,15,5.773293030523055,-4.01208417608296,1.7211239041349546,-14.767208313459095,2.2812169360958516,-7.6848350583114415,2.7714589794124107,-3.4527955896505373,-4.308143198327362,280.3247759610509
260,16,5.773493328484842,-4.019014782881979,1.7386819447084363,-15.453494898101836,2.2807202512781943,-7.868110212727795,2.772661807765408,-3.4163074867055507,-4.309175375261668,280.3188411077075
260,17,5.773978718978624,-4.032390298146138,1.772053804874992,-14.837495449753868,2.278078409304193,-8.207570316125492,2.772289798099906,-3.36977521910036,-4.310800841203025,280.30840240691924
260,18,5.773335079962416,-4.004948688401755,1.742686317126235,-15.802259773218355,2.276928547502486,-7.824756649361488,2.771387011390222,-3.4823025308358506,-4.309994779152782,280.3262184798173
261,0,5.774315484671055,-4.037280185321967,1.7465965151355203,-15.414261194900359,2.2808479310642884,-8.15114328031402,2.771870390872779,-3.374307458758782,-4.311307143435681,280.3097519997371
261,1,5.773630479767959,-4.02256354365768,1.7787482201897158,-15.33125386550735,2.2810199679843586,-8.075211936734693,2.7739424466097984,-3.448125686589264,-4.311700000934425,280.3216399754749
261,2,5.774970358194127,-4.0239861718287635,1.7144329204790747,-15.735414004622944,2.2825801855713914,-7.996959298937995,2.7698336403265484,-3.4133423422440763,-4.309731291329883,280.3165822088276
261,3,5.773372719009864,-4.022403817764802,1.744920796682611,-15.907455490303127,2.2806558145023086,-7.993588218996259,2.7723867234519397,-3.390957312450264,-4.309515790267844,280.31404568976643
261,4,5.773039879641524,-4.01827112008975,1.753013210410517,-15.65896301349558,2.2788588082231147,-7.883261225681764,2.772163836505267,-3.398159665186462,-4.309235732334894,280.31488353796533
261,5,5.773889326104841,-4.025569755261707,1.7317309953276612,-14.90680182277731,2.2812081909797177,-7.5879257163825935,2.7715100484593056,-3.38048835424426,-4.305387223491518,280.3134786305393
261,6,5.773521590390877,-4.026145165371905,1.7484443414423292,-14.76766651174869,2.277988968187384,-7.754758005586828,2.771618189661485,-3.4035899682183013,-4.310155008620975,280.3144715399096
261,7,5.77425400435865,-4.032632734607805,1.7603962189442632,-14.742981302517439,2.2797891338357847,-8.160808249940136,2.7720161401149683,-3.3773696483549442,-4.308780152271917,280.3091331241234
261,8,5.774406685198428,-4.039399518259703,1.739009040277793,-15.85218572885165,2.2793818155755288,-8.135803673553632,2.7703996024637605,-3.3707304952026487,-4.310804164854176,280.3079871469087
261,9,5.774482321814552,-4.020741560014989,1.7518694236507248,-15.242713018670212,2.277094939775347,-8.292158672137987,2.771056336043998,-3.4351555894509564,-4.311873456248781,280.31792121409353
261,10,5.774327491805381,-4.0396589448517375,1.7129628312763137,-16.095795578667566,2.2789479512641466,-7.74713809173897,2.7684128938862345,-3.4102265580366438,-4.307010058845812,280.31526745103827
261,11,5.773942446816281,-4.0151604368401435,1.7735690940867195,-15.783026240213482,2.277773298332759,-8.034049692926173,2.7707944229286183,-3.4016697980955706,-4.310251668914685,280.30961895113643
261,12,5.77477785820854,-4.009469209045674,1.7466732004761147,-14.97603241248498,2.2731772546122797,-7.7997421876499216,2.7698354543592725,-3.4982943021161073,-4.310725398098165,280.3274508577856
261,13,5.773003976071767,-4.020275431465486,1.7742638157995139,-15.094373961819768,2.278942987889792,-8.010342823354744,2.7730186853086263,-3.3916928856148334,-4.308452093827346,280.3144044074898
261,14,5.774722677702589,-4.010748037458703,1.7175984872399859,-15.144671656620861,2.2792085738221317,-7.817847245484226,2.771541688081056,-3.404041089074913,-4.308630250322958,280.31732706617083
261,15,5.774617792513294,-4.025819355807576,1.7427567905127,-15.519173009330215,2.277924814914497,-7.963531420544002,2.770620348685702,-3.3971432505397425,-4.309079149812174,280.3117656354866
261,16,5.773919564551407,-4.021553937697405,1.7654751959183468,-14.603654241854638,2.2791731159801514,-8.083826225173981,2.7731479071558307,-3.4147081422902033,-4.31113132262958,280.3168175683626
261,17,5.77347941200607,-4.038788639167734,1.7545138952135024,-15.914000016958436,2.282317118829139,-7.955332388773935,2.7708786166870163,-3.3841800067611696,-4.307057463340301,280.30964529870744
261,18,5.7745971720175495,-4.016803139115003,1.7564892727811867,-15.073268900706468,2.2766347172835513,-8.252620378002788,2.7706987175377193,-3.384713749972845,-4.3121272127898935,280.309972449504
261,19,5.774287026140123,-4.0502352863548445,1.769483477051797,-15.141656324978161,2.2754503511362114,-8.451995411992465,2.770650429156272,-3.3729394783435644,-4.310700458705678,280.3073349584012
261,20,5.773749882814498,-4.0340710352138025,1.7320916000478257,-15.714499489019204,2.278270473418144,-7.905705961145204,2.771214254877801,-3.4141584676024372,-4.308473598467857,280.3171182286299
262,0,5.774174616607473,-4.063535075096928,1.7745845264022502,-15.276408383251107,2.2775138149864036,-8.239129977216603,2.77082491374845,-3.381390850402417,-4.311440967707221,280.30754146824904
262,1,5.774568631533929,-4.0131127510111275,1.755244199062938,-14.492043193150009,2.273171102799599,-8.184768871786089,2.7700189688190426,-3.379869371512766,-4.312565422151993,280.3108320265262
262,2,5.773343305660451,-4.04668778184696,1.7679773184060301,-15.916272046761156,2.281058401235264,-8.135059818225022,2.772446519761649,-3.3892586332790806,-4.309292088799733,280.3114288943266
262,3,5.773688332472085,-4.036387191956438,1.7601212387240186,-15.414698512848526,2.282140400777253,-8.125058154225032,2.772837414586807,-3.4292405048717978,-4.307082709790832,280.3185403722871
262,4,5.774253239097092,-4.052952277773603,1.7981597838842318,-15.362763011400753,2.2808141520927285,-8.613052825117638,2.7728463918806243,-3.3784296160479843,-4.3117211262949855,280.3077831320092
262,5,5.773916914332568,-4.056428272628547,1.7649809538357144,-14.875337615448204,2.279833689445888,-8.284580379567334,2.772112473361096,-3.3919089351197647,-4.308172818672698,280.3115200605648
262,6,5.7745369494491685,-4.005890223893465,1.7306913628288234,-15.49908657732789,2.2730464662740157,-8.074127651882856,2.7701542353686985,-3.397043079373474,-4.311889809699535,280.3164767680277
262,7,5.7745812680557815,-4.042639734508488,1.7029644120733891,-15.851607310024301,2.278518842473118,-7.792289546425501,2.7697930641122563,-3.392299513639065,-4.305814434362149,280.31620512214636
262,8,5.774491339377289,-4.044691453847674,1.7534599804928424,-13.807867232910041,2.277199045761335,-8.31498928158429,2.771672981158513,-3.4180034664336207,-4.31162884763585,280.3165558090173
262,9,5.77453302983396,-4.026768672534862,1.7622688073309698,-15.262073189522237,2.2758302277208524,-8.306462804949296,2.7708058804164453,-3.3855760842974503,-4.312972593566575,280.31081879568796
262,10,5.774447278845745,-4.032752416111046,1.7905123049136942,-15.26579309291468,2.2766852665877257,-8.420329524493827,2.770192055749303,-3.4170054483989,-4.312769724897855,280.31253457362004
262,11,5.774403872499258,-4.019457453477288,1.7277394052818336,-15.34195332365086,2.2783829918275047,-7.920349300753789,2.7705727937081375,-3.3938615026043912,-4.308844259143897,280.3127398800519
262,12,5.774683901003638,-4.036577823484753,1.7543092498423754,-15.174561535138286,2.27999493360368,-8.223732268790588,2.7702533421338154,-3.368757716102611,-4.311612327186638,280.3065231854272
262,13,5.774656469137461,-4.014371277276401,1.7219509380141642,-15.38341109541428,2.280923013447857,-8.292432793296705,2.771890038869869,-3.4064124354723924,-4.309494291429541,280.3165624973393
263,0,5.775908639379939,-4.0241736242189425,1.7445720250397954,-14.626083080738814,2.277147518039702,-8.553444285509403,2.76900953074314,-3.4111671076617247,-4.314813036554491,280.320111539304
263,1,5.774398610513708,-4.030960359294156,1.73483680610169,-15.673684625113859,2.275830815507268,-8.14398647270353,2.7696435390285985,-3.3754009686128215,-4.311020412356351,280.3093989552578
263,2,5.773379584742029,-4.067461936747029,1.755382057443225,-15.970919604773309,2.2772375582654414,-7.908764468069111,2.7703181541722772,-3.367871698621896,-4.307898551580256,280.3074202947204
263,3,5.7747633902323825,-4.042684021399786,1.7946048044526264,-15.017380511094423,2.2796309412378637,-8.109787308679367,2.7710110009486666,-3.3881665320603767,-4.308670734928968,280.30653514636657
263,4,5.7738622141367,-4.06504118063297,1.7904203989896696,-15.517726538502798,2.2821188653502764,-8.253557010061503,2.7718282954202,-3.3811101556712786,-4.312004259741495,280.30861631246324
263,5,5.774364976478841,-4.058224017478996,1.7438869963161012,-15.558655779046253,2.282143457680339,-8.225725645271746,2.771079838782222,-3.429358690625624,-4.310726003391186,280.3177282870787
263,6,5.774719988597607,-4.034929487148652,1.7463192494005548,-14.876115687252673,2.2792335219032744,-8.297583103183756,2.7709263133427156,-3.3753156775099367,-4.311464285435685,280.3088077192589
263,7,5.774345952484358,-4.026586331579287,1.7405550191583892,-14.61178263186854,2.272441718882921,-8.169278431513197,2.7692821093550224,-3.449236225249949,-4.312088156820663,280.32145373096637
263,8,5.77473309471998,-4.037807196355706,1.7792288317327143,-15.630988650695578,2.277308091593032,-8.534305782060528,2.7710270437117623,-3.3702063363330836,-4.313856658517776,280.3079265035966
263,9,5.775164246576042,-4.022596810133256,1.7716661997516019,-14.778252686601501,2.2760618973841016,-8.487128006076883,2.7701066444806113,-3.3900260447009245,-4.312510599756739,280.31012325008226
263,10,5.774091975278088,-4.035267027744688,1.7869306858089875,-15.68301598279239,2.2772534909165225,-8.415394890272612,2.7721962606365804,-3.4099883027415587,-4.312433298404134,280.3134054208545
263,11,5.7740950955416315,-4.03326135894582,1.7527252799910908,-15.18654351813909,2.2770461503674273,-8.156645519378015,2.7712140841340287,-3.4030699744112134,-4.307974564432265,280.3141541028964
263,12,5.7742160654870185,-4.056307710131156,1.7726799396555912,-15.334922626268478,2.2768929284917743,-8.317041287340505,2.770498458709819,-3.4233728812475235,-4.312354940003179,280.3145686650257
263,13,5.774714065191548,-4.03060755376868,1.71796933782649,-14.912574882148835,2.280599440609138,-7.935258614854167,2.771513421105677,-3.421169547844871,-4.306245576133752,280.32012651147664
263,14,5.774592844653589,-4.021362506447908,1.7421587598026749,-14.9525217709237,2.2723987712438514,-8.06868318753114,2.7704376642596387,-3.420050856033254,-4.309807594021431,280.3204541850806
263,15,5.774204273065138,-4.036237194683464,1.7888788799480626,-15.078382948142412,2.275080663707384,-8.479330568609626,2.7717132027552625,-3.406491782529668,-4.3128725072005825,280.31337568317565
263,16,5.774389673478641,-4.051840906728983,1.7956520387342432,-15.01974389055874,2.277136877848512,-8.424218617917012,2.7724745160709268,-3.399096645701786,-4.314123172959958,280.31353735027545
263,17,5.773885240471603,-4.043648904407127,1.7719993325476733,-15.557847581726907,2.282771485658856,-8.099121042704086,2.77118349069967,-3.419017661338973,-4.308820469032984,280.31325613578036
263,18,5.775251779576093,-4.045236790116788,1.768022139678781,-14.359665245383068,2.2774117237878264,-8.30443740495021,2.7716208852934594,-3.3799268530212454,-4.311253927456266,280.3109710326683
263,19,5.775127503618677,-4.044178218665264,1.7510861218972358,-15.866244377395475,2.2824738245979734,-8.490596549899951,2.7704664202606795,-3.3868272702517577,-4.310569254427621,280.3092834687967
264,0,5.774179862999713,-4.059851110377099,1.7711745605220377,-14.968527304121004,2.2821828274929334,-8.357526666685471,2.771595760338813,-3.3731207982703872,-4.3103621710902384,280.30641735385086
264,1,5.775980656790989,-4.044121499375233,1.7331265915998195,-15.402463097894858,2.2730005288952295,-8.063768905463618,2.766446123313375,-3.3924830306863836,-4.3148613017018285,280.32082937207105
264,2,5.774547071842477,-4.044374994584509,1.758662109933067,-14.881303227154206,2.2808086038426736,-8.140186785609782,2.771518651657318,-3.402853498775735,-4.307800526613918,280.3115613579852
264,3,5.774163974458877,-4.021464251593684,1.7460454815562667,-15.09374008301561,2.275767816592165,-8.06169552776633,2.7699336432249524,-3.4162283271711273,-4.311673591445374,280.3148492017606
264,4,5.773547052784577,-4.039239977713623,1.8016085377426456,-15.308645539717212,2.28018869031035,-8.137728511848636,2.771884765982176,-3.408936843725056,-4.309353810671528,280.31041917814144
264,5,5.774178207583043,-4.0388400346206526,1.7540079105310722,-15.38405885830943,2.2739935144157695,-7.813978159643408,2.7690389597594454,-3.4070646521110177,-4.30839983467218,280.31233586787914
264,6,5.774370795042724,-4.023561520430275,1.7646552354070888,-14.995147835743294,2.2752450737233407,-8.237024881930116,2.771177941247054,-3.42809936379202,-4.313160570748858,280.31757762047596
264,7,5.773159830665239,-4.043196177416711,1.7408870764412177,-14.773055754272887,2.2766490704543525,-7.764061527377008,2.771248323864913,-3.4158814986857653,-4.307396205112033,280.3190949547793
264,8,5.774958460130786,-4.044710635782991,1.8143583814834823,-15.182317026527127,2.282287004598029,-8.612804368401417,2.7710033102407547,-3.40800836386174,-4.313516480344781,280.31410507551095
264,9,5.775103976845213,-4.070174688395816,1.7736089870280274,-15.202532580487661,2.2818029709739713,-8.473028988415852,2.7709238023194094,-3.3984412180130907,-4.313941643480231,280.31466329904146
264,10,5.774619003390799,-4.066401626436152,1.7993253909169724,-15.090635802732752,2.2817632493530597,-8.508647715984333,2.7706056326308435,-3.3840725614894684,-4.312703278394724,280.3090784125795
264,11,5.7751274665785735,-4.035512237176705,1.7399977013761059,-15.454601901263828,2.276042028079192,-8.30351919025569,2.769237370899588,-3.408840007909745,-4.30960176297164,280.3134136389735
264,12,5.775353586674485,-4.046439875365102,1.785436472308922,-14.339291625311658,2.277189819007638,-8.698584503411222,2.7709694757550025,-3.3964731125030587,-4.311605651737032,280.31099794553563
264,13,5.774294344933774,-4.076343221375484,1.793119912812958,-14.583077232112611,2.277873064149955,-8.446864473196927,2.771980953334619,-3.3788466597204097,-4.311940230390768,280.3080437471687
264,14,5.774739181249065,-4.049829516564985,1.7318412937773084,-14.685835085157606,2.2801839406549504,-7.90588499979915,2.769647333098835,-3.3882675252154906,-4.307843150502702,280.30961965829556
264,15,5.774237972543206,-4.053249829829382,1.8010933945426364,-15.798936485715105,2.2797974355237858,-8.415527562593567,2.7708914590875544,-3.3736993236030894,-4.309663749969572,280.3034993187541
264,16,5.774259415533061,-4.068687871244466,1.7721799050990843,-16.080944697873413,2.284302065989916,-8.184734667766323,2.7709072666454984,-3.4269470679268,-4.307499831811593,280.3144026212447
264,17,5.774852122073993,-4.0362488321856675,1.774537136849671,-14.963864912530724,2.2767228537360817,-8.586394604195302,2.7725890219737814,-3.3828030456279556,-4.312482746958716,280.31368621446626
265,0,5.774585528147407,-4.052961608508252,1.7617987363145462,-15.617544102691362,2.2822846302440603,-8.274563254969465,2.7712516525488415,-3.41147497164773,-4.308371210694355,280.31168181108274
265,1,5.77516981873284,-4.067275008964481,1.7508342562719794,-14.660769430971722,2.279467386569431,-8.582623999037708,2.7703856842088417,-3.3872569662971372,-4.313995457179053,280.31367992078555
265,2,5.773603305950932,-4.063359867235257,1.807730693457988,-15.775203547812437,2.2901605875713846,-8.351530157072968,2.773197019866925,-3.405307672722256,-4.308419738963547,280.31666026316657
265,3,5.773249666820631,-4.030976760132666,1.7381070770906797,-15.947160660706828,2.281541129268451,-7.578696026470395,2.7705716626976975,-3.4059553332939467,-4.305301625522602,280.31599252885337
265,4,5.775007031632807,-4.046284824336243,1.8232725494307505,-15.037910364979854,2.279574859345659,-8.544696940700241,2.771111046397214,-3.43642666994749,-4.314962239523282,280.3197940187806
265,5,5.774856683520926,-4.065373279432402,1.7830719653127678,-15.359053335686195,2.2798115788941975,-8.22418574416248,2.7699665343088378,-3.369536172929618,-4.308674759436549,280.3031012025392
265,6,5.774983153885759,-4.038631811579865,1.7451781671343973,-14.192737011010818,2.278761101041651,-8.24222983036224,2.7705852872830428,-3.393528717168744,-4.310041800180839,280.31087411193596
265,7,5.774035935682268,-4.070183784983393,1.7931489626651222,-15.45234200504549,2.284926393146533,-8.344463624156228,2.771748753560259,-3.381298718947595,-4.308454919865071,280.3068671683137
265,8,5.773431582940566,-4.04723068795013,1.7729301574551002,-15.123198492878993,2.2730348712767054,-7.969919114108746,2.7722630485823556,-3.4255233012988935,-4.309991556476966,280.3216716685553
265,9,5.774123830605684,-4.022771949002142,1.7494186350471637,-15.70585849273463,2.277119588123129,-8.033939062410935,2.7692022792710125,-3.3694897994151036,-4.310680070521754,280.3059814570035
265,10,5.774202113872128,-4.0761206665903895,1.8311354308101133,-15.320118020775093,2.2795910059517936,-8.671922064655922,2.7716661998179726,-3.3690542453103154,-4.311170289395051,280.30376972012726
265,11,5.773940872799024,-4.0582012344980285,1.7574192956514945,-14.584320459977567,2.275430584502783,-8.142043070647581,2.7708912885855934,-3.4153197222265597,-4.310519408410786,280.3150156777248
265,12,5.7749210980002275,-4.069101314705165,1.78111348981915,-14.489289253682138,2.2801421542214877,-8.420634559998309,2.7715425641090468,-3.385394496619039,-4.311272230454741,280.3083109839012
265,13,5.7742294189450964,-4.080865153446202,1.795025271616503,-14.388516568913591,2.2793138280770915,-8.575453275110217,2.7706666796178623,-3.376902125248653,-4.310556942358981,280.3048611455416
265,14,5.7747515636442275,-4.067158216125119,1.7699496044650993,-14.754698341626362,2.281592666274431,-8.244092190550246,2.7703762769238467,-3.3896119179648703,-4.309910384491111,280.30790153180374
265,15,5.7732365492625775,-4.0616957805623795,1.785098457097855,-15.377128718575946,2.2846403041177186,-8.028469801686164,2.7718218768069756,-3.4363605657304133,-4.307852570036426,280.31841562666875
265,16,5.775336590333029,-4.031835646682848,1.7431508348069107,-13.907278459265537,2.275075674228051,-8.331691371296397,2.7710927317697873,-3.376466377219084,-4.31196012493932,280.31450723097123
265,17,5.77446177950126,-4.050944018425744,1.8094491424479027,-15.148996499121273,2.2839998932888608,-8.614008988000785,2.773011649173821,-3.3890633353208264,-4.311622484733951,280.30918685385126
265,18,5.773898831385835,-4.082171200115944,1.8105251214721263,-14.086826737830336,2.2851856274183246,-8.401423522227116,2.7734925642180914,-3.404823030940508,-4.311360183087288,280.3134834823135
265,19,5.774080652610165,-4.056282635957222,1.7613703348172831,-15.531734261217663,2.281311832323691,-7.874792903762878,2.770267284276363,-3.395897547022326,-4.305203037538614,280.31015168798274
265,20,5.7755469583464105,-4.0504179134153615,1.7653243088071073,-13.95994606960638,2.2763060746975228,-8.693471902681818,2.769600243913962,-3.4154858891025324,-4.312822814258889,280.31536640529384
265,21,5.774925419254413,-4.047557555101054,1.7756358520139601,-15.673627645972111,2.2726445680548517,-8.306726921112839,2.7686197808730664,-3.424895580362478,-4.312452834891189,280.3154633326117
265,22,5.774984355188872,-4.087817758679489,1.7691155023204241,-14.536843316384655,2.2835530211970885,-8.38745609396791,2.7710913190970783,-3.3679438974382183,-4.310984655042805,280.3063205532519
266,0,5.773240319086979,-4.053350861278704,1.813940559486699,-15.944778109677753,2.2838455601916277,-7.980115270343071,2.7718990142574897,-3.3825172399516696,-4.310045853931063,280.30854309446397
266,1,5.774063555700818,-4.042587943218126,1.7964196832494297,-13.616168335900474,2.276182800996748,-8.29699642463181,2.7722926231044145,-3.408711953104975,-4.309822303387874,280.31404502726247
266,2,5.776603854869148,-4.043565232673405,1.7826965615550168,-14.416268201001815,2.2784608792597987,-8.936756199643154,2.7681654893180085,-3.3976200544875597,-4.315319718420607,280.32086917514306
266,3,5.775072465935505,-4.042683187010822,1.7715311630684958,-15.760229364811886,2.278594460699423,-8.244559761203991,2.76888167677482,-3.394250143026445,-4.310701256400639,280.30858144916994
266,4,5.773820586878554,-4.077318397872709,1.8353969995271646,-15.198588251293472,2.281835119442552,-8.656989957105298,2.7741960624110127,-3.3688997552257134,-4.311300307996705,280.3079022957864
266,5,5.774209658198636,-4.042704720975384,1.8006780695571427,-15.904336054418206,2.2796539982609065,-8.30007600499089,2.7708312036787004,-3.420520011958804,-4.31167405863154,280.3122668772488
266,6,5.775023690058874,-4.09015040511025,1.7909771917574684,-14.731749070925115,2.2837506478058933,-8.41988495693702,2.770656091395631,-3.3922821909668266,-4.309836002174703,280.30843828220804
266,7,5.773814346944393,-4.0485324261524696,1.7217976711415355,-14.932351414232961,2.282976907508116,-7.968536174971647,2.7729142936144284,-3.3996093645987644,-4.304830161684781,280.32185258805157
266,8,5.774605539066434,-4.086037121321564,1.8502691841346997,-14.677793060363392,2.28532512024749,-8.614139646831754,2.772437219099518,-3.4019919107654886,-4.311326909053961,280.3126339787358
266,9,5.774493904668897,-4.069218254247835,1.7534323855710958,-15.177594026888633,2.2858786387644896,-8.488429716829614,2.773002094476085,-3.3873609850748334,-4.310056946667887,280.31228715292923
266,10,5.774630963735905,-4.047949687425365,1.775993315586526,-14.785245264972305,2.2777661410330925,-8.249831381688466,2.7700449297039147,-3.4031817888753118,-4.311015095348719,280.30971225350004
266,11,5.774153203630692,-4.065642015179861,1.8040662243273344,-15.701689945011104,2.2810307196288124,-8.24042292906891,2.7699153739375415,-3.369836886992652,-4.306824094939955,280.302638937346
266,12,5.774288383267576,-4.015453064525126,1.7452634951931,-14.806390525095493,2.2766453099117316,-7.7783460938793025,2.7695371966303632,-3.3962491694762793,-4.308080602318357,280.3103591813599
266,13,5.7745349914857504,-4.082770776848893,1.8025072957830175,-14.827126573131997,2.279621046325424,-8.446099228931802,2.7705384993783215,-3.3746073167954806,-4.306503354803773,280.3048155224784
266,14,5.7747870359212845,-4.059457853644005,1.7678291597240294,-14.684848751544292,2.27708792747679,-7.930765231583518,2.7683218495761133,-3.4303089711799366,-4.308182856605397,280.31357312522215
266,15,5.774626682582003,-4.05952834905424,1.8113101097449917,-15.212456991239325,2.276084651029643,-8.44205993930889,2.769001136161817,-3.4402726318867107,-4.310359864106078,280.31446815289456
267,0,5.774400242572316,-4.048025177007442,1.766441424274213,-15.094974920440912,2.2811976187027723,-7.822045193480572,2.7698827674433573,-3.412849735913089,-4.306921735449464,280.3108241247072
267,1,5.77464022866127,-4.050893146716035,1.7676484796837144,-14.689338958008541,2.2756680797420272,-8.577077951735667,2.770551964333165,-3.374769937592057,-4.310817514183197,280.3077816686954
267,2,5.774492368250014,-4.089924304340483,1.8494973085184514,-15.600160859413641,2.2880848729273873,-8.461772896466549,2.7729882129323564,-3.451912771196417,-4.308626161529091,280.3212625791503
267,3,5.7735438329531235,-4.065573678885725,1.8575969164074844,-14.990914163244334,2.2796205896149284,-8.37830721185221,2.772613918030076,-3.4054609293904177,-4.306474588681242,280.3134953615555
267,4,5.774760927966107,-4.052603586896229,1.7972679901554192,-14.70704237140477,2.279664656850234,-8.44912639370268,2.771150987737794,-3.37598151556474,-4.310516131846852,280.3048444322275
267,5,5.773500410644546,-4.072715126788528,1.7822169341641654,-14.428606084413827,2.2867128653567526,-8.365886716345933,2.7745439538058587,-3.420031806770122,-4.308385448622093,280.31888617803855
267,6,5.774274999504923,-4.061318094999611,1.7796876861220394,-14.992585653268629,2.286499729980321,-8.681779209254538,2.7725568465746804,-3.389285110257612,-4.310573524817494,280.31120422854866
267,7,5.774613678196117,-4.047972163306459,1.8444945165487405,-15.608710477255618,2.279648687809399,-8.623906687315609,2.7699669305712407,-3.3937891798029356,-4.311124379432994,280.3080481336
267,8,5.775694344028978,-4.07130524571371,1.79210822388734,-15.706280331999986,2.275417042513501,-8.876825782608067,2.7672353057550185,-3.3791875611783255,-4.31628238009169,280.3183520834791
267,9,5.7741308568206975,-4.07315676917883,1.7712578233971803,-15.94247486458288,2.2833920464530677,-8.215469219714857,2.7715815232063825,-3.4090050185173872,-4.310896560660044,280.3135305912343
267,10,5.774450851800989,-4.068944431357898,1.8153867435793873,-15.29893068998757,2.2799843387234078,-8.643296887267637,2.771130379333435,-3.3962939902847835,-4.307820920283226,280.3075644594263
267,11,5.773051421358604,-4.07655800697361,1.7691790295670684,-14.67481502968636,2.2772058275146576,-7.992238020511796,2.771987282145071,-3.3965775101959257,-4.306892616448974,280.3159038741551
267,12,5.773624243451674,-4.073184793547711,1.8062978309595945,-15.374061876547485,2.2823100713499107,-8.020677699886603,2.771161361312296,-3.430884728359104,-4.305071744078687,280.31523098608176
267,13,5.774520716052945,-4.042793411714716,1.7429049127991942,-14.76981158195812,2.2767633461147923,-8.262824609243566,2.769448925345249,-3.377749136422624,-4.312004853008084,280.30929975115777
267,14,5.773895986536462,-4.076812627629637,1.8331423389852664,-15.985758572037989,2.2793137946827513,-8.551228458896734,2.7722660872151095,-3.393773355520855,-4.308158451065283,280.30907442998597
267,15,5.774155834083778,-4.068101350120755,1.8101560184998289,-14.77561838700311,2.282023399441781,-8.539375360460621,2.7721720961705207,-3.382733280800305,-4.309169080243217,280.30609916521985
267,16,5.774524007591432,-4.07289177178282,1.7770470245072283,-14.793916405037281,2.286626031540869,-8.176813945340717,2.772325967400497,-3.3930650958226827,-4.309212975639456,280.31044283029803
267,17,5.77521278896495,-4.06775566994368,1.8082663350116042,-14.519126320849233,2.2791368543992387,-8.534461577756018,2.7694950973092967,-3.376876670192003,-4.312351676566187,280.30662916390565
267,18,5.7744420801685,-4.060570505517509,1.7768508974497526,-15.610539245562238,2.2829806156067347,-8.26805835675328,2.7708832763810465,-3.381767728482995,-4.305897254289868,280.30647099413466
267,19,5.774405256624003,-4.073451989072199,1.8143521543022223,-15.451175882359708,2.291396479656223,-8.314833365676387,2.7736789199567546,-3.3781814305027003,-4.308457345117889,280.31075691093434
267,20,5.7735267329326465,-4.054159910335793,1.836390925420848,-15.802483946431867,2.285004817690493,-8.574615162311925,2.7732566478111758,-3.368553435619779,-4.310026073991266,280.3060352108749
268,0,5.7749486869182,-4.078472339656703,1.8340885245829928,-14.572039378957117,2.283250736626712,-8.59280337706282,2.770432620126305,-3.4007872240627073,-4.307763938004621,280.3087761958718
268,1,5.773511359724201,-4.051616905640901,1.814378355194803,-14.598163758372186,2.2840690813715296,-8.805144599941798,2.773168464378546,-3.397329346136517,-4.308498971559494,280.3103844106455
268,2,5.774742173037916,-4.048966808299974,1.7929907415224562,-15.691949578316661,2.2807166202319036,-8.073732080029844,2.7691377509274093,-3.4138670575874364,-4.307479852500473,280.3097667680886
268,3,5.774688128821283,-4.064958380822609,1.8620061143000755,-15.17518631208861,2.2826148051732247,-8.958561510995866,2.772626041565958,-3.398124695126647,-4.311889401454473,280.31119390683716
268,4,5.7730270152433665,-4.074415837749012,1.7854506296370691,-15.633834655941108,2.282293537989055,-8.24631560127745,2.7714760686257067,-3.409159283736007,-4.306990910020454,280.31341285802307
268,5,5.774417097512727,-4.0361036504496495,1.7561621541425805,-15.244738061518404,2.2777705167366333,-7.80709008660532,2.7688472269560918,-3.410687410546962,-4.304856183231991,280.3125782083697
268,6,5.773742239231184,-4.0995400547048035,1.848448894274353,-15.360643551241388,2.2854642854235494,-8.642481199238219,2.771046933953818,-3.3839603790877657,-4.305547988636655,280.30923440292725
268,7,5.774491053881022,-4.078634893725338,1.7719357813873406,-15.000917407412922,2.285192747253836,-8.502032465047092,2.7714717626542464,-3.387009936791223,-4.307947974085684,280.30816139170645
268,8,5.774780596588245,-4.05333591999078,1.8368978011848631,-15.545842048164227,2.280555158715203,-8.741107569549364,2.7697898132845244,-3.3985496098579353,-4.309250096993551,280.30786121398575
268,9,5.774243539996505,-4.054485694814917,1.814828311975984,-14.968057557833024,2.280384882790175,-8.240626007147,2.7707335094493586,-3.3702776243453436,-4.305787981720445,280.30410198937926
268,10,5.773993375549464,-4.08361170459612,1.8087917260555477,-15.239021840397337,2.281115656286815,-8.3722356954391,2.771712029139244,-3.398386652186523,-4.309131034018184,280.30835090178033
268,11,5.775360212641678,-4.0696591665896085,1.7991805202498952,-14.742449338756812,2.283682255265182,-8.753363002699292,2.7724647796270023,-3.4006377918119415,-4.311083257449032,280.3110650792791
268,12,5.775087535042195,-4.07653884225363,1.8366489593048585,-15.175986570468764,2.2801228221850063,-8.858941959763001,2.7709827631096613,-3.370021347043761,-4.309339182548796,280.3040028453936
268,13,5.7727678399545415,-4.033560461183327,1.8097486041388375,-15.223733467523196,2.278546822207474,-7.9524957811867125,2.7722955755119556,-3.428124582703813,-4.307012503789657,280.31672943618076
268,14,5.774355420193802,-4.079489632451151,1.8076855938078125,-15.529381238307538,2.2844739625713144,-8.606844778461571,2.771718662995698,-3.374761557789709,-4.308530366092826,280.304697657041
268,15,5.77433222893037,-4.041733909266504,1.7931712420007178,-15.751744197810375,2.2819029782483056,-8.155742097210085,2.771425149667873,-3.404855263293205,-4.308409818386607,280.3089479993165
268,16,5.773263620689588,-4.063934416236909,1.8316849835518103,-15.583921212661066,2.286790619681042,-8.347426468026942,2.7725426153766866,-3.376596495522165,-4.30917709153317,280.3094227965313
269,0,5.774481937803724,-4.055310051228259,1.844050441250605,-15.674185165460488,2.2786778574198725,-8.315462039863714,2.7696979300336,-3.3723204681274552,-4.304003162704501,280.3073388078334
269,1,5.774163409332199,-4.026544808679365,1.7682963442062398,-15.19685431399761,2.2840272104044965,-7.650489220322699,2.769571782806639,-3.416450058014474,-4.3054931648517245,280.31280139398064
269,2,5.7729229779124545,-4.041884051709153,1.7595166501375934,-15.3702763000376,2.2783399061223046,-8.021282986890611,2.771441511833684,-3.408918987885464,-4.3077842077443345,280.3154886151784
269,3,5.774335906368132,-4.093132146898516,1.8401000925776758,-15.776385871712247,2.283952553135268,-8.416905905332229,2.768530982847,-3.4399846072017426,-4.303888123178508,280.32081087607145
269,4,5.774282437745602,-4.064748323502854,1.823396631383834,-15.134454052931945,2.281545978897492,-8.60093685917363,2.7708268570835477,-3.3765832961378077,-4.306527207671266,280.304240029306
269,5,5.776164381674815,-4.055329457315565,1.8208698882324554,-15.134592548683441,2.274764566301705,-8.4769348127016,2.7674395854627276,-3.3917303010251127,-4.306992461282846,280.312113126362
269,6,5.775573911008837,-4.054890594836559,1.7780320376532934,-15.671818302919085,2.277462743128218,-8.507926382037798,2.7675243299165495,-3.4010373596705907,-4.305491997963629,280.31026945557915
269,7,5.775578318501518,-4.085362630609645,1.811311534002233,-14.772585560401525,2.28051161854513,-9.017344017678006,2.7690404082798765,-3.40338455275894,-4.308743464884498,280.3095620328764
269,8,5.773485262800894,-4.06713054202709,1.857449936488975,-15.984052552109219,2.2848443123505366,-8.68643854764053,2.773963306159549,-3.4523664318173184,-4.311270451919964,280.32161954286016
269,9,5.77433958306122,-4.066629259981298,1.8056642732596142,-15.041142415539916,2.2836274444675904,-8.43675332198389,2.7711598246914515,-3.3865733109446827,-4.305059536068061,280.30723386392833
269,10,5.772638214312766,-4.061689722836919,1.8842832749532221,-15.808305938775737,2.28448036493023,-8.364462544679801,2.7747622297364813,-3.3798799951306417,-4.304798622317463,280.3178517755372
269,11,5.774667550296854,-4.066109719707493,1.7838111751195436,-14.064370134602854,2.284847522511652,-8.614071058419725,2.772864064984223,-3.379461326093886,-4.3116481684770385,280.30921798292457
269,12,5.774381562472557,-4.079384338074024,1.8243750932617822,-15.825888599512425,2.2785416267081335,-8.718259891049021,2.7700957787138996,-3.391774662336888,-4.308199522762724,280.30616154835326
269,13,5.774243005011441,-4.091243475274061,1.8178529301475712,-15.89761804723965,2.281477166290819,-8.564262866104185,2.770761365822429,-3.3983244573091476,-4.309862731167266,280.3082308266977
269,14,5.774105675848804,-4.063356890143627,1.7984542551618141,-15.004382549780015,2.2872809015165556,-8.453555144341365,2.7710287974018355,-3.43748851955932,-4.307915583204277,280.31874469137273
269,15,5.774769291253711,-4.057892781594443,1.8387020028614451,-15.460826061660928,2.2828896807840806,-8.652557494275813,2.770980086702818,-3.38000753677106,-4.305206486533911,280.3064028755987
269,16,5.77354573272487,-4.022339973483514,1.7908219261540175,-15.365346589985238,2.281071791802042,-7.962700489661198,2.7716286750626815,-3.4118272168633785,-4.304606454331253,280.31399356268366
269,17,5.774570605706699,-4.044356585078102,1.8452787639755106,-16.085610874263423,2.288754471921639,-8.786108112517354,2.7722979300926167,-3.4456116639404604,-4.307025016615838,280.3195172952815
269,18,5.774230058270234,-4.045207913873251,1.8118534974801943,-15.117903293961517,2.2805733297737367,-8.178527270114316,2.770740320279761,-3.3872024930663094,-4.308511734314818,280.3051110550222
269,19,5.7753903272269875,-4.02928112757546,1.8084615936466029,-15.213699961141844,2.276345502911049,-8.66199666689767,2.769415183924391,-3.391705511173444,-4.30925662674484,280.3075781625164
269,20,5.774877618975441,-4.099923898680206,1.8498122652537665,-14.824436416027615,2.283654370144914,-8.721081280770933,2.7721317082809014,-3.395669686399065,-4.306330284882585,280.31033308617845
270,0,5.775385838294441,-4.0541414529746795,1.852863805471542,-15.438075770322222,2.27698240465733,-8.640046699017006,2.7681233562640006,-3.4343942818604085,-4.308676472906113,280.31688626657296
270,1,5.773850454832424,-4.05476420759934,1.8145118428382199,-14.760250634936893,2.2771968992567233,-8.139995747766447,2.7715230040385963,-3.3842212786806365,-4.304919403000319,280.31258501479067
270,2,5.775232126942452,-4.0558747733211655,1.758051089421309,-14.70859166063119,2.2834258289285465,-8.630467277936017,2.7688191456669964,-3.3686519614804205,-4.305743811675879,280.30417735592584
270,3,5.774707024379021,-4.078003932634123,1.8776614688641775,-14.821017252898864,2.2744255583862127,-8.952406229216715,2.769967192520193,-3.3707846087437736,-4.311565523800924,280.3072948503956
270,4,5.774644076013879,-4.04468179148696,1.822011733516011,-15.380627384208527,2.277121014515368,-8.411713684832204,2.7700021725528057,-3.3765342980962623,-4.3066064739733525,280.30557264518933
270,5,5.7746230880216,-4.077996050630295,1.7948070916484742,-14.618391126859525,2.277998051379588,-8.423416749858275,2.769913025602569,-3.3888705048068326,-4.308662378484041,280.3061726710449
270,6,5.775396204733796,-4.13703234847449,1.855063807627644,-14.797834781882615,2.2817434935472347,-9.202272646119319,2.769904664351416,-3.4332838232666445,-4.306194491575983,280.3174425494197
270,7,5.774320947145468,-4.028528277749157,1.7883987001261925,-14.906903826123807,2.2793274766864475,-7.953539478297227,2.770830800370393,-3.4172466013631,-4.3073877830860186,280.3110190157314
270,8,5.775332561840043,-4.081923532730924,1.790890014226465,-15.351260075787259,2.284268613247826,-8.764638480938554,2.7710787696446384,-3.3914473798527136,-4.31059759762835,280.30905240592006
270,9,5.775396453222404,-4.064574021977844,1.7676661920821557,-14.771418815717228,2.277387319494499,-8.466157507380315,2.76921179838959,-3.3779058730054023,-4.307482134276276,280.306882821177
270,10,5.774833589150188,-4.09067610954361,1.8154500115242296,-15.493712343193078,2.284119675438484,-8.235810254147767,2.7686568612540863,-3.399022144842753,-4.302528169591861,280.31198622380697
270,11,5.7747015255104595,-4.1301756613946505,1.8626996930285649,-16.109375734714753,2.2821111789163364,-8.73846484920273,2.766947447007895,-3.414886873219786,-4.299175455815357,280.32680057024675
270,12,5.775440976937046,-4.0648448120087135,1.809505791555783,-15.079875314482807,2.2765764919742373,-8.711403186113344,2.7699307623832174,-3.3842595243540647,-4.311400617173029,280.3076062678204
270,13,5.775508183924226,-4.094162859832681,1.808986005118908,-15.161416582241042,2.2781787469634542,-8.800122252465162,2.7691846364013672,-3.401207945834412,-4.3110499845788395,280.31025824570145
270,14,5.774321040605838,-4.0855001994237545,1.8265055984563388,-14.393372257137315,2.2843765464225356,-8.726752198411624,2.7724839955708878,-3.3817029895796478,-4.305315500283332,280.30826312044735
270,15,5.775139200383354,-4.069965169689305,1.8877532359866787,-14.210820104275454,2.2784427720412834,-8.977009395302474,2.770447622272842,-3.3848329059954847,-4.312172979363067,280.3115834484854
270,16,5.7754215698747835,-4.102554149708457,1.853915128560874,-14.299779407864447,2.277387111270287,-8.911124324882463,2.7687971621602716,-3.3876715902413435,-4.309900674534196,280.30930199087925
270,17,5.776468416975007,-4.0629691898802225,1.8212384197248466,-14.728506132683314,2.277388690544985,-8.670375899104597,2.767047894229673,-3.382447319464232,-4.310109885082417,280.3112481804984
270,18,5.773827022980761,-4.050322031987102,1.8902386730307046,-15.563036048345253,2.2852457049341055,-8.878276102959534,2.7735868359220865,-3.4106899433796594,-4.309138320543683,280.3155553498756
271,0,5.774730452475493,-4.048952471013648,1.7107230659928583,-15.023842283341258,2.274144214139754,-7.983557033228736,2.7682139325053594,-3.4009356773198682,-4.306535860305662,280.31680221896806
271,1,5.7748807322291995,-4.069440475554729,1.7573645085272387,-14.779293144120187,2.2829551921095903,-8.516697770495128,2.7716293034948887,-3.3792411893264105,-4.307112242374135,280.30814479982195
271,2,5.775183052738601,-4.0901254507448,1.7660399398010485,-12.888061369803442,2.2761533828171405,-8.769822047842908,2.7700910974940425,-3.3793175158676667,-4.30699997534513,280.31080460656403
271,3,5.774958987366579,-4.048869415130973,1.794512585425187,-14.730136841211529,2.27545462905034,-8.370514619286826,2.7692597817449895,-3.3686772036780672,-4.307816529931151,280.30458029340707
271,4,5.773904089958538,-4.04989586817515,1.7959596433711729,-15.377952317264779,2.2822909367464455,-8.487224988583543,2.7708129451743804,-3.4228305229456213,-4.3043232264088935,280.31393078745
271,5,5.7754425393337545,-4.123193826962118,1.8478779646628187,-14.887502606879895,2.2835463621555627,-9.169270369078879,2.7710687166765013,-3.396164898845001,-4.3074748236066736,280.3101499455257
271,6,5.775306478983538,-4.035757513243957,1.775514665825108,-14.553072211592422,2.27411646764787,-8.224026952845792,2.7668925488818874,-3.3704257348499973,-4.304780637686262,280.3077532636303
271,7,5.774700514399196,-4.050153287400937,1.7839512399373434,-14.690729135791328,2.2845081603782904,-8.529353305476054,2.77163648836361,-3.3845306318006676,-4.311727246429336,280.3093419183009
271,8,5.77545617582445,-4.038908793506543,1.7671595883519133,-14.510066894869668,2.278072244754981,-8.266887357481867,2.7706827353657197,-3.3842198720891763,-4.3034535625055135,280.3175976011978
271,9,5.77289168423662,-4.092579565802294,1.8925788878462604,-14.450086460015038,2.285535967453863,-8.53736039950497,2.7750280603990602,-3.3898997646322275,-4.308467276954982,280.316082588149
271,10,5.773801821625777,-4.096195517389977,1.8158550868510104,-15.298216036254745,2.2818850720678046,-8.165203542377753,2.7713166218320007,-3.412131426151888,-4.305987244328604,280.3115558465193
271,11,5.775388615333619,-4.031204553459191,1.783756093976608,-14.417183813332331,2.2786539725256776,-8.412106385649158,2.7682358742737447,-3.39214712292671,-4.307989662785786,280.30674941297195
271,12,5.775077454991237,-4.068216729294517,1.7857155851811866,-14.977746539297437,2.2773379366289324,-8.67370740098412,2.7691691394902525,-3.397411918407527,-4.306457472681665,280.30906886199216
271,13,5.775966195527464,-4.060452589560941,1.759881436589712,-14.75666699876554,2.2778516438332006,-8.588459710061159,2.766961216364127,-3.399517612884378,-4.3103323619088325,280.3130174362792
271,14,5.776437390671044,-4.077299287837446,1.7789823758701269,-15.272224787906218,2.27039069044627,-8.30597696662498,2.7649779475067926,-3.407732774783244,-4.307453644980138,280.3192809215931
271,15,5.775716786042993,-4.067939517268494,1.7779992640470874,-14.449864036290979,2.2776330508807945,-8.507461543597753,2.7684941359769826,-3.392806012535465,-4.307453544597704,280.30859517551755
271,16,5.774867051607049,-4.040074839732723,1.7196089634696554,-14.76009524950098,2.2773197532925034,-8.030957994163872,2.769242211424929,-3.4159349062161417,-4.30667262630373,280.3164826328446
271,17,5.775744152243152,-4.1496497102306975,1.878552308010141,-14.67918900633968,2.288327481267968,-9.131156142112228,2.7678195239509766,-3.388871085914786,-4.307212429997574,280.32662767809893
272,0,5.776465575939953,-4.059481192046737,1.7686016287470419,-14.03957142731615,2.272771310779173,-8.605897094436965,2.765197348238112,-3.393277857939556,-4.309011840465047,280.3148744296279
272,1,5.775003797198067,-4.041628245545249,1.7818331418360955,-14.847335371927027,2.2799141806971295,-8.439804078921869,2.7702939448658954,-3.375899179711752,-4.308292476932721,280.30433120891905
272,2,5.773603681231557,-4.031375702406497,1.7525877805941015,-15.48992036454217,2.2790730904975227,-7.922245810623927,2.7702952117067046,-3.3971771705602944,-4.305119610538115,280.312688384793
272,3,5.775158612120381,-4.097590767255441,1.8221702302837028,-14.095150796604718,2.277842560737363,-9.043668966438828,2.772133085436786,-3.3903805651591203,-4.314426242460471,280.3126204242848
272,4,5.775684613142131,-4.040290633826212,1.7265492901801547,-14.985299792171155,2.2756271854481316,-8.360281749260707,2.768510238899129,-3.405009054228221,-4.3066543566635,280.3160461464197
272,5,5.77410748507638,-4.023050786501564,1.804088957988161,-14.93166324862287,2.2746811904156132,-8.3395247626945,2.7685492403137464,-3.36788003127657,-4.303635725996146,280.3080182905387
272,6,5.774887990218861,-4.071183822483114,1.767006488056341,-14.886498760825507,2.280550192060503,-8.167961200064017,2.7698054332456326,-3.394262817713307,-4.302705988985202,280.31290246654595
272,7,5.774251991077519,-4.085533288091667,1.7925354777966542,-14.205945805560228,2.2825084374433007,-8.547274042355776,2.7705029701010866,-3.387790840721471,-4.304099893986436,280.3084934081045
272,8,5.7759841502821265,-4.033787446360594,1.6874960324105963,-14.226325722113254,2.2783865783957484,-8.428517374299197,2.7687034630471175,-3.3771045341955785,-4.309145968366781,280.31458237686854
272,9,5.775269685540951,-4.059747116293339,1.7919230229508023,-14.714084513333146,2.2786516202760354,-8.410038230009391,2.7676177725921365,-3.4154920235073885,-4.306189123392928,280.31143498588153
272,10,5.774554660642304,-4.061772762325474,1.7964902526791873,-14.730248071969237,2.2727513972573723,-8.464148107147405,2.7704331282145,-3.3678749867315396,-4.312062996876428,280.3073595248776
272,11,5.775143267424482,-4.0268977407652295,1.7068467835784937,-15.753902527679388,2.274798927870926,-7.847673095649064,2.7681262171444834,-3.409133469407106,-4.304264503142038,280.32092213647417
272,12,5.774665697147089,-4.081313481242218,1.818055606644851,-14.880515533711208,2.2807157593239915,-8.573340876283588,2.7711127038611636,-3.4062407068040037,-4.30874457548942,280.30893882233755
272,13,5.774830318983418,-4.049039337965717,1.8213500859133713,-15.510712103566075,2.2762129595741474,-8.656482212719347,2.770047950184883,-3.3731287702760144,-4.311191978300236,280.3042450118422
272,14,5.7747735408376535,-4.052091838756729,1.7510288664697744,-14.403744655173345,2.287061202924799,-8.383512164517452,2.7723705203650337,-3.409418043145797,-4.3123163392100805,280.3190114160405
272,15,5.775276148348086,-4.079214908934725,1.795271347261919,-14.382003897172929,2.277879955904444,-8.664543613235963,2.7702308866450887,-3.3857135721844838,-4.30582099872182,280.3100006995036
272,16,5.775572384088339,-4.084800153640431,1.7869786741503813,-13.91716983437458,2.279936144818819,-8.237735495613721,2.7686758780332803,-3.402164044135293,-4.308542578895107,280.30940015957685
272,17,5.775392372658237,-4.096973925762435,1.7991685107106044,-14.311850182232725,2.280352230763165,-8.744742751753632,2.7700236211477787,-3.4105150811904683,-4.308157902250819,280.3102637739312
272,18,5.774991050230721,-4.040850022622115,1.7795946965636142,-14.93396998930866,2.2766336545747805,-8.253208462906414,2.766125554263115,-3.397591540537216,-4.309004640796281,280.3108501186866
272,19,5.774944714885052,-4.040302603360283,1.7535276046021309,-14.818099427354008,2.2812447780087943,-8.431714866227985,2.7681295807936106,-3.41020817577837,-4.30417557273369,280.3119778508758
272,20,5.774822606975097,-4.044876536599708,1.80731773651709,-14.418264523722156,2.2831191796914085,-8.540622050283972,2.7700344577800418,-3.4050745763405312,-4.307247009475715,280.30845861277226
272,21,5.7759052706324425,-4.044154754315977,1.7475956737343572,-15.00662769691516,2.2791283314841677,-8.493643768798833,2.769146052933329,-3.372586006779038,-4.306534132217513,280.30766226774034
273,0,5.775245965815768,-4.040977110388954,1.762826170221412,-13.96485061874778,2.2754603120160906,-8.333241788534258,2.769155824151339,-3.39240622210091,-4.309361542469642,280.30955339949736
273,1,5.774636632272504,-4.064047036169907,1.7889545491197134,-14.523533993546327,2.2802103107381866,-8.420639553052458,2.769864563600566,-3.3772560082560146,-4.309447709101501,280.30418544173756
273,2,5.773348329074964,-4.030817602746408,1.7837023042258398,-15.960616496096561,2.2830677835632245,-7.691595362471717,2.769323548935938,-3.4079926528860933,-4.306057197363989,280.3131270224775
273,3,5.774463405284566,-4.036893016900898,1.7692855089030792,-15.113853560940814,2.2802348267056916,-8.608161709826081,2.769796234835531,-3.3796676361190414,-4.308526713207957,280.3050098408013
273,4,5.774501594533031,-4.033942421692367,1.7816506639659753,-15.10564241200129,2.2781131054574293,-8.252144582059298,2.769038116234073,-3.3805862252572187,-4.306852413569149,280.3046323548017
273,5,5.774228717832384,-4.051595006378433,1.8034386389594677,-14.960774774025877,2.278373617035468,-8.301234151035299,2.77210817641743,-3.400084562498802,-4.309850820079008,280.3100313113647
273,6,5.775106671328284,-4.07148825935908,1.8014206914801187,-14.808443164673157,2.28035097885995,-8.6982654751981,2.769872642068126,-3.3709194215192535,-4.3091580054577285,280.3030307775216
273,7,5.77454178340558,-4.04130714843646,1.7584402028170898,-14.791970375711982,2.2812196482026765,-8.032784493066659,2.769750053584936,-3.4088811978131472,-4.305582196721847,280.3110561499449
273,8,5.775367124073171,-4.081995677611065,1.7747174961323726,-14.73778279570768,2.27795062960271,-8.581113781929279,2.7698100488892634,-3.407652393101163,-4.308506624618601,280.31106688035277
273,9,5.774063748175486,-4.052501084216467,1.781455038676204,-15.727909917241155,2.278010142853018,-8.267899208444417,2.7699573444528016,-3.4039254436833994,-4.308938509718046,280.3087588994608
273,10,5.774994982735672,-4.0578710991685565,1.7927429813929703,-14.80545432656742,2.278712494075694,-8.670096675671997,2.769256264885057,-3.3745289791144533,-4.308066926320007,280.3034267044461
273,11,5.775854924061894,-4.073773511780865,1.7886848395347072,-14.734130528618543,2.279576153275065,-8.42492968498542,2.7684927492814255,-3.389427295075346,-4.31007156439738,280.30858112961033
273,12,5.774397040170267,-4.051516065814472,1.8043308796137296,-15.556045098627381,2.2798926757704128,-8.532466020808254,2.7703081920500274,-3.384103057923278,-4.306246745826839,280.3055360289072
273,13,5.774592316037093,-4.058094544486603,1.8175666571924407,-15.394352096705488,2.278831806319224,-8.552934901785287,2.7694726716265223,-3.3727171415658264,-4.312134254402639,280.30500710552053
273,14,5.774678234604509,-4.04229415996854,1.7738851615114155,-14.93365514002045,2.2771275917334295,-8.355648886118157,2.769276861549906,-3.401113868073564,-4.307862257980809,280.30869320756227
273,15,5.774726920122025,-4.065828509666331,1.7800956430823627,-14.944350143856315,2.2788881808795325,-8.630016443864855,2.771216296793608,-3.4085730387538344,-4.309826235107488,280.31106978705907
273,16,5.775411880917139,-4.076590000242066,1.7526040495558532,-14.169630817479604,2.2793588244023946,-8.433359887925242,2.7698216799701734,-3.3839625042595194,-4.3075804199203835,280.3083686250478
273,17,5.774782031215333,-4.063053644152435,1.780082239634848,-13.765435111610897,2.2792329366189192,-8.479349411669867,2.771631215910538,-3.4018565257808455,-4.306881904969904,280.31259658949705
273,18,5.77497411114048,-4.07132612575605,1.7942523569769673,-14.95599613914348,2.279587873891399,-8.286460727954493,2.7696196649047824,-3.389600736455921,-4.307106734333096,280.30621728030576
273,19,5.774107456426524,-4.043999892041242,1.8323035143593656,-14.611283036021016,2.279674003854652,-8.464222491653384,2.7694160889117616,-3.411773084563278,-4.305904311727423,280.310076741088
273,20,5.774987679164915,-4.077625087393004,1.8028817815302967,-15.38019969045751,2.283227349812259,-8.57089607225288,2.7696442978931044,-3.409959151344259,-4.307181433531509,280.31005299378893
273,21,5.774372956645481,-4.033327356906272,1.75653581105756,-14.759128083139776,2.2823218395844393,-8.056990796644394,2.771095170215138,-3.3796729530311715,-4.307409303085019,280.30707908464063
273,22,5.774211905795345,-4.068130728744499,1.7968397395450324,-15.142361207730449,2.2785446188839766,-8.390262508158882,2.7690799771149535,-3.3916157703635292,-4.307949603090036,280.30603334433573
273,23,5.774563849300761,-4.009079356134719,1.733854574028101,-15.06977859554573,2.27847640856382,-7.920344620542991,2.771175369000324,-3.410529191587744,-4.308180051075661,280.31573956942503
274,0,5.774774251144225,-4.049967868130376,1.829831694778535,-15.32414298869466,2.280341677605919,-8.536436816916076,2.768476053976915,-3.378705746462067,-4.303688050329022,280.3067367211039
274,1,5.774076995553627,-4.083068518599539,1.7957360636466018,-15.308426985611074,2.284117786857278,-8.6246592632243,2.771198280819405,-3.3682716187370576,-4.306974552745757,280.30396060115186
274,2,5.775446968962229,-4.073507815044341,1.7930267374204194,-15.105427767242709,2.2828954389072007,-8.771739206148638,2.769071705472795,-3.367547248549936,-4.307314099567793,280.3029735249553
274,3,5.775734606362044,-4.07556011895797,1.7875211838817493,-14.271668142469458,2.2789109519448743,-8.7845684060511,2.76829922237206,-3.3813270353214393,-4.309122389903359,280.3063342013104
274,4,5.77524157816941,-4.065433213864138,1.769168298491018,-14.686152395264445,2.2818342957184283,-8.401031215838584,2.768548221675131,-3.3915227158634704,-4.309382320090699,280.30916051842905
274,5,5.774681723460838,-4.080926746075607,1.8047430737911314,-15.936751497139593,2.283497513752779,-8.785942776419773,2.7696599627078093,-3.3843588318853315,-4.306020799866605,280.30585562294345
274,6,5.774354843349981,-4.04811842598718,1.8146112165542994,-14.635999027539896,2.2831971642677065,-8.300052807939869,2.7711905778094397,-3.4034217425041207,-4.307773857676182,280.30832554776435
274,7,5.775897315712494,-4.074147122228353,1.7737776144980235,-14.041276233469034,2.2759576619013218,-9.037923297218574,2.7683804214727785,-3.367987346726312,-4.309645342188475,280.30620238052006
274,8,5.774028565003608,-4.049869852447821,1.778242333454468,-14.69743457118028,2.278442892126042,-8.273799611428196,2.7696616263250204,-3.382023601738,-4.311376938022472,280.306906971827
274,9,5.774951075282986,-4.046485567565467,1.7873260959166795,-15.248019748985296,2.2761545949820814,-8.423068138237577,2.76937099249696,-3.37528771892698,-4.311461351514447,280.30527452579565
274,10,5.774962439169722,-4.050746680380219,1.8204751897712872,-14.313204531987367,2.2776026088133006,-8.36667447442197,2.7704057583098725,-3.375569400330367,-4.310198975240145,280.3044320794453
274,11,5.77553361478026,-4.062967007001013,1.7770989323176052,-14.600243628362644,2.2755546267747535,-8.852619268159119,2.767823795893794,-3.3726706779703473,-4.310841229378397,280.3061953065409
274,12,5.774233801622976,-4.026914591228253,1.7686124485473038,-14.929345282642142,2.2793468546525633,-8.34281236166301,2.7707548348211586,-3.377810901938917,-4.309975277262245,280.30587207038946
274,13,5.774519203689897,-4.07445787558768,1.8252710945468713,-15.132766168882073,2.2826146112937282,-8.404650059966741,2.7717945412944456,-3.3915965478388186,-4.307417256025337,280.3073319546599
274,14,5.774321236220818,-4.072548570049363,1.7995820363832296,-14.294659170981438,2.2827571582147765,-8.394198318603772,2.7713538157382804,-3.3949971477181693,-4.30797588338311,280.30749270766796
274,15,5.774842444023051,-4.0453454989906765,1.7891572557758473,-15.017496470893953,2.276709149922584,-8.56209665372426,2.769317090947902,-3.3886630803068014,-4.309808568008936,280.30621398389695
274,16,5.774306463418302,-4.047150301698368,1.8014145737205858,-15.458940709047662,2.2815714754754417,-8.278887353417469,2.768504396755424,-3.4053680007776825,-4.305644574756844,280.3097131975268
275,0,5.774790733252881,-4.044095293937269,1.8147635295802462,-14.746522590394797,2.2756562001905443,-8.451170723923397,2.7700015035926495,-3.375464897749309,-4.306083861409968,280.30829741877983
275,1,5.77467004667714,-4.034068362655325,1.78653328384939,-15.028920813887883,2.2791753681391853,-8.396496515868362,2.7700565306554816,-3.375790053334822,-4.3096486869602675,280.30376219687
275,2,5.77528123736425,-4.0630119925618455,1.7720312264604101,-15.006760162542008,2.2807733346808274,-8.428687419445152,2.769856341371561,-3.383697613191789,-4.311998959086083,280.3088670584799
275,3,5.774784088756402,-4.098294268499872,1.8490403192969,-15.133725659197767,2.2794518584273287,-8.835718823696102,2.770788554045407,-3.3747172920509803,-4.309346937308632,280.3049200085392
275,4,5.775195405099473,-4.071849407829806,1.7837329650289122,-14.711358138786913,2.2830079951654794,-8.751618014445205,2.76931829613999,-3.3728996370626736,-4.3077732889419345,280.30400412592957
275,5,5.774150113737011,-4.026806480600997,1.7856468808203798,-15.38669600139036,2.2802452579646952,-8.373545883224558,2.771077261008606,-3.374762794847498,-4.30772830741561,280.3045536410958
275,6,5.774362037042484,-4.054030422828609,1.8180674647608401,-15.69219498563533,2.279072180315385,-8.481894098228702,2.7697982131493526,-3.3674442660569373,-4.308017202250406,280.30158107922205
275,7,5.774600839402685,-4.059634444515235,1.7924210881193754,-15.418760407277833,2.283888957426931,-8.468518387244135,2.7689909247715256,-3.3680519544832777,-4.306718692971245,280.3037516098349
275,8,5.775137182672781,-4.088762471169752,1.7997703967324847,-15.645473089480962,2.278705107354251,-8.587380778101489,2.7684437157743953,-3.396795985170155,-4.306974691407817,280.3077226689577
275,9,5.775426092760968,-4.092903121350931,1.7915067820414852,-15.699759632397228,2.2802856011779626,-8.993676964519967,2.768306794999509,-3.3680486179550204,-4.308927112598584,280.3038509940045
275,10,5.774617604290536,-4.018876146936404,1.765392534907528,-15.948949083631343,2.2770505656047098,-8.384773844426306,2.7685325321726078,-3.3869447283097927,-4.307701476872537,280.30620493515863
275,11,5.776719982304746,-4.04539855548362,1.7497964897999083,-13.874557928473711,2.2775775347411464,-8.572509453849403,2.768506412944304,-3.3685392445715365,-4.308744835729671,280.30960323295517
275,12,5.77503542974397,-4.06182021118647,1.8082235670044853,-14.413130139096834,2.27976537945111,-8.728574676453535,2.770795605220142,-3.3779478101189118,-4.3088414223173865,280.3046857281165
275,13,5.775026066661048,-4.063172516610004,1.7990368403602786,-14.570720903665892,2.279769702730286,-8.771978714805211,2.7702872522102986,-3.369366187326686,-4.3099251186932745,280.30305223846307
275,14,5.775292038159666,-4.028578016860776,1.7511417105492846,-15.280495120585657,2.2814459725465395,-8.490444814494966,2.7700221816470805,-3.412173828855421,-4.310733732108482,280.3130882738685
275,15,5.775233123425378,-4.0720549183443095,1.8264984539956834,-14.676408077183103,2.2802592656235103,-8.724061690602921,2.7693137316312573,-3.3871658960136974,-4.305885192510343,280.3069059902277
275,16,5.774741416665856,-4.061561441989651,1.8049300221193136,-15.152569438121334,2.27769022004386,-8.540849106949617,2.768387244882699,-3.368777695710665,-4.30895529308394,280.3022908670614
275,17,5.774481472528087,-4.06093634882327,1.8036515326445886,-15.340641571968362,2.2811407519266407,-8.658215870279362,2.7707736521117106,-3.384514524712812,-4.310203397276339,280.305552515204
275,18,5.774566236469935,-4.060535123807633,1.808944886807375,-15.680465019351104,2.2802329030260338,-8.523273432200135,2.7697034336586546,-3.3768118649525127,-4.307385672594319,280.3033304456988
275,19,5.775226554922986,-4.047654379072725,1.7931229217744646,-15.243869716550414,2.2765213567602562,-8.716268218054836,2.768057905237676,-3.370957761448448,-4.310171744892883,280.3039529150102
275,20,5.775260142640715,-4.059775900238973,1.7694774785426883,-15.2500395055738,2.285298940414146,-8.531356894585166,2.7696185728232567,-3.3805827555483554,-4.305525538064894,280.30611703962893
275,21,5.775210574552775,-4.064812369591924,1.791071485630388,-14.976018147782703,2.2769446577616255,-8.624418627770737,2.76934071908071,-3.3831260274470574,-4.310942627325166,280.30653446669237
276,0,5.775017616889525,-4.06245716446947,1.80750123443995,-15.25340349092413,2.2810464638730137,-8.460449213636215,2.770014545333288,-3.3719052969781864,-4.3047375984714025,280.3049338027288
276,1,5.774721700588112,-4.046709863266527,1.7953790163180283,-15.401905663467113,2.2799601295206933,-8.35678809487379,2.76895367144286,-3.3787471660749016,-4.308633144110204,280.3038356181504
276,2,5.774246266425152,-4.03948045702614,1.808691592871885,-14.494230692462786,2.2800857367081555,-8.352488759093445,2.7710106442219242,-3.3808551322415035,-4.310044391874688,280.3044560416352
276,3,5.774511996170243,-4.032536858601699,1.8057041773730373,-15.125723922275169,2.281040764558296,-8.393601479791403,2.770593988912168,-3.390772522879882,-4.307777902603847,280.3055532078261
276,4,5.7745800068569375,-4.054542376730401,1.805656535248893,-14.776826259943153,2.277428291793247,-8.6963869975383,2.7698090262442587,-3.376514209503557,-4.312546419796974,280.3055035464824
276,5,5.774810515222708,-4.054725089541025,1.8117830590493516,-15.2389070226787,2.2780137557494315,-8.560797101006305,2.769681433453777,-3.3935659896693875,-4.307625941187506,280.3066684239632
276,6,5.774846426789446,-4.0361291788498335,1.7735207749992912,-15.063073619408698,2.279247534148885,-8.535950361924263,2.7687684663378738,-3.3702480331830165,-4.308610381379577,280.30302795263464
276,7,5.77362913246397,-4.064136540960727,1.8086964628360322,-15.751298404700968,2.285835716005971,-8.483281731839599,2.771703803245329,-3.3813308566136935,-4.305606605346767,280.3079188828371
276,8,5.774175899886277,-4.02660412044011,1.775993956545218,-15.381617628955308,2.277223094062557,-8.110518205968148,2.769295296013537,-3.3714573560816254,-4.308103610284992,280.30335554577937
276,9,5.774034717001413,-4.076462313930623,1.8234112640935103,-15.099766605041074,2.2820644904331737,-8.618145680999383,2.7712808493403878,-3.3867982922775455,-4.309718531986131,280.30634828055986
276,10,5.775412764385327,-4.034233025795122,1.7812896404754504,-14.545109485416587,2.2768467789400204,-8.523470507957645,2.768207163744615,-3.3718277758119743,-4.309185342465586,280.304033698192
276,11,5.774837082191776,-4.052073406566324,1.7911670516308122,-15.209996456015947,2.2818119995897406,-8.301420079955571,2.769082160997512,-3.375813492384023,-4.308800960026875,280.30427815559915
276,12,5.775243154375521,-4.002892632302797,1.7917446450452021,-15.667820025962518,2.2784651079840614,-8.513049751145429,2.7688217110015367,-3.382070957043545,-4.3082386824239665,280.3042298872725
276,13,5.774562107648421,-4.036810046204548,1.7880533787803257,-15.524209207565388,2.2803109994132886,-8.356442929200812,2.7689620349670405,-3.3701509769986666,-4.308066183421033,280.3024280236612
276,14,5.775387591573466,-4.045918727780481,1.7956527296778062,-14.64242708855858,2.2763652079404673,-8.658324094333244,2.7679813883483346,-3.3742446072802927,-4.3093930417675725,280.30445183276805
276,15,5.774628156541491,-4.081344976555324,1.8030127025355922,-14.979943859371984,2.2770905194906286,-8.682308740765802,2.7681421231713186,-3.3838472759256657,-4.30852318310607,280.30517367533326
276,16,5.774940819422531,-4.057666204290259,1.799028774460809,-15.542921536918191,2.279815961725682,-8.506220979701395,2.7685540512851796,-3.3722144996041976,-4.310178702900266,280.3043174200704
277,0,5.7752493633739705,-4.012103688941568,1.7841103388675414,-15.093317333698533,2.2760273292048887,-8.244731581305803,2.767557276258555,-3.3712811151606656,-4.307478488121644,280.30363119450897
277,1,5.774930402854106,-4.018089241495483,1.7830608555523242,-14.995479930112666,2.275379721162253,-8.11907699861816,2.768690293071496,-3.393275737381965,-4.307688993856767,280.3077216762001
277,2,5.774980458946892,-4.030759000114759,1.8249244334261336,-15.20223959206983,2.27889230907793,-8.56818129867813,2.769238564125599,-3.37922740204407,-4.311323326013131,280.3053189596773
277,3,5.77487629645294,-4.029817616612993,1.8154839060836516,-15.316608043746065,2.2763868722630405,-8.37466799321834,2.7699912493728522,-3.369753643833965,-4.309958746350061,280.3032993821657
277,4,5.774101885402108,-4.05441397000557,1.7969147990900336,-14.977938241816723,2.2858374460020836,-8.298900159007044,2.7702982366135487,-3.3809906353394648,-4.303277326319754,280.30812624390444
277,5,5.774285575156373,-4.021170379089575,1.7945728580099867,-16.043583037307553,2.2798297216822565,-8.352037176294377,2.768500725528291,-3.393195532175012,-4.305518918058703,280.3067090576385
277,6,5.775185596104024,-4.026583217889981,1.79126457167237,-14.407106925139697,2.27646089514856,-8.486787353875291,2.7693421280470814,-3.3715115221576997,-4.310471316698563,280.30407664114153
277,7,5.77538574919493,-4.046410799237895,1.8239921409467839,-15.171422532991187,2.2779785349468202,-8.749233702445842,2.7693922613690374,-3.3802792123369545,-4.30877831824705,280.30527464764083
277,8,5.774732906118352,-3.98582068714912,1.723902322096467,-14.622839132566272,2.2767536163098585,-7.918265189957966,2.7673338299775994,-3.3825295422153685,-4.306385029301076,280.3089332077153
277,9,5.774725007270439,-4.059534003566166,1.7854900384567487,-14.760159813840604,2.280069236207883,-8.361817208321478,2.770656153735884,-3.3927386808177173,-4.3066733239833,280.3078986797829
277,10,5.7750036746960784,-4.06793194513058,1.802667763093446,-15.197763640187901,2.2855522327281386,-8.48685586980767,2.7692830796487966,-3.3825311050662834,-4.3064650432625955,280.30698664920294
277,11,5.775267344468825,-4.0466060423217,1.8017281971031511,-14.557219382508412,2.281329137309671,-8.59589538354961,2.7690155988858454,-3.3937887016942425,-4.308919176364519,280.30721659683456
277,12,5.774843240929823,-4.0165729529685485,1.7649033579648172,-14.989938511494772,2.2747212898011586,-7.966124975489744,2.7688279836607252,-3.4052259667394367,-4.3064944318316165,280.3121716297279
277,13,5.775455084446506,-4.057252589389983,1.7758299974952194,-15.028365211150161,2.2837313401251502,-8.335599159207764,2.7677272623250833,-3.3834897107524915,-4.30794681652499,280.3091749654067
277,14,5.774369822202573,-4.010915634856555,1.7781237634518432,-14.672711009095401,2.274862148766708,-8.201364410091587,2.770019372647492,-3.388257996021331,-4.307417446996657,280.30949097937247
277,15,5.774948985735273,-4.027188334820915,1.7946748061881976,-14.788011387051819,2.2789276231604667,-8.4670267560331,2.769845219348434,-3.383257314778056,-4.313560179745827,280.30869837705956
277,16,5.775399768845674,-4.031204261601696,1.7856741084095413,-15.3769886855824,2.2781970751976606,-8.405200697010397,2.766880322383806,-3.3710992525518897,-4.3074194608603715,280.30406139537763
277,17,5.775343374980688,-4.022765140219985,1.7844175135648566,-15.371447404266034,2.277483124103737,-8.611023487857368,2.7687919689869567,-3.3783398396978193,-4.31189722203639,280.30643005436696
277,18,5.774558085252271,-4.047650736701168,1.8175852982148946,-15.10510551001973,2.2809406195714397,-8.825281561333707,2.7705050552091968,-3.367523877928014,-4.309827433202769,280.3020214205177
277,19,5.775075027649042,-4.08979919445554,1.8061920231618773,-14.750570622611024,2.279681182618775,-8.641841042699692,2.7684922875467572,-3.3775167035250684,-4.3100039888317205,280.3056421954398
277,20,5.774903920089793,-3.9799283302864596,1.7663876428522325,-15.042898470523452,2.271683823919577,-8.005957016759739,2.766846961235246,-3.37390668232681,-4.312716702235924,280.3078728941782
278,0,5.77584441975308,-4.028325998733774,1.802824259273861,-15.307484416753338,2.277258728315859,-8.74402720139811,2.766730746212397,-3.378794373436077,-4.305220767916943,280.30735516365837
278,1,5.773650348315654,-4.020892750988073,1.8015586333632063,-15.003926935355892,2.2750122459932234,-8.28309627087379,2.7706321276047725,-3.375433322855561,-4.30834828269061,280.30608175485486
278,2,5.775090856468564,-4.0185664875855345,1.8167062256771818,-16.019668796322975,2.2784651796132667,-8.704971771237133,2.7666824938960914,-3.367218250811901,-4.30781845263262,280.3038520950191
278,3,5.774561148484637,-4.062127851116998,1.8064783141314655,-15.784009236773574,2.2835108971487452,-8.659127731078298,2.7694632854243575,-3.3928253925970786,-4.303925106582329,280.3083474360674
278,4,5.775407480721762,-4.026020719938139,1.8099966003269745,-15.23897365494371,2.276723958844996,-8.127789986002796,2.767446822806066,-3.407179205345408,-4.308999553440064,280.31018143364895
278,5,5.775044833863195,-4.028146305809489,1.800107489204947,-14.757347591037007,2.2761105700119546,-8.361823332522885,2.7705144043931145,-3.367528793276803,-4.3106726398976605,280.30485907131595
278,6,5.774640568197337,-4.018375966865563,1.8680044938937121,-15.75627170149022,2.278393081607019,-8.827248086456574,2.769408067953146,-3.3835887975943555,-4.308202519408471,280.3064044238222
278,7,5.776158926596254,-4.022519270064434,1.827857832868557,-15.847212735040092,2.2777818754864967,-8.616613729372707,2.768179002064102,-3.3822380450673983,-4.3077509164502805,280.30808481567595
278,8,5.774827866873623,-4.042886953808852,1.8094819297905649,-15.140154296063885,2.282833053224449,-8.3647942630943,2.7690638837896935,-3.404087251056974,-4.30454435042582,280.3094912345613
278,9,5.7747934093484945,-4.015326588135481,1.849623969714327,-15.57031168954991,2.280596795379916,-8.7219975653904,2.770880506282089,-3.378804379784659,-4.311362270820016,280.305339728979
278,10,5.7747775479992995,-4.053753133067039,1.823627143438404,-15.301218017871399,2.2825748599669806,-8.509997787176676,2.769825798033851,-3.36764922667852,-4.307314419908162,280.30213392721635
278,11,5.775702537252307,-4.0151549032605685,1.792550414951127,-15.293442711434697,2.276546564147994,-8.266988098229678,2.7675578510783563,-3.3944020034710394,-4.307393989588524,280.30823359152737
278,12,5.775686506901912,-4.070766594128137,1.788172882355395,-14.832263043028023,2.282691250800675,-8.688672556725784,2.7695488485350523,-3.376232733979012,-4.306004388289566,280.30489065199333
278,13,5.775286204859499,-4.02233970900757,1.8060495960582532,-14.25943330913379,2.2803897374797244,-8.328408888508728,2.7707340614834557,-3.3821449078878256,-4.309473161794241,280.30509101366465
278,14,5.774476713064683,-4.001901139268479,1.7852023860287562,-15.5849273121069,2.279984110862762,-8.280429351790387,2.768550775102355,-3.387652059177182,-4.308996163254005,280.3057837103148
278,15,5.775147017484337,-4.031985527485156,1.808783296580468,-15.520590668786394,2.2789253295921568,-8.347182581858297,2.7680441380655254,-3.3832326468836356,-4.306361006574751,280.3050358662315
278,16,5.775494457610461,-4.012528962911661,1.801538909025962,-15.305058666534075,2.2739852078966942,-8.464152745084926,2.768012600626886,-3.38118506842925,-4.309234800778766,280.3066510112756
278,17,5.775856248358138,-4.0374842221239975,1.7839426915981067,-14.986593658841715,2.277313000131938,-8.495001935300602,2.766854038382722,-3.3742321803674695,-4.308115458952308,280.30573103231984
278,18,5.774849815336521,-4.012667545086013,1.7806988424424959,-15.08467960763326,2.2811929864296685,-8.290016052570298,2.769096947708266,-3.3733167022420787,-4.307829024770648,280.3028185687063
278,19,5.775023793196173,-4.014807486051173,1.80736555560743,-15.306617727985413,2.278381053290762,-8.233895063112653,2.769500038380085,-3.3901267693035364,-4.311033684066134,280.306352222131
278,20,5.775094404695559,-4.0359262781709795,1.8195763224183084,-15.156765708489878,2.276020932064723,-8.546293311744805,2.768885943961609,-3.3722177510346714,-4.311132963569111,280.30399717456845
278,21,5.774968541620422,-3.9938510951707578,1.8061304272446437,-15.389314853232637,2.2782791116380534,-8.212288467761628,2.7669002479128033,-3.369104235904724,-4.307245121183413,280.3027902120021
278,22,5.775660560701771,-4.049118442790086,1.7896200007953005,-14.731745407620096,2.2739240156819394,-8.802217189515702,2.7670086838285743,-3.375187066260919,-4.31006537858571,280.30677338123604
278,23,5.775361741903872,-4.016268715644636,1.7976408919282407,-15.146948499181912,2.2764456257534045,-8.198417713040579,2.767620251939444,-3.376395402622811,-4.304889137763325,280.3064434320573
279,0,5.774270790550004,-4.02489081058179,1.8266022784725526,-15.573460946463584,2.282981510702364,-8.552802013985119,2.7705226544046093,-3.3831698957099285,-4.306612152170091,280.30476373486226
279,1,5.774936995937074,-4.0221055213457975,1.8061500848962846,-15.120504963752554,2.281357780459793,-8.48534345606536,2.7688928995862923,-3.3824924543301313,-4.306178202804623,280.30432195173586
279,2,5.7750919408542645,-4.0462902458509635,1.7855237410130325,-14.705644457234131,2.279580667461029,-8.316572254968932,2.769551917621379,-3.3854610979885433,-4.309439565617176,280.30554756955837
279,3,5.774278068246734,-4.034776425781317,1.8032727044627619,-14.776504688380978,2.276907217348598,-8.21243159860697,2.771149206640771,-3.377151311515449,-4.308806065714686,280.30596345125844
279,4,5.774917373102109,-3.9998082031929023,1.7732663354355582,-14.997459048605405,2.2768310978289543,-8.168274443714774,2.7686492445440716,-3.3880311402608396,-4.307357845889105,280.30624738147844
279,5,5.77482470910609,-4.059395592708204,1.8294632535429718,-15.441640146445396,2.2808577814266946,-8.520551126115421,2.768763330393276,-3.367137700071435,-4.307465127340265,280.30255889897705
279,6,5.77538791710348,-3.992264036064946,1.7487112657215647,-15.32433496659054,2.273534348675166,-8.19724633081567,2.7670633128603233,-3.3797131556150464,-4.3090282478119635,280.3080695030717
279,7,5.775271781662789,-4.0485132574522495,1.8110112863308003,-15.780606494402893,2.2799849293500905,-8.46116243837009,2.769303482505009,-3.3677587154805093,-4.305270494501051,280.3037674939852
279,8,5.7747266862806255,-4.018270893244323,1.8096629868458574,-15.31942798731352,2.2845739120141624,-8.141472087783209,2.770253634357759,-3.377288455630317,-4.303799745232325,280.30537406511246
279,9,5.775336438309374,-4.012980175961199,1.7756000221146488,-14.440374435653805,2.285944950388148,-8.398849968814952,2.7705015650811866,-3.3874491855160036,-4.309047084483415,280.3076678951061
279,10,5.775393244699806,-4.055474272258776,1.782792988584369,-14.79697699758644,2.2777250901774595,-8.34486045043571,2.7670502545411004,-3.371663300103622,-4.307022410466406,280.3043558235824
279,11,5.774222344370808,-4.0339365144943375,1.8132614970713707,-15.425828641042097,2.280095280165798,-8.404913009265346,2.768968392127672,-3.3806541242676653,-4.306435657896347,280.3040814653888
279,12,5.77456396713287,-4.02660319462523,1.8498688132870633,-15.049774151263527,2.2802413393578425,-8.423208233093934,2.7686433448834995,-3.3935013122817552,-4.303656685870201,280.3101765473905
279,13,5.773940126132003,-4.026993262480621,1.8301577456129374,-15.692533728610714,2.2790016169532046,-8.46926294751877,2.770664155849245,-3.370436025075982,-4.308375423433807,280.30224054305216
280,0,5.774455249032263,-4.039744591636318,1.8162742968421532,-15.536522907809237,2.276071486556499,-8.513069262177256,2.770010761225771,-3.382654972817958,-4.310360624679761,280.3048952153904
280,1,5.774773149346044,-4.04892046139686,1.808505624543065,-15.466655905096959,2.278542422840874,-8.495832609445884,2.768847008105619,-3.3901090578412103,-4.307768659629843,280.3054809455739
280,2,5.7751683290450755,-4.083570004496493,1.7672402967658618,-15.472668086172753,2.2807518726515448,-8.375933197812063,2.7678960756815654,-3.387117328504433,-4.305872331221769,280.30735110525666
280,3,5.774755632782185,-4.011923218851219,1.7966379175723322,-15.057416175545287,2.283133930610619,-8.3552431958847,2.769047183865237,-3.3980964717419124,-4.305444367671844,280.3075800528112
280,4,5.774602140996244,-4.046285530315315,1.8685416242621307,-14.763519258776906,2.285095602408361,-8.208042677664483,2.770590145184634,-3.376407484239592,-4.3066863303488265,280.3073774825527
280,5,5.774906756279325,-4.0144990990438885,1.806590844280045,-15.861612021359951,2.2802885195149676,-8.262512245648344,2.767716717130157,-3.3751414427255577,-4.304908373150907,280.3041337692673
280,6,5.773928022319857,-4.024371503862119,1.83215905833663,-15.183934650967132,2.285730299048039,-8.069562279781053,2.7722915010656015,-3.3709719491250985,-4.306070539391065,280.30497813519185
280,7,5.774710576392672,-4.032099764103505,1.8234651899624261,-15.722310877181801,2.2795676942533705,-8.4755636915931,2.7697491827526464,-3.3691270975652223,-4.305567784760177,280.3033832802478
280,8,5.773579508923763,-4.04697279905034,1.8178105172352124,-15.745284271582602,2.279656594978191,-8.456307315287715,2.7717776451229628,-3.3991410552149524,-4.3070035828924045,280.30951974313814
280,9,5.773872988812004,-4.055072222548427,1.7832081900607815,-15.076206558159347,2.2852031889949864,-8.12896093024771,2.77010596868017,-3.393882899535757,-4.304273953764904,280.3103505331847
280,10,5.774439656900756,-4.022763917372274,1.7989344469815214,-15.548596937219124,2.2751562164365664,-8.176970913924526,2.7698674284560982,-3.3781847644462104,-4.309365511640596,280.3049705208388
280,11,5.774881794051806,-4.060926903281199,1.8380905895464494,-15.56832646686399,2.2801566393321275,-8.49883561621467,2.7698202804926138,-3.384521301316572,-4.306208207098534,280.3062132481897
280,12,5.774411161513073,-4.029639185936047,1.8261392095440674,-15.90256312447264,2.279325638905811,-8.231304922258799,2.7704462196140898,-3.3876487830337845,-4.30751795568999,280.3052601306519
280,13,5.775381829596895,-4.0171364121903785,1.8127679197224271,-14.876034289483963,2.2791434964254296,-8.564310869349567,2.769036100692414,-3.38295759731674,-4.307533020487773,280.3046761816913
280,14,5.774568323275696,-4.062794021153437,1.8359416264884894,-15.136600129723446,2.280577072864202,-8.474327273799982,2.771355863814246,-3.3724299881357935,-4.30657021758678,280.30514220444184
280,15,5.774471061980795,-4.054504456695793,1.8368988191560536,-15.263665706752207,2.283171143642425,-8.466299545303462,2.7700009652086592,-3.3998518347662148,-4.303330701392189,280.31105800235053
280,16,5.774529091261391,-4.027931818296579,1.7906969222439297,-14.696034175773594,2.280394756320635,-8.07256780029411,2.769393915129242,-3.3849061622541656,-4.304716549203907,280.3060824788968
280,17,5.773742314098094,-4.072055209529984,1.8287978130149063,-14.758911940754782,2.2812354962034807,-8.566799439953423,2.771999952800426,-3.388682258124218,-4.308629696751586,280.30691614110833
280,18,5.77396763808466,-4.023124200304092,1.8116242255485693,-14.449783415007904,2.280495994496824,-8.225854371433146,2.7702752070519443,-3.37693636615767,-4.308231580498874,280.30313799471793
280,19,5.7741981571295575,-3.991576387538154,1.8199261050545614,-15.703702490667002,2.277935348477195,-8.073950567191037,2.7678774445838465,-3.40454467139377,-4.306240710904165,280.30823623374897
280,20,5.774878576222791,-4.031714648843526,1.8122207569675888,-15.556559659611448,2.282950097392724,-8.322101881351324,2.768358518060522,-3.386558147911826,-4.3041109746452975,280.30715552050384
280,21,5.774124732882122,-4.058106329066392,1.8483039721906307,-15.63264833879823,2.2793477586384396,-8.517684916863452,2.7688575752485605,-3.3783190600274957,-4.3022471884224185,280.3102461029848
281,0,5.774816061251641,-4.00301048751405,1.8001172322086023,-15.748979535856863,2.2770333606954742,-8.319594741100898,2.767795692644486,-3.368426926814424,-4.309058445334217,280.3018796660007
281,1,5.774262263720457,-4.004403662422943,1.767681763290121,-15.413029890307612,2.2799969470195793,-7.90836721768175,2.7705763569108934,-3.373292185726609,-4.3080334982731365,280.3045339651459
281,2,5.774738927648939,-4.038658144936579,1.7641602713104385,-14.914997339745565,2.281919840913785,-8.249162569675496,2.769157243417096,-3.3681516595067746,-4.308627844045434,280.30380972226374
281,3,5.7750555932789975,-4.036804153853559,1.8036968329344902,-14.497247140989979,2.2794587991440323,-8.559372592703617,2.770132479588005,-3.3708970124883284,-4.309610863189705,280.3028211452019
281,4,5.774182179356725,-4.043784264913307,1.8510095919178076,-15.368426037884577,2.2782021878947836,-8.254119346929961,2.770098692709558,-3.3839974207231838,-4.304895869099977,280.30840457123156
281,5,5.77388356433007,-4.062041651333848,1.8215957728292156,-14.7042053176753,2.281477378314916,-8.528567107973593,2.7710075421690026,-3.3791324090159747,-4.3093368133137755,280.304562233958
281,6,5.773365195161457,-4.006710641548096,1.8090397014202069,-15.5844398688226,2.2786405602449658,-8.137242121861975,2.7711003895578163,-3.4072769247937775,-4.30612460803378,280.3108629344665
281,7,5.773909689535089,-4.0195766717011105,1.8456164941622748,-15.266865283414296,2.278988919052466,-8.092238131856694,2.7702938553548533,-3.3740676465130357,-4.307176346415254,280.30332883790004
281,8,5.774870453181506,-4.015611140424836,1.7895329389577184,-15.01957453955879,2.279048318260731,-8.512331362125312,2.768771141220921,-3.376399163219987,-4.306873940054731,280.3032163443054
281,9,5.774735327772222,-4.000777017486847,1.8045959422314843,-14.770248989295293,2.277269914013276,-8.156387180910267,2.7702026276104106,-3.390115518069651,-4.306209536698303,280.30826409638723
281,10,5.775374769105882,-4.007551101958318,1.819471718356719,-15.696600674581356,2.2811843430431034,-8.353773951111474,2.769409061465668,-3.3789761146838346,-4.305476864551795,280.3047303155106
281,11,5.774455276636757,-4.029284620179944,1.80972910874984,-15.246004531453163,2.281612947854292,-8.417039608837527,2.7714649310888295,-3.371450615571432,-4.308673541216701,280.302971118714
281,12,5.775199858099136,-3.989318147943283,1.7971470192343404,-15.12275618657894,2.280537083049556,-8.149594182933404,2.769496899674985,-3.392983180712504,-4.307977635008003,280.30550660037375
281,13,5.774908377601367,-4.040127093984297,1.8325654617275875,-15.442538297508085,2.279804069890441,-8.330251225248002,2.7705554663676084,-3.3784617371741867,-4.306625981429211,280.3053455211449
281,14,5.774955245102487,-4.028108969333119,1.8217076205077536,-15.718080818758315,2.2797363192653157,-8.715553918840223,2.770157304517969,-3.3864392306395557,-4.307715386955899,280.30508489636736
281,15,5.7752720823663095,-3.990370812562195,1.7784491657307344,-14.38179545205731,2.2793584327390843,-8.27429479909689,2.7680872336368654,-3.3759126464703324,-4.308720436036131,280.3037557078951
281,16,5.773797972063659,-4.029536004171562,1.7862616576257377,-15.128173487535733,2.2831683128564193,-8.078839465520877,2.771145960839489,-3.38858033847444,-4.307520877819002,280.3072689494628
281,17,5.77464121407406,-4.040265322622539,1.8062862567704177,-15.162034830531438,2.280692189504799,-8.639942061291007,2.7703242189208956,-3.3805640152365943,-4.308370471653953,280.30383367156674
281,18,5.7747158508880805,-4.015506006944322,1.7873527200990849,-14.944959356354344,2.2787610772150564,-8.10781002297022,2.769702913952533,-3.371252336416632,-4.306288353310436,280.3037085121322
281,19,5.774953386287544,-4.026588755812416,1.8206172275446988,-15.33039899059524,2.281550309503745,-8.523477539175476,2.770099797933186,-3.3778412688892794,-4.307041806396488,280.3034910263522
281,20,5.775256651159598,-4.035670708466797,1.7926983569134542,-14.815127782230695,2.276777925821611,-8.52909823365724,2.768840613883705,-3.3839812488845546,-4.308162636303562,280.3057709472906
281,21,5.774731291565504,-4.017296512002299,1.7897666103600958,-14.866611824570178,2.28210243989734,-8.55013068569996,2.7697847563662457,-3.3702856463181967,-4.308301273328243,280.30229923141974
282,0,5.77495908279874,-3.9959001566252996,1.8151163584588887,-14.53712133360676,2.2786398348596553,-8.502180294112781,2.771077560586106,-3.3814628380688467,-4.309395421379741,280.3052621418315
282,1,5.773988442005807,-4.026506543918611,1.7992840980246247,-14.667290776260574,2.281869143321033,-8.145101077830956,2.771231387971942,-3.3843835901094406,-4.306236640756891,280.30610596355484
282,2,5.775321152338376,-4.047015191300492,1.8137590037529672,-15.09301236574968,2.2830936641158153,-8.673269323977111,2.7702248050251015,-3.3818597402931543,-4.3067906595799395,280.30483980221743
282,3,5.774920313435773,-4.011060310942085,1.7928264338787185,-14.978270699483632,2.280541093221238,-8.22635609319536,2.7703535222428806,-3.3722790324499305,-4.307449065414042,280.30288183083576
282,4,5.774223183532396,-4.01239296608642,1.8054530548544756,-15.041743344974472,2.2821063860726536,-8.225740149257737,2.768826159281005,-3.377975335510902,-4.304246974925581,280.3049840266557
282,5,5.774817622799885,-4.017315359913316,1.7905472122426171,-14.877800122282629,2.278621529329332,-8.423237515612792,2.7691394103908036,-3.375468914688077,-4.306966912780928,280.3032878208981
282,6,5.774150810187956,-4.000301000360783,1.7908783328210247,-15.1237284660044,2.276001838791503,-8.22932139226464,2.768846328161711,-3.378184972875281,-4.309108702529069,280.3033687907926
282,7,5.7741005250568165,-4.023340308771666,1.8138684521199515,-15.952566713175804,2.277072274627646,-8.345513853051889,2.769877149228625,-3.3681158328903233,-4.310435537281162,280.30171464244336
282,8,5.77508333745655,-3.993000229571807,1.7875245414346643,-14.855038203072942,2.279798768379218,-8.366488069852627,2.76902534245848,-3.378665963924268,-4.310154807253177,280.30420624022065
282,9,5.774013896286988,-4.028371552229013,1.8051237195246181,-14.496906963021214,2.278000359339013,-8.50246961018678,2.7722802299453635,-3.37991124606071,-4.313456857846324,280.3082697114501
282,10,5.775978126653925,-4.008997616747706,1.8234063826678186,-15.233627099183073,2.2772700812197493,-8.75522855849777,2.767813149494906,-3.3716193033724413,-4.309202842581298,280.3053721702929
282,11,5.774486967092405,-4.075809428845061,1.8091044643953187,-15.408815262695839,2.2873433281621796,-8.578462904125638,2.7715441405006898,-3.382697437426732,-4.305080488113596,280.3074326422022
282,12,5.774495903093078,-4.037794300627181,1.8270877339696354,-15.302171127815722,2.282581540916468,-8.506035847822995,2.7697347375561217,-3.3775295393279623,-4.308176244768002,280.3041677390148
282,13,5.774411871112469,-4.0323834650456005,1.809681749188747,-15.45891590205087,2.283946283825509,-8.671000089065407,2.7699924786910812,-3.371430164435432,-4.305891953794674,280.3031493136827
282,14,5.774694892777213,-4.016794467463676,1.7638283504310692,-15.623158875407785,2.2819080873251365,-8.375347139216943,2.768429150199951,-3.3717331456477915,-4.308841193429517,280.3052332371589
282,15,5.774267877747717,-4.0078707596877985,1.8305876297547963,-15.737269340959312,2.2796332996324025,-8.395825409315947,2.7687447738428337,-3.3708606409058044,-4.308237517147996,280.30225087316325
282,16,5.774661855704567,-4.013533698568723,1.7989944416327281,-15.258617772283356,2.2792135022115274,-8.40786604160919,2.7695994916768907,-3.3709767849875463,-4.308766266269969,280.3017766462441
282,17,5.774228810384765,-4.03457317847736,1.8248099378862315,-15.335327944192864,2.2819897339395614,-8.769733515210849,2.7714515882167463,-3.3721008517774536,-4.308576519457542,280.3029258316931
283,0,5.774379050433363,-4.048605354914896,1.8052292647774288,-15.865148899677264,2.2802339599318615,-8.633298520306742,2.7704176361892148,-3.372454215258136,-4.306131868755854,280.30380120383404
283,1,5.774493409652481,-4.049849998494,1.8417142579210606,-15.611384640108543,2.285917011809557,-8.775884422446218,2.77000223384461,-3.3742537756205664,-4.304728871190844,280.3064374757966
283,2,5.774423405642375,-4.005043887750828,1.7989791546770257,-15.624228696216322,2.2780910963185184,-8.154905932135698,2.769145870984588,-3.383368476485278,-4.307499206596053,280.3038291641225
283,3,5.774321533006237,-4.046159483727298,1.827715514333677,-15.054879896968481,2.282286143312142,-8.530461101465825,2.7709678860557303,-3.3805468343616596,-4.30895983249846,280.30440548082674
283,4,5.773776059522744,-4.01023563822189,1.869864941085394,-16.0137554611931,2.2814323887564134,-8.62438199109174,2.7709285767312224,-3.3745007469272648,-4.3082413687759935,280.30466777917877
283,5,5.773785136125601,-3.996690376633451,1.7921824507314492,-15.320928152298174,2.2819166759231995,-8.2419934411003,2.7701185073395362,-3.3758422775169916,-4.305604002099366,280.3042418909309
283,6,5.774491975363347,-4.051064606917315,1.8241052945225449,-15.160203855001457,2.281690598899486,-8.678828613296991,2.7707844707694385,-3.3749883608213054,-4.3100623207486874,280.30376628982236
283,7,5.774616619272359,-3.997427287910517,1.7698448958958832,-15.55732397883608,2.2772918939315114,-8.413952143869377,2.768075693533035,-3.386159252614872,-4.309766352902007,280.30609071231083
283,8,5.774427879398675,-4.068407391844353,1.8361086740923722,-15.678705528717549,2.2820828402621185,-8.619263769058138,2.771124307648192,-3.3808541620635286,-4.306926924612739,280.3052185880615
283,9,5.774780957391104,-4.049585705753331,1.8106278886378584,-15.617382048236761,2.2831017626448085,-8.80206671415952,2.770007378953577,-3.3731066689829023,-4.310485009299246,280.30509918232985
283,10,5.774862264986598,-3.9846761676070273,1.7816646095888817,-14.868176227408036,2.2801649077404513,-8.337159496747018,2.7693094028575373,-3.380675103857882,-4.307361476142442,280.30352471208096
283,11,5.774755856509573,-3.998116862746838,1.8039280436756808,-15.969047650746056,2.2788241845473496,-8.33405919666664,2.7681011202743138,-3.3721821968776844,-4.30572120871401,280.3025773892399
283,12,5.774706516515697,-3.9973970862061017,1.7971257235970863,-15.422829149643261,2.2820876917344983,-8.138318029656995,2.7687033250337296,-3.370550895535872,-4.30355902845339,280.3038362836784
283,13,5.774117083958296,-3.9946941371426585,1.80596297864789,-15.396962479951824,2.2782505653453375,-8.207464257275909,2.7704696434906957,-3.368019528796039,-4.308121180776929,280.30200051445274
284,0,5.7746729598164235,-4.003620310970235,1.8121911320978332,-15.98954364215764,2.280794214579171,-8.611292879516578,2.768916370093406,-3.386168165617756,-4.307069651253964,280.3044167362949
284,1,5.774358803540792,-4.026887743195012,1.7814155128550118,-14.934753568709056,2.2772136993351957,-8.45005083914588,2.7699080958852007,-3.3774708667524314,-4.308846634997773,280.30457521348865
284,2,5.7750295108116525,-3.9850202243992903,1.7745577417907041,-15.289963668531147,2.278986653830329,-8.330248762331653,2.768805448183662,-3.3682172427249193,-4.3091025685189885,280.3021361479078
284,3,5.774360134094089,-4.021157212489574,1.797722234343196,-15.621664613906786,2.2790528464890074,-8.364090578049838,2.7709274377869177,-3.380145063297432,-4.308115285421943,280.3049124833878
284,4,5.7742551468917025,-4.01010834904938,1.7908644601200574,-15.561064710334442,2.2788614900611,-8.579589720534468,2.769680845837933,-3.3777591981937345,-4.3083522715264095,280.3032306775538
284,5,5.77443361834402,-4.018484607711282,1.8183134724327106,-15.152135629156827,2.2841031181469664,-8.67428153744277,2.770381594917142,-3.3802321201982015,-4.308866224425254,280.30506949403247
284,6,5.7739160616209375,-4.017030642053581,1.8243142200284095,-15.94285123786149,2.2815660250525793,-8.434078494381348,2.771303114842677,-3.3849626482553323,-4.3051262006415705,280.3070736606361
284,7,5.774083726751976,-4.015118013326437,1.7649526742759731,-15.343956287111302,2.2805059162032486,-8.420621291616444,2.7702167219381884,-3.372215270007852,-4.308193369086038,280.30436436240103
284,8,5.773685388614497,-4.020966438255059,1.8110934664617064,-15.220150689530655,2.2846078679221318,-8.192851135743599,2.77091479230057,-3.3821346044817857,-4.306910497931862,280.3062446457462
284,9,5.7741996053866185,-3.9996518904360765,1.8374212240525958,-16.049471594101153,2.2788337739092954,-8.19263305115709,2.769375587683047,-3.37202094346428,-4.305858079016053,280.30302631822366
284,10,5.774550280336569,-4.010258319874249,1.7991138762104044,-16.05992362199437,2.2791756530902068,-8.152951359503486,2.7692082281543775,-3.367609161641988,-4.30636073958821,280.3016774661885
284,11,5.774430738239015,-4.034267743265327,1.8086827320545207,-15.542267465707182,2.2817483135755983,-8.274879989787667,2.7699528363817976,-3.382333483693173,-4.305000310356672,280.30529621829
284,12,5.774146000552457,-3.99175886487322,1.8483578977808317,-15.163023941713885,2.2816663191822757,-8.26799373679015,2.771825099524483,-3.386632590281953,-4.306470205708643,280.3068542513549
284,13,5.774890956887414,-4.008818535126255,1.7907477141030124,-15.988173240614021,2.2762482944709936,-8.17511889279824,2.766305435696877,-3.3707019254423627,-4.304854127622153,280.3046404152998
284,14,5.774942346557783,-4.015503036216181,1.7852427113512752,-14.780625379434268,2.2803726099076664,-8.656230603276457,2.7704686469445625,-3.371734737854175,-4.307386724341199,280.30355975369
284,15,5.7740864918260035,-4.005919774720294,1.7839792944663486,-14.71118261819198,2.278604027007047,-8.043122389659201,2.7709628893012037,-3.368441030978101,-4.306796691543688,280.30513017721773
284,16,5.774921538343857,-4.0240481703801025,1.8265078633021663,-14.828511398594674,2.2802813006948024,-8.751253380643831,2.770862802257486,-3.3703524340120907,-4.311710688235743,280.3037120869635
284,17,5.7742558300643445,-4.0264317322184615,1.8448193958833048,-15.291814148172604,2.280656648219736,-8.37569707194141,2.7709415827893653,-3.3854474603974456,-4.305186258920409,280.3075406493262
284,18,5.774306527835352,-4.027367805117962,1.8130200073251308,-15.313528961280829,2.278705876925096,-8.310573999988332,2.770194522017084,-3.3758896851878304,-4.3079130539845,280.30304875922656
284,19,5.774323078287947,-4.01461048460167,1.793785099939301,-16.054871886869567,2.278042949656241,-8.196671753591838,2.768833329576248,-3.3790350647533653,-4.307751871703126,280.30327927148977
285,0,5.774934731812154,-4.007272894219182,1.8033354107441755,-15.02632349004309,2.2790155056724815,-8.492990863826195,2.769331152942637,-3.3738987949234174,-4.307391292438913,280.3025240677194
285,1,5.774951283272353,-4.013254466039857,1.8063592947814553,-15.200678532105032,2.277017224252443,-8.41450369126592,2.7684023166437868,-3.3748241263968173,-4.3086330337506284,280.30282146314755
285,2,5.774633635866209,-4.005418594966843,1.794003842997727,-15.898504095696541,2.2767136801392573,-8.450364849446688,2.7694359098342134,-3.3688801444798386,-4.308114298702622,280.3025106423371
285,3,5.774771607106675,-4.019409978412322,1.7948081356621104,-15.673830682657062,2.2784922852785567,-8.47255852314984,2.7700587061041086,-3.369655285933117,-4.306862396576102,280.3035171002316
285,4,5.775057116827504,-3.9897913294908736,1.7946031791959205,-15.558524552954403,2.276987034880042,-8.159102432727849,2.7683201923587766,-3.3795388065305025,-4.3044955840081345,280.30662617109334
285,5,5.775160293904988,-4.012628640644661,1.8029266436427147,-14.936160586731724,2.280152532816713,-8.506539407451982,2.768874415159386,-3.3735962538959203,-4.306438955394084,280.30284797457665
285,6,5.774173475057169,-3.99231748384744,1.7917566705536458,-15.44390318412896,2.2781199154001235,-8.42863711775177,2.7710461009629115,-3.3800418864816906,-4.308228752749628,280.30555538616716
285,7,5.774510828460708,-4.03288220556981,1.7785344027992223,-15.306639937292001,2.2799736728269613,-8.330133402400467,2.770919185149065,-3.378072183740804,-4.30890175693581,280.30517407039554
285,8,5.7745906884739435,-3.9869628838796745,1.804249344404836,-15.531366772087564,2.278315931391266,-8.22220592016023,2.768985705045391,-3.370514037563626,-4.30849260460101,280.3012001732061
285,9,5.773894956562439,-4.010078991990331,1.8016793839558274,-15.179977292649836,2.277897035860397,-8.278156315232504,2.7706020996796696,-3.378763909750096,-4.308560501046601,280.3041274634446
285,10,5.7742106970602025,-4.024061221806,1.8034896931775082,-15.818569346496055,2.280378879981097,-8.413349330980369,2.7700491124015763,-3.3745513203199,-4.30615613453683,280.3033023579295
285,11,5.774482539725088,-4.008681386510965,1.8239554779075264,-15.920878186735985,2.2788539820808973,-8.276592766756144,2.769547530758978,-3.3802034860944077,-4.306670563803429,280.3037962002585
285,12,5.774586729391885,-4.038383548435474,1.8328055827451957,-14.912170882342322,2.2772750225875624,-8.560001832227682,2.771255754405811,-3.3693119963374665,-4.307802318732896,280.30576999691067
285,13,5.774574063424155,-4.0180720228414195,1.8239878109934298,-15.796779170731782,2.2800299658244936,-8.517043820354816,2.7706143859327272,-3.379972812311819,-4.30505389440305,280.30647394100544
285,14,5.774696064094783,-4.017770086556456,1.7734582934703795,-15.380718410215074,2.278630271928908,-8.271511329431252,2.769635252802238,-3.3866664239593107,-4.307199106366489,280.3061338443844
285,15,5.774669167560051,-4.00165111945649,1.7965224196927012,-15.761287323351231,2.277372206276461,-8.128380952873604,2.7693360667773215,-3.372971745655065,-4.304632711696232,280.306144952001
285,16,5.775509230251229,-3.999193794488791,1.79846782955888,-15.687868269566668,2.2783415168205745,-8.445724814179474,2.767794781060538,-3.375808810068412,-4.306336565896452,280.30409262625955
285,17,5.774940516905499,-4.031311052633064,1.7816038368158877,-14.730300194851365,2.278868630337377,-8.879890710187684,2.7698142864757336,-3.3716138054397984,-4.311983000277525,280.3049979002069
285,18,5.775300671842485,-4.012937086570504,1.7883670081844887,-14.933134389115839,2.2795007173394786,-8.424629846201285,2.7688737639249283,-3.376449746888847,-4.307211107897204,280.3035509160701
285,19,5.7741456565161435,-3.994243550929488,1.8139270384421446,-15.68528606407768,2.2811891991715187,-8.500479829897372,2.7694783967180894,-3.368389267393492,-4.307586972602337,280.30123424977825
285,20,5.774685215447297,-3.993640616583747,1.784263922201638,-15.5934332912878,2.2806021200902866,-8.443392633141714,2.769549276149505,-3.3758263909601625,-4.308693438613599,280.3028981973273
286,0,5.773979125203191,-4.006077540301193,1.809449475640779,-15.400611188680152,2.2786287509532284,-8.30477391695798,2.7698750338850116,-3.382413046487727,-4.307286290307797,280.30391865079633
286,1,5.774259157762684,-4.006644670593977,1.7923205518085095,-14.812356953696419,2.2778640055097417,-8.232664000165203,2.770366083401128,-3.3765913125177085,-4.30828488511244,280.304040286794
286,2,5.774341629709944,-4.009112684706818,1.780867038421711,-15.088423907655125,2.280407878423143,-8.281030122423225,2.7703554739942424,-3.3694239529497856,-4.307710206274539,280.3026820750548
286,3,5.774538306708301,-4.0055391174508035,1.82500687430485,-15.561177671903755,2.277469921175415,-8.510855213015716,2.7688636485295492,-3.3788421571714027,-4.30744064912506,280.30327730698457
286,4,5.774670853538212,-4.069305962818286,1.8077653348872533,-15.072951346492218,2.279453457037606,-8.802423720484818,2.770581499721786,-3.37032181978302,-4.307807815047274,280.30327910450075
286,5,5.773919018409615,-4.016999021141012,1.8057732447346342,-15.980134708375477,2.2786732379946533,-8.433654274468767,2.7696588133050004,-3.376758686375258,-4.308972736954889,280.3029396912003
286,6,5.774882299107675,-3.987269160986812,1.8073150833639053,-15.637654729331006,2.277736302048704,-8.321763742129908,2.7677334954318717,-3.3722499650448134,-4.306966993342317,280.3022128282381
286,7,5.774962629550384,-3.9879790422869723,1.7819834761545275,-15.422726443862805,2.2766280688660325,-8.444957241717145,2.768577219683658,-3.3771593611524047,-4.308723438639349,280.30360447004966
286,8,5.774689384821033,-4.020549216977248,1.8152632400505317,-15.018141704058461,2.280741975671772,-8.28928229940299,2.7694486128818436,-3.3789911854115617,-4.3051533221245055,280.3043848279428
286,9,5.7748644220777585,-4.007707373114783,1.7818540842858117,-15.65275559392629,2.2765884058738965,-8.227524064622136,2.7688744730866564,-3.3792306270105112,-4.306236393603364,280.30579950290655
286,10,5.774437400296845,-4.0037954220838685,1.799407169057835,-15.63305737848639,2.280044606079806,-8.235745468849576,2.7700252701173453,-3.3824214469245892,-4.307455832229941,280.30375915197055
286,11,5.7751497813436625,-4.024297577394437,1.8042159938967464,-15.270165229224054,2.2765528296356843,-8.42945132040746,2.7696421638241557,-3.370563404606341,-4.3090512214696925,280.3038227715909
286,12,5.774577317631721,-4.025493745570811,1.7887981135856186,-15.526335590458366,2.279129638053324,-8.395570297419,2.7693955580334775,-3.370863516467855,-4.307123925589726,280.3024148194645
286,13,5.77428950356116,-4.006015607720279,1.8065588230984153,-15.491767469312022,2.2814501823895355,-8.560178924422667,2.7697232664618014,-3.37095757362457,-4.307734755386552,280.30176821918167
286,14,5.775075142475533,-3.9799964929871656,1.800712891162119,-15.422719239761621,2.2766539184875714,-8.162906416175854,2.7673434757288553,-3.379373453658999,-4.307739869905351,280.3038380560528
286,15,5.77471175098395,-3.9793534265003023,1.7881335923324704,-15.784431781023116,2.278137056913453,-8.421794270099385,2.767288080611557,-3.369023453634962,-4.306542801007301,280.30199235922487
286,16,5.77457171248098,-3.9967288685612834,1.7968400492608283,-15.967776700522142,2.279459849562933,-8.461986271996048,2.7700141808255982,-3.370129504601596,-4.306213319404368,280.3028826664492
286,17,5.774735623490124,-4.011520890922698,1.7854782870542703,-15.38869655648378,2.2800187982341957,-8.213489576410126,2.7687639274290015,-3.377209847867653,-4.307005860407814,280.3032154922941
286,18,5.774541895146853,-3.9988477307813617,1.7989765047494333,-15.25045873118289,2.276371726513314,-8.217724382736266,2.768393491490251,-3.368088592745271,-4.306882688123696,280.30198316594357
286,19,5.774484950010627,-4.050211255277173,1.8308351398577418,-15.380593907377722,2.2818344202812217,-8.708618865510205,2.7704442643356813,-3.373177281964898,-4.308331634867292,280.30294654258074
286,20,5.774653761500954,-4.013550480140973,1.7885191030509786,-14.941653111910275,2.280284533988968,-8.346539946826237,2.770201878605719,-3.3751517985865926,-4.3089502827703114,280.3031462469624
286,21,5.774555309933998,-3.9959686653917728,1.7621705450100893,-15.261030478772861,2.2768587272107093,-8.13005353442995,2.769217997057945,-3.375832686386527,-4.306017082263429,280.3065081972345
286,22,5.774501071719037,-4.023091970056646,1.8230089398128888,-15.280407927947797,2.2805530711555217,-8.529430416742931,2.769662599078189,-3.3714256680283308,-4.309239393769787,280.3022492187182
286,23,5.7749176055707405,-3.991420741831245,1.8168485294334782,-15.243958245763185,2.2774289655549067,-8.328556267636339,2.7682247437841316,-3.380154888120626,-4.307042611827336,280.3037055144554
287,0,5.77458588342024,-4.007907300406487,1.7968315193927962,-15.629543527726785,2.276599910916497,-8.446223956934494,2.769369703801061,-3.368997800483559,-4.309062807409868,280.30208094429884
287,1,5.773941726973497,-3.988174908605238,1.8123946046816999,-16.009834487721175,2.2845031027527742,-8.270729635130568,2.7702303548734357,-3.371820574020926,-4.304829987032177,280.3039643278163
287,2,5.774400742774435,-4.010802749437037,1.8386163140872547,-15.99687048340034,2.280973844611681,-8.544806865620245,2.768990994807188,-3.375792164258362,-4.306762676768161,280.30356805199835
287,3,5.774369646280949,-4.022821132422839,1.8002517157138267,-15.232334376448597,2.2811717611625064,-8.406792170569084,2.770158544651886,-3.3773818057686507,-4.305820768710292,280.30400074711247
287,4,5.774226213481679,-4.003534696725868,1.8260178743838378,-15.321990231204209,2.276552903518206,-8.265997898219181,2.769280503375759,-3.3701421592104284,-4.308845296275504,280.30152534693104
287,5,5.774221171377721,-4.037275200035409,1.8160048731028366,-15.399273643642939,2.279555839124378,-8.482478337441917,2.7701505115420817,-3.375271939626819,-4.305875854275283,280.30406505743406
287,6,5.774873590662065,-4.003739356161129,1.7971154684199855,-15.080410257811037,2.2791924761258313,-8.709634576244099,2.7685692507242443,-3.3751944465344375,-4.308934095057927,280.30283365481375
287,7,5.774674507995461,-4.009675581849885,1.8055356750290337,-15.387697185251424,2.2755909823351756,-8.415579447428398,2.768298229518298,-3.370857110752103,-4.307898819515671,280.3023836890233
287,8,5.7747443358353046,-4.0076477913442154,1.8243815387406743,-15.606982079844652,2.2801362960151845,-8.476399124318306,2.7691898438443756,-3.373847085083911,-4.306894396992014,280.3024422978202
287,9,5.7745751960448795,-4.01876427935693,1.8156948806376234,-15.326125600766508,2.277795678482329,-8.451432662565754,2.769881001748569,-3.369599175026939,-4.307922308400402,280.30222459824694
287,10,5.774256600827548,-4.007749750559574,1.822605683361221,-15.539295801747784,2.2821213596409757,-8.459405801481427,2.769892352867566,-3.372114220638981,-4.307854679125994,280.302267098901
287,11,5.774582725796026,-3.9967758437532757,1.7947644714367492,-15.53498139274936,2.2780877624007223,-8.458415922044582,2.768913692679258,-3.375400681006864,-4.306108400818326,280.3032873543771
287,12,5.774400560896279,-4.017052735034349,1.7938398849635349,-15.666803027875584,2.2802403013902053,-8.379946127524901,2.768933727746105,-3.375547214912506,-4.305894565997005,280.30320518609005
287,13,5.774486055670289,-4.0190192731665135,1.8100359187733792,-15.683507802125304,2.2789815874400583,-8.411457386631566,2.7699788426339924,-3.37281159516129,-4.307574761124546,280.30243908290254
287,14,5.774835467678296,-3.9830972019388584,1.7997214309410172,-15.553506484322746,2.2779993646049514,-8.414473282269231,2.7677281325660976,-3.3740295269502476,-4.307646594441945,280.302331661282
287,15,5.774551849060915,-4.045186148215502,1.8174470638586477,-15.276915723730829,2.2791054478092567,-8.583587570690748,2.7701088187566425,-3.367673484807916,-4.308871539087755,280.3016422102202
287,16,5.774270194494492,-4.021316357492985,1.7958821892804133,-15.129107989646371,2.279497573406994,-8.342995976647561,2.7698927081280273,-3.376314245878106,-4.307480558692285,280.30311315803294
287,17,5.7750604098768665,-4.0114992735504575,1.7961271309948093,-15.15034651725471,2.280761041829276,-8.579225677255645,2.7693151543885577,-3.3766256118955233,-4.307594608544602,280.302928194248
287,18,5.77433579298907,-4.018976984859219,1.8098985083636598,-15.60464439307638,2.280831687230179,-8.355984585186473,2.770413918346514,-3.3735035104548095,-4.3087513922247815,280.30234691343463
287,19,5.775165724177371,-3.9835208556933552,1.7692826724598196,-15.36204319464399,2.2772984358409922,-8.295828145897016,2.767550256962005,-3.367129920610548,-4.3071304527207905,280.30250997645
287,20,5.774323741460975,-4.024590437294257,1.8030293996373101,-15.27645009899356,2.27927353230001,-8.55669838438324,2.7696404874023197,-3.3742197960509737,-4.308585660416988,280.30230037811594
287,21,5.774443353355317,-4.008501899615696,1.7858289823095572,-14.97740312288138,2.2792981344628163,-8.417013910774394,2.769432977455293,-3.3799633881019227,-4.305917572172718,280.304501187524
287,22,5.774199084819232,-4.02214422066236,1.7968732560869,-15.421589707410305,2.2825794919783076,-8.422618220397776,2.770472393293312,-3.3709682468026,-4.307849248645092,280.3025781330644
287,23,5.774561551208563,-4.00823476391385,1.7999651250999291,-15.004160669605483,2.2800082807081052,-8.423292981269757,2.769127223375347,-3.380330262684024,-4.307814243521586,280.3032372721849
288,0,5.774291228427104,-4.003968842780215,1.8248710734241596,-15.327735011993582,2.2784814391756067,-8.330669812738291,2.7706322106979018,-3.372649724797015,-4.308719628687088,280.3023893275097
288,1,5.774587828158386,-4.022850402302354,1.7991183488179885,-15.706667352500745,2.280732785975866,-8.499216300929445,2.769428633650247,-3.3712109974998126,-4.307103195797179,280.30199332627984
288,2,5.773849543908886,-4.041772757625576,1.8231521126100445,-15.534238729689763,2.2800690648740933,-8.570945081016411,2.7709673295807957,-3.3730977924138608,-4.309503703255769,280.30300485710825
288,3,5.774688234986306,-3.9987520069191893,1.788970899536658,-15.50957374950218,2.2761424883672254,-8.176316432922262,2.7686381878829827,-3.3706375819419563,-4.306148714826668,280.30389403985413
288,4,5.773752765016677,-4.029495399059571,1.8088567767048116,-15.105304893398275,2.2800281955566377,-8.355409710437575,2.7708430492880773,-3.3714270935501127,-4.308809178666559,280.30278411385814
288,5,5.774422198337433,-4.037130677378212,1.8098872296336423,-15.579865692092646,2.279311511622127,-8.534315584557557,2.769364802832781,-3.3671973163209765,-4.3081917028749555,280.3012183348834
288,6,5.774381385820239,-4.015018662767899,1.809759376799744,-15.606496542511874,2.278520043593674,-8.377622564237821,2.76938783589653,-3.382508087522617,-4.3085569706659985,280.3035596809717
288,7,5.7742136977982685,-4.044459530927119,1.8022828012959895,-15.60606236975482,2.2777668329951197,-8.447936772397114,2.770030701978561,-3.373835323022833,-4.311235041658693,280.30371791642517
288,8,5.774770441361313,-3.9880331913787335,1.7855250136900378,-15.064630179444384,2.2778517191888756,-8.361921258998684,2.768173569787158,-3.3685676558586914,-4.308151341689272,280.30151248130477
288,9,5.774477402345385,-4.000079231087834,1.7965131938157035,-15.4269972894378,2.2771970379095134,-8.429309707401616,2.76804911740295,-3.373158955716756,-4.307567271022462,280.30223631905255
288,10,5.773955559261717,-4.039267996495513,1.8128809812983426,-15.278118071349008,2.2824896127793344,-8.585977047044805,2.7714752260527797,-3.3737341505587226,-4.308521147058198,280.30365229070605
288,11,5.774351640969578,-4.009306108431116,1.8008879472463395,-15.172111325312406,2.280037655094962,-8.359985769633287,2.7693744703180454,-3.378188410133133,-4.3063007174471855,280.3032924982444
288,12,5.774186913969875,-3.9954726133780394,1.8200685474719898,-15.654072578262682,2.277418607110882,-8.398170719668668,2.7700500984054566,-3.3707029392210184,-4.309321192461309,280.3015966184383
288,13,5.774561029750448,-4.005185848744325,1.793396703642588,-15.380841973500923,2.277525417873083,-8.213447466576632,2.768887321222433,-3.375952370603612,-4.308814835983167,280.30273612603804
288,14,5.7744699308314305,-4.0140462855900525,1.8055961801362537,-15.905459008537417,2.2762864268466396,-8.296211402860854,2.7689538589310496,-3.3723219933584545,-4.30898563816302,280.3022134294422
288,15,5.774886966206043,-3.9953924019424454,1.7946154099930076,-15.553811231403104,2.2800789830489596,-8.284380525877392,2.769592845716361,-3.3708936626239705,-4.308377983421195,280.3017436919612
288,16,5.774774575354688,-4.00711924620126,1.8052008663128893,-15.10457607197475,2.2778589397283246,-8.581776747609378,2.7686885270805615,-3.3741485831905003,-4.3088351871249735,280.30233199945394
288,17,5.774047176891147,-4.053772690899185,1.8253662308514813,-15.870351581278035,2.2817408523467724,-8.661944453848683,2.7709696397115144,-3.369177364742775,-4.3097493513349,280.3028124994494
288,18,5.773696890091026,-4.039229575276347,1.8371099569203981,-15.056174093916635,2.277670148194222,-8.302073243423155,2.7713695757739587,-3.3781074405144027,-4.308026152185202,280.30544776590637
288,19,5.773843450328566,-4.026657570318115,1.8317959120435585,-15.864596690177022,2.2809154993885783,-8.616116002477426,2.7707479927441976,-3.3774328235250106,-4.3098690705359655,280.30392029048477
288,20,5.77390181767533,-4.023898386597315,1.8233777601598968,-14.816345211761561,2.277371117261332,-8.358848992564187,2.7703252065797845,-3.375260993863378,-4.309623414781833,280.3028738348462
289,0,5.77429246729757,-4.0043397015178614,1.7943523770506737,-15.794341394357405,2.2784144479906465,-8.39971763231933,2.7689334033727433,-3.376595121981343,-4.308296980892789,280.30269714894064
289,1,5.774627569741049,-4.05145831326745,1.817102572686029,-15.056496524814907,2.279484079328101,-8.699586971751543,2.7701419970167467,-3.3757334590132073,-4.308954958167446,280.30308816117815
289,2,5.7749561461701715,-4.029606933403086,1.8062054508498835,-15.263441814319215,2.2798561536809054,-8.598856071656531,2.7682811981811355,-3.373942085319824,-4.306512078553122,280.3029961253877
289,3,5.774376131958204,-4.012826677910159,1.825910855173674,-15.570216524734345,2.2777674346305696,-8.515313452095823,2.7699539220132405,-3.372291259584053,-4.310707104250492,280.3023897928689
289,4,5.774382839645031,-4.016343263640404,1.813540470531653,-15.105253249269202,2.280771424249818,-8.311654923083111,2.7705116756546175,-3.378077111722968,-4.308248327129732,280.30308342408074
289,5,5.774537776359667,-3.98960766287948,1.8032907380617984,-15.067497664470835,2.2763947922872725,-8.227184731877895,2.7681395274158525,-3.3724313795045777,-4.307970286961243,280.30191957604836
289,6,5.774325285655981,-4.011214174021503,1.802400895429181,-15.933898822660813,2.280168812531055,-8.29861969275051,2.769490218528755,-3.371349252512428,-4.308305227278679,280.30175908659743
289,7,5.774247583515939,-3.9824439824076268,1.8022457888711743,-15.53582697210028,2.278780526416881,-8.104721975209797,2.7694709504993753,-3.374981236321015,-4.306812274157465,280.30240661788116
289,8,5.7744325713771545,-4.026535380422576,1.8039387757338907,-15.514007122283887,2.2798088808139747,-8.341895526041217,2.7691550805654987,-3.3771475689855213,-4.306480373660445,280.303153016376
289,9,5.774729385034737,-3.9911819629108267,1.7894148036461328,-15.46708408014162,2.2798274245785684,-8.217805825577795,2.768139060297253,-3.371023494135479,-4.308328173389617,280.3023866168601
289,10,5.774449199655862,-4.011832039901438,1.7962225887339982,-15.827632085778514,2.27804306772564,-8.305137208278703,2.768959636889033,-3.3700645328829557,-4.308400291438866,280.30163551587475
289,11,5.7740208694008315,-4.035964588178231,1.8301730594638201,-15.701125912128235,2.2802515203520453,-8.489990105921414,2.771088151209071,-3.367830565742168,-4.309762702980216,280.30205935204503
289,12,5.774165063269573,-4.003968529299127,1.8068695154110979,-15.33983299039392,2.2773876635361163,-8.281307646969031,2.769712536971322,-3.371121051280881,-4.308519153036635,280.30183721538776
289,13,5.774507644572354,-4.001396710722176,1.7862051141142992,-15.2595930580256,2.279255475607789,-8.38941194635023,2.768959143311068,-3.3760208050251133,-4.309875821045667,280.30356016367637
289,14,5.77461348846018,-4.012888439491341,1.815254318939924,-15.876086843000946,2.2802559931238355,-8.5245802453128,2.7696155891902494,-3.371724832051468,-4.308763327193925,280.3018502030443
289,15,5.774460447722888,-4.026685182026391,1.7890374886690723,-15.228352604511194,2.2815137425648886,-8.546228617617572,2.7702117507464146,-3.373493134577529,-4.308805486486771,280.3030438620857
289,16,5.774421222938828,-4.004429058396913,1.8055048879769982,-15.108673886031708,2.277657535958524,-8.33900652990339,2.768710176742838,-3.3691056420484484,-4.309137308440474,280.30134773767327
289,17,5.774341326120157,-4.014821001476856,1.827479947570482,-15.489612822721503,2.277489010814834,-8.39703104117558,2.7693145219855833,-3.372737893873832,-4.308311803457684,280.30205578027864
289,18,5.774242859449394,-4.02049257585916,1.8308324665911897,-15.483650013611323,2.2787313895020858,-8.42036678063054,2.7703711277529153,-3.3708731775869825,-4.3095900331594725,280.3019701584153
289,19,5.774549576715932,-4.022473278065542,1.8003499441909678,-15.330227503451281,2.2777549823877696,-8.526698386469478,2.7697340498265812,-3.3678329799147133,-4.30916873324141,280.30173374856753
290,0,5.774856729383933,-3.989038989820702,1.7832339715368202,-15.806510207492915,2.277966942682344,-8.270842523604491,2.767985753423211,-3.3722273905760987,-4.307151596287251,280.3024588074228
290,1,5.774336813063005,-4.007472011434319,1.7934627900377682,-15.564293273989447,2.279112293419489,-8.332373433067822,2.7691130658131646,-3.3685558178545643,-4.30854334626642,280.30143554238117
290,2,5.774613925035432,-4.004766132614474,1.792343123243113,-15.17262365255881,2.279671689695697,-8.457000867441172,2.7699430353781005,-3.370974615253274,-4.308460643810559,280.30199922668123
290,3,5.774276583041449,-4.005006101152516,1.7847853824540338,-15.230294478051274,2.278785417550334,-8.14213661835178,2.7696928440452786,-3.37284735811202,-4.309060083974722,280.30268914085025
290,4,5.774388758493143,-3.985006168948792,1.7944035391916378,-15.794515278904127,2.2766248933403586,-8.045842394310748,2.7676504406692475,-3.3688199818320146,-4.307823813547028,280.3015224788475
290,5,5.7745257518055215,-3.9929126052381596,1.8024670852658569,-15.89441290311356,2.2775282005903223,-8.265587818122658,2.7686252513250746,-3.370144922453298,-4.30918321542722,280.30144305534833
290,6,5.773983294826262,-4.029518330150083,1.8234201365776839,-15.437991357552203,2.2789510294303246,-8.48735978801843,2.770235394513745,-3.371569560334642,-4.30956452642484,280.3021301711244
290,7,5.774442842235991,-4.005240580683908,1.7939528103143234,-15.482653801943593,2.2789515452671782,-8.448399946533426,2.769674680798084,-3.3737487585780315,-4.309352109512652,280.30240162447467
290,8,5.774503156219691,-4.017746405909502,1.811328623652462,-15.068492870878854,2.2795027100455063,-8.65789202897262,2.770361551011011,-3.3684340824490286,-4.3090016248957665,280.3015367344676
290,9,5.77405421492834,-4.016804863331986,1.8026626458608985,-15.254786934338274,2.2790657330294612,-8.371893955452382,2.7696841156915086,-3.3710682002292014,-4.3076273200898,280.3019655330935
290,10,5.774980692652617,-3.9972099638985656,1.8033995478370268,-15.128445806673794,2.278677585106052,-8.495847953436785,2.7678683124535057,-3.3726875631663638,-4.308482915016022,280.30257687049425
290,11,5.774147025453289,-4.000360580647934,1.8382491462906798,-15.60097715087512,2.277541950578515,-8.274658364813432,2.7698704460454397,-3.3688151161902815,-4.308613583608409,280.30147626419705
290,12,5.774897235137825,-3.9971951653412496,1.7818135964438238,-15.239730550687266,2.277190659992773,-8.130160492080533,2.7676989306521347,-3.3743208797782938,-4.308495743399726,280.30315814057565
290,13,5.774490134152604,-4.016151690313696,1.8038720905473562,-14.860851517000226,2.2790434752075153,-8.3707642911341,2.770339118972699,-3.3745900851613726,-4.309037094591329,280.302717113787
290,14,5.774651306055421,-4.005943686250959,1.8067502200292682,-15.731575205418864,2.2779151833247533,-8.328573757600669,2.768558457856044,-3.371516504576377,-4.308685744897529,280.301745215427
290,15,5.774505182175484,-3.9876202896950264,1.7840114202222817,-15.587099441620213,2.2783848130879045,-8.043538344878888,2.7681042091044286,-3.3728350147816903,-4.308663946058891,280.3026558257733
290,16,5.774603787209082,-3.9764728148279493,1.7975361352378536,-15.195937736618218,2.2763169888134853,-8.243255814801685,2.768978900489776,-3.3696705983512842,-4.308702467034084,280.3016604811439
290,17,5.774143588256264,-4.008392000083589,1.8142233815151088,-15.275256909494448,2.2767700761971272,-8.311409690192855,2.769114437836906,-3.37154320976239,-4.309077215433755,280.301655890892
290,18,5.774020320296151,-4.028822548737874,1.845441060842837,-15.442676592507963,2.278317266156242,-8.35425121484085,2.7705029336828715,-3.3706058979535563,-4.310102876754302,280.3024357206839
290,19,5.7748370125439,-4.030178847297314,1.8274075818834519,-14.903688567410638,2.277893452978437,-8.754371670931532,2.7699199270266717,-3.368937548533904,-4.309978731170947,280.3023361796994
290,20,5.774702843820528,-3.9975129341641917,1.7948101571541046,-15.31093878799488,2.2805676635909187,-8.485583267203234,2.7686722404541673,-3.371934996919803,-4.308295230828937,280.3021927743654
290,21,5.774585833400619,-4.027680850884189,1.8089625570120327,-15.519408079802503,2.277571209825394,-8.591580808465453,2.768487880616293,-3.3704457505330656,-4.309390975146404,280.3021156989727
290,22,5.773738308230531,-4.002725767203026,1.802918982480614,-15.734208120875358,2.27808090371131,-8.3338533793027,2.7702526420567968,-3.369127260907209,-4.3090386244640255,280.3019944889829
290,23,5.774707336316138,-4.00302102458039,1.8072389929221648,-15.3276479325827,2.2788905683510956,-8.452985844861717,2.768701711017135,-3.3701990722185338,-4.307530106143769,280.301442444571
290,24,5.774573205889935,-4.028312212205141,1.8037772670331762,-15.067352797594877,2.2765059189349013,-8.436529825098903,2.7689242503075113,-3.371118969700042,-4.310228315853445,280.30247933174235
290,25,5.774645742274289,-4.012796651060227,1.809096388594629,-15.554062819005361,2.2782950572286453,-8.387783080120565,2.768400414449869,-3.370537852908461,-4.308108086291272,280.30173390272046
290,26,5.774376949264631,-3.985175070767198,1.7932750440817744,-15.562744221569012,2.2783446342533664,-8.223181366946482,2.769047638718005,-3.369168720609093,-4.309159415470905,280.3012873144984
291,0,5.774439576946344,-3.9901856821370405,1.8047535196858615,-15.67098146924644,2.276311103332827,-8.166325966965124,2.7691070419943955,-3.3678591084284495,-4.309668288734422,280.3012420366382
291,1,5.774738873173354,-3.9820005577906046,1.7997904008456325,-15.524420926697463,2.278267719597914,-8.354864009362377,2.7679347415509734,-3.371420997951849,-4.3077468695759285,280.30173568582364
291,2,5.774585442146536,-3.985126049237083,1.7881451417308545,-15.425803787622337,2.278634749665392,-8.32124520976621,2.7689023506642414,-3.368874289210361,-4.309515277208474,280.3016417654627
291,3,5.7742927873406416,-3.998728557538972,1.798234806357148,-15.489230952871756,2.2765128487259285,-8.16043832436392,2.769005031744298,-3.372897322990161,-4.3097153468205684,280.3022111627588
291,4,5.774501568495635,-3.9842993846532204,1.8042808801368806,-15.384536555676153,2.277010512218657,-8.207716195465725,2.768872694911087,-3.3684058972571735,-4.307588496282446,280.30123576537756
291,5,5.774365483638588,-3.998964967454304,1.8139374124676262,-15.480201300508508,2.279800218466777,-8.271443744705886,2.7701999753773965,-3.3717378978403083,-4.310501461284065,280.3022182812212
291,6,5.774456719457017,-4.02326535225918,1.7966224605470686,-15.402093112694065,2.279269238209822,-8.359249046872842,2.770201055284311,-3.3717000731881503,-4.30969438057642,280.3025611395705
291,7,5.774241320095843,-4.006164025488881,1.804184895482081,-15.235382326913426,2.2805825984130483,-8.356678460057928,2.7695510387866666,-3.373862743369149,-4.309253356110406,280.30266660902873
291,8,5.774669333874052,-4.024787784858562,1.7989316884892628,-15.353566874860569,2.2800759789159777,-8.47610869890956,2.7692811056139632,-3.375044867577932,-4.308771761517858,280.30268215926475
291,9,5.774314939732219,-3.999967028249236,1.8147564355328358,-15.48433814944903,2.2770167890979307,-8.291593483994108,2.7691413831446474,-3.369814798202547,-4.308952589821278,280.30128377400376
291,10,5.774967169062229,-4.003694914548072,1.817612413338575,-15.462688865028188,2.276484558039018,-8.376044567198614,2.7685938315504264,-3.370600586499609,-4.308112252392357,280.3023883240536
291,11,5.774211274393,-4.0001238405830595,1.804009000847401,-15.48772760184859,2.2781276862968256,-8.301085053070771,2.7697438048887104,-3.3745258448369304,-4.309910221165908,280.3023999343391
291,12,5.774341259334967,-3.998409920489746,1.7971657094391988,-15.515974142724806,2.278492217527937,-8.196859158865093,2.769548693116862,-3.3712303257003375,-4.309778940078778,280.30195217947823
291,13,5.7744630925482205,-4.001921067777425,1.8023377883134084,-15.264527012872396,2.276823887076498,-8.207405321354525,2.768752559950877,-3.372173151754301,-4.308119032713558,280.30191864150186
291,14,5.774233631939476,-4.001605415728468,1.8010140384094406,-15.450205986710328,2.2769554758211585,-8.322299826751967,2.769105394522264,-3.37157424372913,-4.310071855194818,280.30205213160315
291,15,5.773485955634591,-3.999028485986124,1.8047820369655025,-16.01292019799093,2.2788525682125145,-7.987026530403445,2.769859882445035,-3.370147565160011,-4.306751485587896,280.3026554277784
291,16,5.774214729782192,-4.008494023396155,1.7864764220196725,-15.330973199741514,2.278680075714918,-8.268707291796572,2.7693428363847477,-3.370205522129771,-4.30848484341212,280.30209302364096
291,17,5.774084146639742,-4.00751647381983,1.8035986067848457,-15.521482888726228,2.2808449644348334,-8.37447266074838,2.769713308344323,-3.3688735266690126,-4.308278836523697,280.30156637357214
291,18,5.77447077720909,-4.010839774226341,1.8055008363416554,-15.826746992535432,2.278779025575608,-8.41886927309285,2.7689013537096776,-3.3675919770244316,-4.307599657108735,280.30102567925894
291,19,5.774473066996078,-4.026328417848677,1.8224255817181247,-15.318318155231463,2.277527151920328,-8.381256837002711,2.7697362264382255,-3.3681467780931396,-4.308483442039768,280.30173721395715
291,20,5.774540232265106,-4.014095853484905,1.8076566453919198,-15.273582112731761,2.2773856708765847,-8.432069480278104,2.7689335299036175,-3.369856482041845,-4.308704697975276,280.3015057833672
291,21,5.774685972351939,-4.005538892332891,1.8061606700055897,-15.273095610273485,2.27940904797345,-8.301186241131827,2.769550238731442,-3.3733150625247528,-4.308014324876014,280.30198299113783
291,22,5.774447088393251,-3.997706461066347,1.7782566960121406,-15.684555908091307,2.2772344753822105,-8.383601949558226,2.7675467365042445,-3.371659906928485,-4.307141662751287,280.30277526621467
291,23,5.774751939796428,-3.9964901575211322,1.7959428878140968,-15.354132719787064,2.2770313112280065,-8.308113412911451,2.768573164281135,-3.3715396514020437,-4.307916470916305,280.30206029932316
292,0,5.774306173829677,-3.9982717403333043,1.8165409316470489,-15.29379064491448,2.2764589390550154,-8.274052792273194,2.7688572212309697,-3.3676088952806076,-4.309106806737534,280.3009188356974
292,1,5.774601994986867,-3.993525200305519,1.810899153508947,-15.564479386464157,2.2785626176784293,-8.332064548131337,2.768375349346976,-3.369680781486994,-4.307761700911276,280.3012872545843
292,2,5.774312923448799,-3.995327033306652,1.80968332352748,-15.66076954030791,2.2777276882654784,-8.174818967705447,2.768800080289855,-3.369520011734252,-4.308430357067293,280.3010414460134
292,3,5.774244518191134,-4.021101944058519,1.8152878030012283,-15.522355982803244,2.2774699652580215,-8.264857588762762,2.7694351084161517,-3.3685421353346983,-4.308239582941383,280.30139886360246
292,4,5.773986195863432,-3.9953963258589353,1.8197525229658522,-15.241739237029742,2.2786053973132927,-8.204671413726954,2.7699843598634684,-3.3688009834132187,-4.30875797327794,280.3010372301943
292,5,5.77403726102133,-3.988561970824493,1.79604539916945,-15.50351000161528,2.2772450918040126,-8.142689650989295,2.7687840385858293,-3.3696311266001664,-4.308018948568966,280.30143289480264
292,6,5.774527525514406,-4.014687871488129,1.8133337499870743,-15.616668359218673,2.277346016502548,-8.415294727502223,2.7690312859042283,-3.368168383425319,-4.30798970405001,280.301331932558
292,7,5.7747353576504405,-4.00750341806668,1.8054830463102485,-15.30464581127131,2.2770420283307864,-8.33494118937782,2.7684977673871263,-3.369143925104927,-4.307781324261743,280.301620159894
292,8,5.77443227904711,-4.014650052699802,1.8026924108955888,-15.21347671368165,2.2775818030282484,-8.249941859128313,2.769314118812845,-3.372273966136912,-4.308009174036994,280.3021560051583
292,9,5.774369421127213,-4.00614574342948,1.8127388833516287,-15.184284243370017,2.2779967684934093,-8.375309255020749,2.7698379722930135,-3.372873478145228,-4.30868168054155,280.3019917990864
292,10,5.774547855913302,-3.9843673839157194,1.7781587816708637,-15.459975005556899,2.277899289689234,-8.15012535313096,2.768646674334496,-3.36944747954878,-4.308883480670169,280.30197989143403
292,11,5.774948056549671,-3.9908398084008536,1.7881569974731164,-15.425008154702002,2.279140095789432,-8.32997328246231,2.7688634033253945,-3.368693319955482,-4.3074971093270324,280.3014977840005
292,12,5.774556973956784,-3.9902338007081823,1.8023673806665168,-15.5769202490707,2.2774372249341845,-8.236037457559691,2.7690042949081835,-3.368003501755304,-4.30829031220074,280.30100650230486
292,13,5.774560741974965,-3.9806024581639834,1.8121544666582448,-15.76967914816526,2.2757008571155017,-8.22006020910393,2.7689008215315978,-3.372789046260504,-4.309786578793959,280.30203393276634
292,14,5.774633928810788,-3.9899317565627586,1.8023737486934606,-15.876582493521447,2.2780630543962426,-8.217390638966675,2.768445013724112,-3.368454796495822,-4.307984709774361,280.30098789744795
292,15,5.7742832490657205,-3.9998683593684983,1.8186328941441248,-15.59462297842986,2.2774886180899188,-8.13118986820975,2.7686577291190715,-3.3696079568794515,-4.307869607583695,280.30122210667645
292,16,5.774746733122392,-4.010803376685506,1.8135059692421545,-15.399086660784489,2.2793463754935672,-8.398136575050366,2.7693600656024517,-3.3696432465178967,-4.30771877158084,280.301410228373
292,17,5.774280071556251,-3.99675948938172,1.7948497665630987,-15.344388383458977,2.2782486712001075,-8.39145663718208,2.768531834121166,-3.371585503583101,-4.30896274855807,280.302013069387
292,18,5.774043066516333,-3.9903135755940413,1.8292140387971774,-15.467178753932293,2.2776136923726678,-8.274223689017745,2.7705836113668743,-3.3713457155909157,-4.309564507956611,280.3020279443979
292,19,5.774622338881019,-3.993380506224439,1.8066490460144458,-15.68612266787207,2.276454682622937,-8.294139584210004,2.7680380449569726,-3.37223007044436,-4.308468452752125,280.30195518916264
292,20,5.774243567553501,-3.994821253507373,1.8115004944920983,-15.386895052301874,2.2777438030609187,-8.301001989009006,2.769013468381835,-3.3680257112957723,-4.307309853810621,280.3010873938051
292,21,5.774348734553124,-3.9836091075444005,1.7945654952411698,-15.463601110081314,2.2794904437015084,-8.234779415500547,2.768781135700763,-3.374375394363617,-4.307982509390966,280.30212060666577
292,22,5.774067687807348,-3.9967458729597762,1.8153527293215566,-15.766831146341145,2.277195506980168,-8.341745558178156,2.7692738560826275,-3.367308553089671,-4.308888439620813,280.30071539429866
292,23,5.774439375066485,-4.00530393158772,1.8153058194381777,-15.45889073502288,2.2767265904423715,-8.316839798644914,2.769438111279324,-3.368500012672442,-4.309701177338295,280.30145092704726
292,24,5.774556443259292,-4.003541722526028,1.8150479311559937,-15.341146121445398,2.2776677816028905,-8.271820899317017,2.7688223341103537,-3.3725444148171375,-4.307677136018589,280.301901356013
292,25,5.774284517342076,-4.00304808823846,1.8102411340588012,-15.687247886227842,2.278387404126879,-8.445054813627296,2.769235242155097,-3.3702792469262386,-4.309025712135456,280.30130756964843
293,0,5.774343510170708,-3.993632836493576,1.8021547109058882,-15.393514193566823,2.2773585590712453,-8.245901682340847,2.7693283265625324,-3.3691848855490134,-4.30858920100093,280.3013065022116
293,1,5.774763186236017,-3.993459894090578,1.797711283341374,-15.390793423502288,2.277479406528594,-8.266765763440265,2.7679360667063193,-3.367445273733029,-4.3077690247327585,280.30126935530654
293,2,5.774386942748245,-3.997088248124812,1.813901153685997,-15.56030313120658,2.276604140387662,-8.281027208322637,2.768841679150203,-3.36815652782982,-4.307395060872327,280.3014238928937
293,3,5.774243105242284,-3.979045104254877,1.8151187323099902,-15.640403045284812,2.276630963022546,-8.143530186189725,2.7682090775854555,-3.37007400011315,-4.307237998841669,280.3013599176196
293,4,5.7741604378223474,-3.985116680807774,1.79865721627113,-15.37238311030375,2.2787573561327625,-8.08546481760601,2.768763338620232,-3.3674446653664556,-4.307560906999098,280.30087982144624
293,5,5.774598927139089,-4.02113591702948,1.8247909426868631,-15.358629722881318,2.2775130252745734,-8.496704392922,2.7693843684980157,-3.370715002841469,-4.309586342743092,280.3019707490492
293,6,5.774109242334724,-3.996326908304042,1.8139713723811421,-15.585421717318914,2.278446852378271,-8.316447412036311,2.769257611169632,-3.368229089180708,-4.307515858586737,280.30093379423914
293,7,5.774246090751869,-4.001188963860814,1.8104519404875288,-15.360066635668753,2.2759361183653746,-8.05731906444351,2.7693467066393005,-3.3701662710363016,-4.309381243180184,280.30177220553935
293,8,5.774511989990936,-4.004941208731698,1.8038979070126997,-15.6859950681648,2.2790085366696506,-8.371898391344004,2.7688943554085403,-3.370101051231904,-4.308264273074567,280.3013812066918
293,9,5.774339490560493,-4.002745373691723,1.8133064582522491,-15.685945100196758,2.2783581630930074,-8.294898867246316,2.7692553631183423,-3.3676918560790035,-4.308881472223044,280.3008042865039
293,10,5.774092239152842,-3.9811841055967054,1.8141208037167142,-15.516016400088718,2.2787389754957563,-8.21094288399205,2.769561014401666,-3.3714801898356246,-4.308772623962144,280.30119455962586
293,11,5.774504004953583,-4.022905745454942,1.8191406892526378,-15.540149240985544,2.2807002236550984,-8.520217674833297,2.770139887457227,-3.3675310270058736,-4.308577622869563,280.3012550508154
293,12,5.77443118285162,-3.986891233739363,1.8056335044018568,-15.712331591781197,2.2774109781064595,-8.274708896599419,2.768296164564727,-3.367998268757295,-4.307924663077622,280.30083209157743
293,13,5.774266155730489,-3.986938839408259,1.8124830659898286,-15.590747075601678,2.2775282307043683,-8.237042526897115,2.768778414303189,-3.37066465400437,-4.308317722846362,280.3012011009895
293,14,5.77464696851798,-4.0206793324100225,1.8140817789971893,-15.158758057113106,2.2777092224842566,-8.578257463160375,2.7693811138206565,-3.3698917617269215,-4.3101026341632265,280.3019825520604
293,15,5.774396617240624,-3.9975625886582096,1.8060448586285176,-15.093213671237988,2.2768004366242525,-8.322868508806637,2.769660005871246,-3.368718174846237,-4.310305902505682,280.30168045239037
293,16,5.774358147686777,-3.9943243265527917,1.807019270974601,-15.616494390392376,2.276412412539075,-8.282101408669881,2.7682535459538165,-3.3700102764055333,-4.308057965532939,280.30141475792414
294,0,5.77403935387137,-4.007008059127129,1.8197443536210263,-15.458168236708657,2.279775507703504,-8.319293912261008,2.7694564475311103,-3.3687359559081425,-4.3078814097782585,280.301227153793
294,1,5.774616327152272,-3.993943334805384,1.8044364980611651,-15.435755474783878,2.2776306309240906,-8.260874905735548,2.768453682949736,-3.3702870660938227,-4.307883848584132,280.3013864257558
294,2,5.774524275683823,-3.9954565093710945,1.8063552138502978,-15.584914418127648,2.2787623032886546,-8.306624315407356,2.7684607767447926,-3.3706727673747365,-4.307753417674692,280.3015082663673
294,3,5.774575853931501,-3.984018558297255,1.7995760708299051,-15.579205985358437,2.2772719795996927,-8.169200174829578,2.7683263413288737,-3.368033703467168,-4.308533573300432,280.3010132722596
294,4,5.774042988305848,-4.008554774455294,1.8149241345213039,-15.566988945779142,2.277463860588479,-8.186976339958655,2.770049030659694,-3.3691719065161783,-4.308612398947565,280.30166339575976
294,5,5.774217582765923,-3.999146582756639,1.8149710939409749,-15.493213995607594,2.279656312192092,-8.333910672106903,2.7697542303685614,-3.370553478045531,-4.307928295932265,280.3013572111893
294,6,5.774376084166669,-3.9928252230900316,1.8118664509553744,-15.632870478881426,2.2779802590047646,-8.168128901213548,2.7682486148151453,-3.3688265063254526,-4.3083206613985165,280.30121907186515
294,7,5.774008440558185,-4.003266949165651,1.8019511686605922,-15.706720951272723,2.2788521825403723,-8.255968833500651,2.7700492933826912,-3.367754213672932,-4.308133400036427,280.30145775190147
294,8,5.774667617395751,-3.999675108276742,1.8048467785541715,-15.697709529089032,2.277864203598421,-8.334013558736912,2.7682225507885962,-3.3692927963095234,-4.307952212268512,280.3013506771319
294,9,5.774389719094266,-4.00928190383963,1.793708651376145,-15.165977456274717,2.2792322547271913,-8.349756359887978,2.7695107068316145,-3.3675903897505153,-4.3077228372184,280.30130194127594
294,10,5.774496900772952,-4.0010554517003145,1.8199174092804635,-15.634397386470328,2.2781357841325174,-8.459195765418626,2.768535830971433,-3.3694904734873843,-4.30780267061708,280.30127072315963
294,11,5.774168441491914,-3.989141018283082,1.7955705315763004,-15.70735234185537,2.28003864066711,-8.264933411160545,2.769107399066904,-3.3711597566496896,-4.30833264104226,280.30181361904476
294,12,5.774476932979557,-3.992337255220925,1.8174277504551157,-15.701811945679415,2.2782426138673824,-8.376326002024921,2.7685915404267405,-3.371601540165688,-4.308139061158123,280.30149654288437
294,13,5.7745199404931356,-3.9925587956309,1.808526481833358,-15.595330866604613,2.279397383621807,-8.414995881313276,2.7684936212926843,-3.3694631008586433,-4.308253434284362,280.30137392136294
294,14,5.77431709873527,-3.9883450695290548,1.8140934551660646,-15.792491330122504,2.278276708685492,-8.117596158080561,2.768279669113382,-3.37030728264997,-4.30694009158651,280.3015164456748
294,15,5.774476096678856,-3.99898240283016,1.817158409142181,-15.325200864168401,2.278741267490049,-8.184610625230995,2.768690353337695,-3.3734265089556064,-4.3074268611594055,280.3019063458934
294,16,5.774477328581121,-3.9768309209979873,1.7984431301943384,-15.55333135170534,2.2761814940150997,-8.013761551535929,2.768115737223103,-3.3678881512879615,-4.308833196627303,280.3010454136587
294,17,5.774245950098143,-3.983965685578694,1.8041488899467837,-15.508808681628404,2.2786214754644374,-8.141680971961925,2.7690028500064607,-3.3673342747023765,-4.308409151474916,280.3006334296586
294,18,5.774174050827295,-3.9902721036500655,1.796977630403276,-15.285639009928497,2.2788412182944606,-8.239123522211683,2.769203226385902,-3.37009161626411,-4.307263932886877,280.3015158251616
294,19,5.774415073693601,-4.002837952729569,1.808943320847013,-15.185383621947409,2.2789316727659013,-8.339038288926785,2.7695492596384312,-3.3687828010993166,-4.307461475267086,280.30122638179887
294,20,5.7742618825626915,-4.017693982787629,1.8045923936017059,-15.67936015219817,2.2804205484881512,-8.47208587930296,2.769976461193339,-3.368078806441399,-4.307856431122332,280.30133722813287
294,21,5.7740522401618675,-3.9793328128688397,1.8283547606102548,-15.857605245444836,2.278012439419259,-8.212181830860285,2.768931260870301,-3.3698706518268353,-4.308685095321223,280.3009925585058
294,22,5.774318612339009,-3.9923368781976967,1.7953769906689723,-15.226370444954037,2.2776189923070196,-8.170908721582423,2.769452162480076,-3.3678443139846266,-4.3095951299193125,280.3013590503724
294,23,5.774328775758279,-4.010312262319113,1.8112250135545611,-15.366150358633808,2.2784907473818135,-8.29861037104479,2.7690182204004556,-3.3705247541910954,-4.308580786883074,280.30137880172606
294,24,5.774409751985431,-3.985112078871733,1.8083443079911583,-15.504023774164722,2.2783654671162767,-8.268614318701278,2.7684969954870784,-3.36948900701958,-4.308367280394784,280.3010468429518
295,0,5.774385775830462,-3.982248037775889,1.7945835635432605,-15.127881925431865,2.2805639086307794,-8.212207126149805,2.7691978517065152,-3.3683982012216216,-4.308021371847921,280.3011146300149
295,1,5.774258361601482,-3.9715853082232946,1.7937427857052177,-15.7739004337207,2.2768825228536125,-8.172277228761944,2.7680333528300864,-3.3679346695336085,-4.308968220929059,280.3011855080006
295,2,5.77396936103954,-3.984754018828685,1.8065078228151383,-15.947574420661182,2.2800584537792488,-8.142471324540008,2.769257039830653,-3.369852586950465,-4.307394766047031,280.30140172037454
295,3,5.774785502101794,-4.004289698337346,1.8110943120031042,-15.555936168639711,2.2766417635132465,-8.210834753034039,2.767814921841075,-3.3673936887913305,-4.307781431047616,280.30158849980603
295,4,5.77437886797994,-3.9731677589257686,1.8095866309855948,-16.090592456993303,2.277288558202776,-8.142358195918902,2.767928517681272,-3.3699733678132446,-4.308825738360862,280.30137152721477
295,5,5.774258092658054,-3.9984712506278806,1.8165529855711013,-15.765465538058832,2.2783102750577187,-8.2239251542731,2.7687386750495775,-3.368230005216495,-4.3073147777216505,280.30103732902023
295,6,5.774413412718223,-3.9854255468230435,1.8063193807937612,-15.719136638853595,2.277867781791008,-8.093860323251807,2.767858481369758,-3.3670444920150455,-4.3073666133691155,280.30103411830817
295,7,5.774238379579768,-4.001475201137305,1.805119546056454,-15.781374613306822,2.2781649899841137,-8.268039524273943,2.7695940144505484,-3.367995588422772,-4.308858791861618,280.3010686065038
295,8,5.774496169551351,-4.00937949204247,1.81677170622499,-15.5305489597835,2.2782696582429347,-8.406155905320192,2.76927507201085,-3.3736460422094363,-4.310003191333623,280.3023313775227
295,9,5.774468405797936,-3.973134068384504,1.8016332339879209,-15.448981169627622,2.278430003891557,-8.166949206982302,2.7681917968861813,-3.370175991793223,-4.307581614804274,280.3011843094302
295,10,5.774456848709756,-3.9986188412325823,1.8228854859681485,-15.637112788964865,2.280494550990805,-8.525672799501193,2.7692401582934005,-3.3702812383460925,-4.308843335365265,280.3017705826627
295,11,5.774130190482762,-3.9871665769172244,1.8218406624371657,-15.709165401642604,2.277028433829934,-8.18097279057665,2.76846844505912,-3.370992872589337,-4.308186423511919,280.30130478875674
295,12,5.774301806240315,-3.983813502273425,1.8116624308620513,-15.32685394339384,2.2780459644828026,-8.220757533467257,2.769304592029008,-3.369736709451995,-4.308603480960611,280.3009022411168
295,13,5.774439522308926,-3.9904038247814895,1.7963076374763405,-15.242363527868076,2.2789382758504964,-8.163322632354667,2.76929322237,-3.3698230075000173,-4.307967008322137,280.301318396852
295,14,5.774554515219201,-3.9919746961150198,1.815524012336849,-15.533247602875226,2.2771538105892555,-8.2927240182799,2.7684487516822873,-3.3684263563047856,-4.308734272509264,280.30100340364015
295,15,5.774346320166794,-3.9861444797200623,1.817189983245051,-15.97077272923346,2.2786911687527645,-8.345528145199784,2.7691057593267474,-3.368497663502348,-4.308486099241829,280.30070551482424
295,16,5.7742752928965615,-4.000687278127842,1.7935230448288901,-15.581074582010594,2.277969853925369,-8.235312018916426,2.768455673738474,-3.3707155594796663,-4.309290506304003,280.30212057779966
295,17,5.774536292291012,-4.016459923999447,1.807819764169663,-15.736026540633064,2.2787792675887752,-8.3311973841981,2.7689528544406112,-3.37009980764821,-4.30850772585465,280.3015488587848
295,18,5.773895611442937,-3.986748878506195,1.8305909749738705,-15.984093188216315,2.278582722307904,-8.210567139809987,2.769331114836879,-3.3690188882481396,-4.308041834022844,280.3011060927914
295,19,5.774608265592228,-3.9943680957579617,1.8111162145543724,-15.532078930350464,2.2768887919243554,-8.285333951459029,2.7683309307314024,-3.3694910896530152,-4.308312377175179,280.30134756499353
295,20,5.774310426173971,-4.003125325753793,1.8169854482123018,-15.68351272970919,2.278663511613526,-8.312645555991732,2.768866931765314,-3.3695241040751305,-4.307631422400274,280.30123640490444
295,21,5.77424055824606,-3.9737803785180503,1.7994946114109631,-15.543515811767621,2.2763329863880455,-8.196641206099248,2.768678411704919,-3.3688581397002224,-4.309023581788101,280.3010116510349
295,22,5.774703102534138,-3.987812167427692,1.7990245745798208,-15.632766980474292,2.2792731852936106,-8.130084919608093,2.7683143423071543,-3.368550767844703,-4.307426836650038,280.3011921677913
296,0,5.773994536122177,-3.990654380303025,1.8223422022740938,-15.717896652735913,2.277297338796403,-8.324759540629833,2.7699870983270305,-3.36937927921534,-4.309095770331219,280.3013033094912
296,1,5.774337552065595,-3.9888429443781233,1.814336293164349,-15.858415859707446,2.2787688031881905,-8.222517901166526,2.768418061471619,-3.3695421684253017,-4.3076959733436775,280.30122383993876
296,2,5.774378634967325,-3.988903275711884,1.8058617262965713,-15.61846857848919,2.2778671382330957,-8.321694799103097,2.7687964069815676,-3.3677724040371353,-4.308597636218994,280.30076920435533
296,3,5.774307550068007,-3.994221981553128,1.8166007263529405,-15.566919346141939,2.2785589495497645,-8.30360507034455,2.76907141086605,-3.3700074722040765,-4.308420367079164,280.3010690857559
296,4,5.774339337149799,-3.9758958895471386,1.8072720619111775,-15.41603533368383,2.27800781573611,-8.151130591195237,2.769045493286195,-3.3678710357953037,-4.307712966697845,280.30060153748286
296,5,5.774422341581288,-3.9869668739403665,1.8138836039497854,-15.697927980095189,2.278872067169488,-8.200129499624186,2.768840996608874,-3.3673034190950215,-4.308303427132023,280.30064013796164
296,6,5.774413112888777,-3.987377152528868,1.8039126030418746,-15.585945519947911,2.2802953791313256,-8.372392479518536,2.7693164572449107,-3.370243910894227,-4.307378092611958,280.30116964396075
296,7,5.7743526928687166,-4.0008628147618115,1.8077342905326066,-15.456431547722975,2.2771056642380736,-8.226406587073983,2.7685812758976516,-3.368322614408971,-4.308433236780184,280.3010950170787
296,8,5.774234515642093,-3.9998368579315873,1.8068342026223239,-15.258349815305047,2.278983923768789,-8.280488612655919,2.7696070689346186,-3.37004909466962,-4.3082083891765,280.3012685068036
296,9,5.7744548119684325,-4.0007133027705954,1.8060556300546484,-15.603482601459621,2.2781040813991877,-8.349255360297972,2.7689383083316614,-3.36906136740704,-4.307939051212494,280.30108388363305
296,10,5.774658628621061,-3.996604057502887,1.8033813615263778,-15.312619199559348,2.277627525300548,-8.266564678165931,2.7689538322750664,-3.3675366207102715,-4.309638589650735,280.3011573399908
296,11,5.77415807326508,-3.9950777565423237,1.8308263361011194,-15.798296700497467,2.2784313105310243,-8.328459526930175,2.7698783803759737,-3.370045167240259,-4.308736169425339,280.3012377978776
296,12,5.774385504652755,-3.980212167884972,1.8051566895648414,-15.504527388322645,2.2775893521356574,-8.235779653440261,2.769106529931014,-3.369906611811535,-4.308932783384105,280.3010426512201
296,13,5.774184201411332,-3.9947153721275535,1.8144943075437663,-15.689703627460279,2.2791389535678923,-8.20534636463805,2.7688062779832925,-3.3696719338211283,-4.308152926895876,280.30127815759965
296,14,5.773876487416222,-3.9924465103345996,1.8237950584126807,-15.868916475361946,2.2779713842251645,-8.14030508624826,2.7693109237693387,-3.367645497272382,-4.307478746153235,280.30098472997804
296,15,5.774306915517452,-3.978160556683963,1.8040954515673027,-15.521516424577882,2.2777821096336943,-8.066833219686826,2.76850542876499,-3.3690515970108295,-4.3080090372770705,280.3008356202456
296,16,5.774202951836816,-4.000735175878601,1.8121368056082454,-15.47284214356594,2.2783282793748767,-8.253058283108851,2.7690182481405605,-3.3711908509361255,-4.3075505634791185,280.3014733199504
296,17,5.774504890712532,-3.9828769881650485,1.7986442063050212,-15.768752249384917,2.279945253825977,-8.225949680828785,2.7686451008798634,-3.3688850236276116,-4.308134032109685,280.3012598695757
296,18,5.7745347785673555,-3.99799851234573,1.8260894542290722,-15.421273219238191,2.2788300631402816,-8.30714789940916,2.768921170476166,-3.370300188808821,-4.308499497686324,280.3014959432832
296,19,5.774375820301205,-3.995360847681568,1.828392858530897,-15.75588210967698,2.2792128882306515,-8.375042257715766,2.7686186088877727,-3.36960644761644,-4.308078973791095,280.3015951807215
296,20,5.774226758379046,-3.9814730833405423,1.8164932131230742,-15.751158356948116,2.279089939623769,-8.193186659477686,2.769067500385778,-3.3700382089271024,-4.307900437623499,280.3009911995929
296,21,5.7743559221696446,-3.971643536156545,1.8032448260277116,-15.498217300629411,2.2774888274753557,-8.113819607988365,2.768610618748064,-3.367147768687488,-4.308350193607933,280.3004344018329
296,22,5.774480122635516,-3.9903187586708593,1.8172995302139872,-15.729029299671664,2.2781061095171,-8.39670921464434,2.7690922015174015,-3.3728507976905946,-4.308452738108251,280.30150070578486
296,23,5.774442903947173,-3.986378319664341,1.8041993880619551,-15.704858572746799,2.2766233347923643,-8.146075711524732,2.768516370746227,-3.369659422791975,-4.308269885123858,280.30125856316994
296,24,5.774628586071296,-4.005548595675429,1.8062241297666048,-15.429014215083217,2.278521294088197,-8.35569342605723,2.7687838566499163,-3.369323455996917,-4.308418727220485,280.30130194569125
296,25,5.774436230940858,-3.9886246458061296,1.8036781227433267,-15.774364910781284,2.278175791167595,-8.336749918108785,2.7683869057181627,-3.3673654465394716,-4.308586666491151,280.300828228536
296,26,5.774666058540869,-3.9766460221030813,1.8269361067460985,-15.399232259867027,2.2780249365878764,-8.258663851302943,2.768754168485255,-3.370117584474645,-4.308065210246562,280.30125935147043
297,0,5.77445605211075,-3.9740529511167773,1.7949875378742677,-15.449936408518335,2.278890812909085,-8.246475397899525,2.7690709340365247,-3.368696456243295,-4.308683495185314,280.3008889243428
297,1,5.774201545718881,-3.9779077969036716,1.8096460407204928,-15.406750787425377,2.2780637558060235,-8.171307500224987,2.768874189720303,-3.3726617651427873,-4.307689569716969,280.30140552634055
297,2,5.774242698296877,-3.977323013895159,1.8098502726579795,-15.610846819940855,2.278131285240568,-8.061825300325964,2.7685287307120316,-3.368498405254316,-4.3080412530771115,280.3007536849758
297,3,5.773988276465893,-3.9885027707494785,1.818216990360189,-15.052375316005755,2.2770083641204617,-8.157406492300025,2.7694007706547974,-3.3705510404937864,-4.307915454661933,280.30145689767016
297,4,5.77422809229917,-3.9792860936367145,1.8142397315773866,-15.821054843705369,2.2782964154281213,-8.28911496100127,2.7689113040764544,-3.367778920032495,-4.30780846513841,280.3005083521559
297,5,5.774000291257686,-3.974575047259062,1.8170344469795587,-15.90435959069767,2.2774783179223217,-8.081150920913924,2.7694041928154984,-3.3672462269364134,-4.309058720321235,280.30038263383346
297,6,5.774417611374505,-3.981952517470812,1.8099207513072386,-15.670066197395519,2.2793347311875487,-8.15044397422234,2.76850859537243,-3.370098898493233,-4.308078798054333,280.3013228436174
297,7,5.7745126233163555,-3.9746963556663535,1.806602817227394,-15.816256035052774,2.2767707794347984,-8.239926055413086,2.7684122878224926,-3.3681100473303074,-4.308844631119222,280.30076873225414
297,8,5.77421305654679,-3.9843675172947175,1.7971897994831225,-15.43262925378414,2.2782592990612356,-8.125261399041436,2.7690340844982595,-3.3690076293339506,-4.308534348747676,280.3010295215339
297,9,5.774208932190191,-3.9816775101777955,1.8017050006053876,-15.599822344414351,2.2784438321614355,-8.215688949059208,2.7690929773840174,-3.367308832810506,-4.30821393648137,280.30061343513125
297,10,5.773946150998698,-3.9779888423312446,1.816103058616465,-15.70016378898583,2.2778249160183006,-8.08096683433981,2.769111830319551,-3.3682923556514313,-4.3078296091116135,280.30072516143304
297,11,5.774313064020903,-3.997219473465611,1.8301453771734093,-15.723344964881202,2.2778850143972322,-8.282953831516664,2.7688729973747637,-3.3676598661056962,-4.307181978715219,280.301211098875
297,12,5.77428477336181,-3.9795671314898264,1.8197043706706182,-15.743318722610011,2.2772078503965547,-8.153079083650768,2.768597932228051,-3.367328223426354,-4.308136670597497,280.3005330771523
297,13,5.7743518570522765,-3.975337743904651,1.8111746217347346,-15.73122973664697,2.277158004658071,-8.161515009497405,2.7686659038173267,-3.3684476654726208,-4.308947459816081,280.300688277449
297,14,5.774377441803812,-3.9941139710695226,1.8123972399694672,-15.599453927875745,2.2780454128915637,-8.288754955783793,2.769006236118194,-3.3680018007988672,-4.308704727902178,280.3007651819664
297,15,5.77459923740886,-4.000170702250444,1.805114896185701,-15.7466693517669,2.27778900038704,-8.282821908557516,2.7689047929712296,-3.369677329471267,-4.308072151179698,280.30131385030927
297,16,5.774419808413749,-3.981505059665518,1.8037594116183318,-15.492974556583846,2.2784770889115045,-8.269101847457843,2.7685248809112806,-3.367876419905271,-4.3080445833360494,280.30069663469055
297,17,5.774369530043856,-3.9836931229991084,1.8080466514814753,-15.600662067146734,2.277863425545584,-8.248208778223363,2.768911307720071,-3.3676311628199924,-4.308531522621068,280.30058611650617
297,18,5.774286444139956,-3.9803800382031325,1.821298535065227,-15.78785961759618,2.278315365342004,-8.143559023176769,2.7685413070435803,-3.368526986487518,-4.307835693349281,280.3008559952703
297,19,5.77419881067074,-3.977068280346468,1.8135973611184648,-15.746043087188788,2.2787623648902735,-8.271045967665493,2.7691982990263386,-3.3673479893087195,-4.308206917229537,280.30036257985284
297,20,5.774269566086469,-3.9826973416486697,1.8058209222399884,-15.611837209612732,2.278247673393848,-8.143633162595728,2.769119578866067,-3.3685596284556567,-4.3086792493213695,280.3007873915034
298,0,5.773843793829539,-3.9749936279202642,1.8149277429810655,-15.903967596880188,2.2785356223781825,-8.19641888872762,2.7695480486032698,-3.3693236435009615,-4.307788523674028,280.30094185165353
298,1,5.773935992282333,-3.9755760943789116,1.8184490272667442,-15.614757883273144,2.278324799679851,-8.041187619696753,2.7691460203919465,-3.3676115071756283,-4.308058574151825,280.300497648048
298,2,5.774391609315061,-3.978065336810846,1.8109944670680398,-15.937903188549067,2.2781151918894724,-8.166198036095631,2.7685735030337093,-3.3707553446199343,-4.307688643582038,280.30108970327046
298,3,5.774446494649894,-3.9818463217630278,1.8101076760278156,-15.700557382267181,2.2800941868087534,-8.306023143949663,2.7691839205947613,-3.3687010579497545,-4.3081333227682865,280.30081171749964
298,4,5.774236304895139,-3.9851330180934235,1.8094361739117673,-15.891440848862581,2.2777435258994654,-8.29158297014784,2.7689857035628958,-3.3686096881523167,-4.308769632309642,280.30078382774406
298,5,5.7741990366084535,-3.9894669110522125,1.8112906571432947,-15.682523724183168,2.2789998595612455,-8.27096385102549,2.769314463866842,-3.3684557336101237,-4.307460393255628,280.3009146851754
298,6,5.774610243252546,-3.9957031734375756,1.8043999998342453,-15.468173534845656,2.2771551513839827,-8.392903578973364,2.76907077099352,-3.3700133618453982,-4.309064389602989,280.30151824667695
298,7,5.773979120704899,-4.0004995860456924,1.8171335978536332,-15.507041170446623,2.279467090860104,-8.248984272634639,2.7701924674705514,-3.369800847887197,-4.30852609667804,280.30136757587803
298,8,5.77421064843646,-3.974537564678469,1.8078707001068273,-15.630481674215256,2.2770235860818664,-8.153720013471982,2.76909533227692,-3.368722122400605,-4.308802572895309,280.30073580879275
298,9,5.774441337096819,-3.9869267564212887,1.8029661328057927,-15.705647037828484,2.278706593279467,-8.245165999505994,2.768671972477614,-3.368352462107699,-4.308064568174898,280.3008659451856
298,10,5.774045616335644,-3.9858043863653734,1.8123485744094354,-15.842067086457872,2.279879081705779,-8.341628839593064,2.77007347251806,-3.368417166297324,-4.307887955108925,280.3009583055224
298,11,5.774218213986778,-3.989558511140073,1.8079716714015106,-15.491024622160966,2.278289074683312,-8.321543726509766,2.7694972360762176,-3.3686137749683405,-4.308321912021401,280.30090524980506
298,12,5.774133008426021,-3.969625761935375,1.8142862202756969,-15.890057860880274,2.2775389886516075,-8.039401342591525,2.7688498155308765,-3.3693899162486503,-4.307999591460805,280.300690961212
298,13,5.774290241514469,-3.9828035522026926,1.8192380842541123,-15.604795114195275,2.27845637210943,-8.343223800239288,2.7693504996607485,-3.3679415544774503,-4.308326951746427,280.3005670679473
299,0,5.774291722527605,-3.97067899022859,1.8194230197224437,-15.77305774672517,2.2779767662063395,-8.079871589995202,2.768867536541369,-3.368721448104687,-4.307835329673073,280.3005901456124
299,1,5.774097846807518,-3.983015314208433,1.8083181078092654,-15.695260882865856,2.27792901178857,-8.247886444296345,2.7691476976346556,-3.3685945881262542,-4.308420248904636,280.300783375802
299,2,5.774427536129006,-3.9901694690273586,1.814210599751724,-15.593003076692831,2.2790350935414123,-8.432069987954721,2.769625441902603,-3.3681556432704713,-4.3090443412837445,280.30079563633217
299,3,5.774466715575102,-3.9941847047624512,1.811681964334941,-15.897944555508206,2.2783352958427385,-8.30566604943233,2.7689618161482463,-3.368590925186997,-4.308153781009583,280.3008570482817
299,4,5.774113997724504,-3.9962015030237588,1.8242337270823399,-15.460850628113356,2.2786410845359515,-8.331750549254933,2.770128671691519,-3.370210344757232,-4.3081618775949675,280.30140941349885
299,5,5.774240981193498,-3.9801650758603055,1.8225496300689512,-15.523603933237201,2.278367480418581,-8.17670909397172,2.7692504767099786,-3.3678817072718217,-4.308642222909104,280.3004991884116
299,6,5.774017362827018,-3.990793396041699,1.8219025656351113,-15.983533117283143,2.2781667875136673,-8.25344410129373,2.769509213368077,-3.3707864467083577,-4.307878128332348,280.3013533127977
299,7,5.774464947548387,-3.9769295873027017,1.8050609062250988,-15.605522192345159,2.277636727987323,-8.116233371674078,2.7689849211514503,-3.36868115684339,-4.309051961276252,280.30078289520793
299,8,5.773924612288,-3.972758617522395,1.8233463024483263,-15.79643118175214,2.2782793008254307,-8.100668181459895,2.7703066793434696,-3.3691708461927927,-4.309772467087504,280.3010341161546
299,9,5.774105512353776,-3.9906976984744253,1.8111158832899312,-15.43773229075939,2.2795490401803886,-8.195934742657258,2.7695482130472446,-3.3694076783982143,-4.307870758339241,280.3010346166122
299,10,5.774186825300541,-3.9920156377055385,1.8257681638525514,-15.882400923125997,2.2795523518519674,-8.347173790884737,2.769573530056579,-3.3679316540530913,-4.308143632577378,280.3007769379717
299,11,5.774562989457233,-3.9890681109317745,1.8030584911538752,-15.74148041468744,2.2781599523783735,-8.245881616329864,2.7689478722488703,-3.3691089298432186,-4.307494027953845,280.301163162797
299,12,5.774524904826148,-3.994862654524753,1.8207082930006258,-15.236975462910218,2.2787425066670477,-8.406342131343136,2.7693472411419466,-3.370288222044358,-4.308187651391371,280.3012102626364
299,13,5.774089345301427,-3.9822911805486507,1.8109478403752586,-15.530581226754455,2.278607319058509,-8.084646024750896,2.7693788647212094,-3.367204272491568,-4.307530409709794,280.30066018913794
299,14,5.773951359741172,-3.9778837641667484,1.8234085871221057,-15.883305923895717,2.278676958812125,-8.238524302061135,2.769474170343498,-3.368219846752264,-4.308403001072435,280.30066977238425
299,15,5.773945228440579,-3.984122129840937,1.8168080195360925,-15.640519065098584,2.278479422056809,-8.204419216145688,2.769011510968465,-3.3680357143349022,-4.308545611777529,280.3007924510606
299,16,5.773955345101006,-3.9696938714136683,1.8003220053046667,-15.429625571307437,2.277557329707674,-8.065271548634485,2.769613102876631,-3.3681368779568324,-4.308382295417325,280.30104888929407
299,17,5.773943244537848,-3.970989253364214,1.8181692200472304,-15.518258565872001,2.2782292604741725,-8.14547664264551,2.7697074490209097,-3.368630495794364,-4.308358890082627,280.300669433639
299,18,5.77421437278354,-3.9876242517212828,1.8146581854657697,-15.647865638106223,2.280093798450632,-8.309174025859237,2.769633746993627,-3.368777956275086,-4.308034397123323,280.30085647146893
299,19,5.774193669363018,-3.983646518457696,1.8048357622882265,-15.149866889599606,2.278004795666625,-8.123346636798011,2.7692326837554666,-3.3676693483307747,-4.307666156826335,280.3008143981429
299,20,5.774082536047744,-3.9902992397902284,1.809363528187704,-15.687374260452632,2.279371577957351,-8.293670823917239,2.7694880186696493,-3.3727511706474864,-4.3077542730942415,280.30166310691243
299,21,5.77413187596797,-3.9705992411474114,1.8122525001080734,-15.771049953824642,2.2770802530846144,-8.180170222645788,2.7684421883467762,-3.3687201155996083,-4.308206821894495,280.3007360310952
299,22,5.774141743971706,-3.9922851341659946,1.8213931715312086,-15.87355071841141,2.2774994684877607,-8.23740210123512,2.7688697669117874,-3.369213263385707,-4.308060599905301,280.3010496889772
299,23,5.774156466095603,-3.9939223411676728,1.8187204332925997,-15.861454125846292,2.279525130142799,-8.267188790983163,2.769282133395865,-3.3675504300230257,-4.307709390206935,280.3007674188547
300,0,5.774212686371621,-3.9791514002373125,1.8161376863797996,-15.716885556604078,2.2780954665995026,-8.26368707589096,2.7692024175462993,-3.3672277353868694,-4.308050898635087,280.30042110583537
300,1,5.7743273825229595,-3.98672869428747,1.8176260747148802,-15.772009318968026,2.278264291609495,-8.244821790814335,2.769373370048426,-3.3693432886780728,-4.308677601446164,280.3008723579412
300,2,5.774450008330236,-3.9800263383739325,1.8221893750710667,-15.59493161415369,2.277904994563955,-8.172224286602306,2.7686245739493507,-3.3694029114277355,-4.308272542173975,280.30095681693365
300,3,5.774074083904527,-3.9867381340871773,1.8208506196173515,-15.673094253882217,2.2800813316213024,-8.19945803390449,2.769707604118655,-3.367855956089018,-4.306912406532868,280.301016654734
300,4,5.773923304505947,-3.9703439426677742,1.8404687882117652,-16.083935069025586,2.2784380307857584,-8.118398578252558,2.7692207389601746,-3.3685063575947796,-4.308339567401067,280.3009935831718
300,5,5.774574521685998,-3.9930044206939943,1.8035393439862446,-15.6173898910567,2.278504571953749,-8.291619296588308,2.7690950207534497,-3.3689510544793126,-4.308441235426589,280.3009831553284
300,6,5.774533744728086,-3.987478434232456,1.8006017131659282,-15.33080579294463,2.2788786987935357,-8.241084068391046,2.769404661351269,-3.36926685531174,-4.308489823056159,280.3010041382428
300,7,5.774092411191708,-3.984524986280206,1.8168566358029137,-15.614062149410373,2.277785432500074,-8.141887991899788,2.769315320899543,-3.3690084853072597,-4.30821905088257,280.3007635444595
300,8,5.7744017671712795,-3.9755541861904145,1.8187476417555566,-15.82361553698534,2.276488220380405,-8.146128963682196,2.7684700646063725,-3.3670128594103255,-4.309219937833888,280.30061788248065
300,9,5.774454318798272,-3.9815661124264716,1.816619582883216,-15.456922575499656,2.2789826636811283,-8.237854081401455,2.769224675526796,-3.367766991289776,-4.308399521191428,280.300543744592
300,10,5.774115977711878,-3.979735043416563,1.8216298069055181,-15.674517898898682,2.277745507042615,-8.1000959996881,2.7689010889526844,-3.369078759340082,-4.308461703441434,280.30080132643604
300,11,5.77379194713444,-3.9750316367616287,1.82893354230224,-15.858199676970383,2.2775222238757227,-8.135383239529073,2.769788495969628,-3.3689087271439844,-4.308678000735288,280.30089919861945
300,12,5.77419761804566,-3.992198192459614,1.8283090264110244,-15.784354391589641,2.2777944449448637,-8.208523194025874,2.7686939927713254,-3.367518742065879,-4.308715060312492,280.30091407376926
300,13,5.7743321549676345,-3.986593448526995,1.8267166075535584,-15.74105939615715,2.2779734336372175,-8.189978752130651,2.7690835493572163,-3.368166532559822,-4.307962433335426,280.30081591632813
300,14,5.774054040954631,-3.9848974649012745,1.8204647683287656,-15.584502994503643,2.278923621471338,-8.180505443581774,2.7697797636300043,-3.3703408088314806,-4.3081862268266065,280.3011122734053
300,15,5.773945044802045,-3.9714150326960946,1.8199984923167418,-15.553694645849733,2.2791393763644754,-8.015569780075488,2.7695670273132738,-3.3673255821287937,-4.307732872775989,280.3004932865316
300,16,5.774100703409293,-3.983977798839873,1.823780985536145,-15.893266196226685,2.27961993514217,-8.221380834590374,2.769333010634753,-3.3690353808007476,-4.3086388222352605,280.30101007082555
300,17,5.774340052394928,-3.9772540561595955,1.7994546185790512,-15.574273004309113,2.275850471592014,-8.114731846977847,2.768353660241643,-3.368206378241177,-4.3084277986725,280.3011177562632
300,18,5.773958328376822,-3.9788658796016394,1.826963161728281,-15.983083784077868,2.2790437454391785,-8.174743542114808,2.769676904640521,-3.368415674176844,-4.307999296792584,280.3007809932623
300,19,5.774211153323415,-3.9707638617295324,1.8264595894128262,-15.825009045659712,2.277810351298276,-8.016201465634627,2.7687805032340225,-3.367086722822373,-4.307730777455329,280.30043217318257
301,0,5.774303351855398,-3.9752365280081317,1.8192011815883595,-15.774757965241403,2.2779872577734697,-8.066743111638944,2.769153187537624,-3.3695665558490573,-4.308315163968584,280.3007757683047
301,1,5.774143337400101,-3.982930626300896,1.8244193578578745,-15.849875339483006,2.279084401330424,-8.192316805945623,2.769247287560595,-3.368154526874765,-4.308011264305727,280.3006768638077
301,2,5.7744172651178,-3.970277792424829,1.8165053862131457,-15.386727963060974,2.2766496528940805,-8.134853865677897,2.7687548308346055,-3.367234010139226,-4.307698221558634,280.3007413447915
301,3,5.774394460606117,-3.9892739565589563,1.8165111150687971,-15.64422997359555,2.278246105824365,-8.135096132730991,2.7689216951954214,-3.3679964762523205,-4.308226581326414,280.300680316799
301,4,5.774432725738817,-3.9791528787143364,1.8145987583459982,-15.718236572549571,2.2794147483733047,-8.169445830658873,2.7691659194830143,-3.367809989068892,-4.307714117377014,280.3005315619945
301,5,5.773981601385203,-3.976376562824246,1.8288757189906897,-15.772817396114233,2.27843555492383,-8.025195970693865,2.7691152880754797,-3.368680447261406,-4.308002349675846,280.30082707181475
301,6,5.7743304313551125,-3.9799152559723034,1.8097510852024785,-15.820532464035102,2.277604896638197,-8.177886634431616,2.768609037510514,-3.367324354344096,-4.308024848261437,280.3005640467744
301,7,5.774258192181977,-3.998649224128727,1.8131141802444342,-15.46894454139772,2.2794243695542304,-8.16588037180178,2.76978235433277,-3.3692755191767003,-4.308653470352736,280.30107121389756
301,8,5.774557816681737,-3.981605276861224,1.8129890961332547,-15.590193009230914,2.2761751663888656,-8.311633840075876,2.7683500441838165,-3.368449524328325,-4.308216030490913,280.3010860691716
301,9,5.774130127394951,-3.977850202021107,1.8248029075674788,-15.753454044150915,2.277374769037545,-8.141577390824828,2.76901689256349,-3.367742184286932,-4.308788117781271,280.30048124654377
301,10,5.774169102987316,-3.9750203420920047,1.8170405002790313,-15.58657040898617,2.2779920961360354,-8.039399246523349,2.769167869658151,-3.3682064934226137,-4.307470073509201,280.3007228466528
301,11,5.77450789613598,-3.9857811933873255,1.8216553688891957,-15.842115287996533,2.2777009464323155,-8.173328976076457,2.768410821750781,-3.3678324023395634,-4.307761894124677,280.300879957574
301,12,5.774207372866908,-3.983925178936022,1.8254476366197971,-15.802665484747092,2.2792925919808376,-8.185143734676751,2.769128200331643,-3.368921299827599,-4.3082650624812775,280.3008761213888
301,13,5.7740490471077175,-3.982456198311777,1.8198604439200243,-15.743179545975554,2.2793446526495593,-8.176695187448585,2.769728501811611,-3.3689677297767466,-4.3082425053527516,280.30080298688364
301,14,5.7739907611930965,-3.9709149717709487,1.837695281694978,-15.849956043795304,2.278001654974561,-8.203923767425353,2.7692154228173793,-3.368913898707711,-4.30845963228381,280.3009067625345
302,0,5.773888478111698,-3.9772452147759414,1.8199055385059548,-15.64376682745461,2.278895444796211,-8.200470075870403,2.7694001253778397,-3.367669059175748,-4.3077539046575435,280.3006724602171
302,1,5.774103211692086,-3.975938641600406,1.8339850824376114,-15.729721711123107,2.2781864270283876,-8.139994761361665,2.769381472644518,-3.368701294976091,-4.307792423206546,280.3008861614629
302,2,5.773965054223194,-3.973856505609439,1.8202862258272965,-15.802344117732785,2.27797491838163,-8.08551410950176,2.7694845043063316,-3.3685712533238066,-4.308288197631534,280.30064604245115
302,3,5.774356491675299,-3.9837363035102427,1.8247658679992387,-15.74506255980367,2.2791970071031376,-8.098637798749815,2.769121345926222,-3.369003667189961,-4.307453777922806,280.30093066147435
302,4,5.774326289888338,-3.983495458060472,1.831390271656935,-15.780923942867306,2.2783468565154554,-8.236424734798302,2.7694101848416226,-3.367981476750624,-4.308707484965888,280.3007526654633
302,5,5.774437590724956,-3.986613295466011,1.8132365798936898,-15.666431155403798,2.2770194755552016,-8.218405227040549,2.7686502116093568,-3.369013149583554,-4.308426180703782,280.3009661002531
302,6,5.774270619186782,-3.992185829995925,1.8117907292586828,-15.62844294439829,2.2792630661680042,-8.231381415820456,2.7694739508737047,-3.368018538512459,-4.308059811469214,280.3007234976386
302,7,5.773946962476425,-3.975485949496352,1.8267599382662993,-15.997105300813276,2.278282952644855,-8.065697518874856,2.7690415637027943,-3.3695424888066747,-4.307570671020051,280.3010536111731
302,8,5.77409522740099,-3.9800385550140693,1.8342379704528604,-15.929416450669995,2.2781194095583723,-8.163751559641925,2.7693550319679976,-3.3690715066789076,-4.308820478447662,280.3009237550838
302,9,5.774440073521122,-3.976368326368042,1.813042117114713,-15.318070260004808,2.2785070426020946,-8.040960784663909,2.7687614100425244,-3.368095107607526,-4.307445031209009,280.3006497792372
302,10,5.774054301900664,-3.9871411421485283,1.8323767040666403,-15.737727541861096,2.278092189305233,-8.186388704719839,2.769360670936916,-3.367459837867406,-4.307499662131198,280.3009602373945
302,11,5.774215452154554,-3.982121092990426,1.8166788717139717,-15.479463603776944,2.2779617981528637,-8.232192778976279,2.7691481455799782,-3.368226698866184,-4.308162917546188,280.3006501573041
302,12,5.774278119601621,-3.9796632485622343,1.8264884541192565,-16.03758035364629,2.2774324816840457,-8.148078494186409,2.7690700771940766,-3.3682413324014058,-4.308480352046333,280.3006447804836
302,13,5.774451444397923,-3.989478895063389,1.8162660226434535,-15.763195033571266,2.2786609142150365,-8.225439876575349,2.7689707265688623,-3.36913811950252,-4.308342218188385,280.3008696831863
302,14,5.774339267114782,-3.9722942779695294,1.8180827751384772,-15.558115975359087,2.278506048485765,-8.072454043812742,2.768734695117682,-3.367370786511857,-4.308175211979632,280.3003981738607
302,15,5.774167944647084,-3.972323474008648,1.8148163607114063,-15.816375855783372,2.278297886064953,-8.128239321924795,2.769148437067441,-3.3683723893679187,-4.308906593477658,280.3005693185226
302,16,5.77435714851817,-3.9778447375649417,1.820548188056011,-15.803337677326056,2.2767113984719107,-8.117662335993836,2.7687161971680276,-3.3676032042590895,-4.308955279805583,280.30054762603777
302,17,5.774071398017545,-3.9692166069837485,1.807792697330149,-15.744252381220234,2.2778132140041483,-8.233224543704301,2.7691822722361166,-3.3680513834551284,-4.308970358805568,280.3005385593584
302,18,5.774209160924954,-3.972939667817624,1.8187252563486263,-15.813970870656277,2.279283379453376,-8.148510053735327,2.769115867089272,-3.369157058861011,-4.307870232548138,280.3006967533164
302,19,5.774037544035864,-3.98620821217773,1.821935835371672,-15.713592364223068,2.2776857967250512,-8.202398141904164,2.769352861801097,-3.3675385864225147,-4.3083295713748155,280.3006305648029
302,20,5.773900916983323,-3.972897503453464,1.8263302583317715,-15.75283860490165,2.2800677738049044,-8.040536130288688,2.7697309108284056,-3.3692454194305217,-4.307287664201312,280.30110066567124
302,21,5.774335954052888,-3.9803900800231076,1.8234267562800601,-15.516224443793824,2.277719284767982,-8.160275441361165,2.768827489911071,-3.3682696681659876,-4.308385682658352,280.30066990436654
303,0,5.774174182478338,-3.982442946476778,1.8146941585597716,-15.652689672486776,2.2783089087969217,-8.199324610112924,2.7692784286404204,-3.3681743605176155,-4.308263574020027,280.3006236246574
303,1,5.774437139442019,-3.979620367229131,1.8128802850446961,-15.793653090845535,2.277748102591842,-8.14027684525938,2.7689988738459332,-3.368317944611357,-4.30881407926756,280.30064351953786
303,2,5.7742284136671564,-3.973427313969896,1.81442443358524,-15.796964857009685,2.2786648605922064,-8.148299765703515,2.769178340973419,-3.3696224441289155,-4.308602412070927,280.30068756112894
303,3,5.774394688575161,-3.9810695012410786,1.826354757626329,-15.753071832789256,2.2770916430413135,-8.20889381582478,2.768707085537116,-3.3685241032920863,-4.308549572887817,280.3008540982837
303,4,5.773987702133741,-3.9908696270196815,1.8210035541523641,-15.751326895363201,2.278513089861788,-8.103612922556804,2.7693756741496705,-3.367422993477653,-4.307705434646226,280.3007913526563
303,5,5.774383174499087,-3.9766401680081778,1.824419661736745,-15.655703098426377,2.2782856320607947,-8.170190687866132,2.7685903010033197,-3.367265531697902,-4.307981167735066,280.3006175033937
303,6,5.774322887388483,-3.969713374262765,1.8193095749328505,-15.65353445449341,2.2775929475990138,-8.100738483420109,2.7689070424569673,-3.3680974285415464,-4.308715781002037,280.3004906176837
303,7,5.774145134754655,-3.974264846412869,1.8175123679373792,-15.574868554161869,2.278163519576165,-8.087350454797724,2.769157468365331,-3.36713769236267,-4.3087013099426175,280.3003088895738
303,8,5.774371693508493,-3.979968577846248,1.8076947288874197,-15.558665886778739,2.2776484957991747,-8.147670469901726,2.7688488881855764,-3.3686293991798846,-4.30863290494153,280.3007164351867
303,9,5.774076803028004,-3.980489396099385,1.8125156668470443,-15.757732699491196,2.278064054879367,-8.136394114051468,2.769250380149631,-3.368198319477112,-4.308527473888733,280.3006700206469
303,10,5.773934939682524,-3.9733170266936884,1.827258619288105,-15.784866261186151,2.2775574281516464,-8.137443350006958,2.7693918444665164,-3.367335390454432,-4.3084773403918515,280.30046904385506
303,11,5.774066451294631,-3.9831506613399807,1.8190793252684727,-15.667128721181353,2.27843578706208,-8.241001026654724,2.7692928099953678,-3.3686699722079094,-4.308298823692238,280.30071061607305
303,12,5.7740824253100484,-3.9733184866934437,1.814342198752939,-15.555826457549752,2.2780151580317134,-8.151789195687929,2.7690316405191893,-3.368317115737646,-4.30823439626164,280.30052634903234
303,13,5.774215577239371,-3.9695096361337234,1.8193835197882373,-15.817986150716887,2.2772385295827418,-8.105255171830839,2.7689144054725725,-3.3674503540762974,-4.3082246379838836,280.3004279181982
303,14,5.77426361123654,-3.9786983941096037,1.813425555368211,-15.572101660338562,2.278250338409183,-8.121249473840317,2.7692691759058263,-3.367511914508212,-4.3080876796470395,280.3004440613213
303,15,5.7747208622656245,-3.984763594456718,1.807223881042318,-15.39511736242387,2.277913835186885,-8.166448696282936,2.7688948527323847,-3.368104932795732,-4.308547838806904,280.3008557354808
303,16,5.774026634838368,-3.9725917419127073,1.8358950052838707,-15.9924812206561,2.2790129168457063,-8.253809258305825,2.7694339195599507,-3.367522800511978,-4.308785983077801,280.3007111764965
303,17,5.774169423471872,-3.9793689390601266,1.8172132293075676,-15.825692863881924,2.2793012860682405,-8.141860447236601,2.7692991479316844,-3.3683834443652816,-4.308532256356071,280.30064308084104
303,18,5.774342884207108,-3.9730473954300596,1.8107104103376772,-15.56498191151261,2.2783651489634664,-8.15761730167274,2.7688090260762324,-3.3685022473465898,-4.308533726075989,280.30056970535213
303,19,5.774370102433666,-3.9741893103548334,1.8215080663784533,-15.488614353105525,2.2786441942463935,-8.115451058334452,2.769091961948584,-3.3687323108374057,-4.308181198915421,280.3005313910518
304,0,5.774011447919644,-3.9760371022574024,1.8194930436268044,-15.722147770155804,2.2783379978353357,-8.121559894520761,2.769756139547247,-3.3682245509083804,-4.308503314311209,280.30064308751105
304,1,5.77416406151008,-3.973039992497108,1.826421999848242,-15.63507930073707,2.2777996577642994,-8.099084704396127,2.768993188545042,-3.3677216566302555,-4.3082553354131115,280.30045921617057
304,2,5.774005024859246,-3.9768650115513027,1.8292470778739125,-15.638235493400645,2.2774046235458796,-8.098435151610607,2.7693453893322313,-3.3673744416015277,-4.308834855756809,280.30049552448554
304,3,5.774164764146353,-3.9698617391202156,1.8184376336957095,-15.401707543899231,2.2786708114903838,-8.107065818685436,2.7692970167749245,-3.3675389691876614,-4.3079173601444545,280.3003537076616
304,4,5.774304814380609,-3.979045615535162,1.819422892571782,-15.784338383780497,2.2775679751038456,-8.148339813119213,2.7691898300159443,-3.368870120766453,-4.308734791644875,280.3007160660335
304,5,5.774259332168384,-3.977603131499307,1.8064293559912517,-15.563667979766082,2.2781205567481755,-8.139405802346195,2.7687485479529794,-3.368025638336699,-4.308221508923472,280.3006111436317
304,6,5.774117611068291,-3.9835618115712155,1.822592497762579,-15.512817782366545,2.2789422057807256,-8.210307457395459,2.769310466174527,-3.367996220078729,-4.3079068013331066,280.30064622774285
304,7,5.774240167675084,-3.96927648781527,1.8138163128472442,-15.73298161901072,2.27808201246534,-8.123752443994753,2.7690154841655104,-3.3676138665003825,-4.308328439188102,280.30030900603685
304,8,5.774255821422222,-3.9773297282562305,1.8188286646272729,-15.464434542258525,2.277511786656962,-8.131978922232603,2.769100209559788,-3.3677072364074396,-4.308476419564798,280.3005218307422
304,9,5.7740947687912,-3.9788307718910185,1.8148552067090298,-15.695833000359771,2.278623227492416,-8.154119941710384,2.7691038405425585,-3.3678382082908627,-4.308356159930815,280.30051659583376
304,10,5.774334230487905,-3.971230562146272,1.8122443752344548,-15.581973395953048,2.278636154394032,-8.126819324714143,2.768971239940682,-3.3680242803426816,-4.308440347544649,280.30044722945746
304,11,5.774438976869892,-3.978250003634751,1.8103042439754502,-15.577094962301326,2.278028906251906,-8.181244936633504,2.768989243602288,-3.368409718500264,-4.30868781817492,280.30066778844235
304,12,5.773979455604552,-3.9711538669117106,1.8255152893614535,-15.706854420064296,2.2777979326173368,-8.11253080448426,2.7693562702592764,-3.3671857142347243,-4.308611858418673,280.3003257915127
304,13,5.7737890176257345,-3.9722149203067914,1.8256390952505288,-15.652350731430255,2.2775763440065595,-8.136915732527694,2.769803123393998,-3.3689926841788793,-4.3088145656910735,280.3008670217811
304,14,5.774186902196283,-3.977807875961227,1.8180450214759707,-15.755801486870446,2.277234784490049,-8.125634440669272,2.7692768461226325,-3.3685857305177427,-4.308489300480706,280.30071455730877
304,15,5.774275718181192,-3.974852800690219,1.816647227738228,-15.652125496005638,2.278232420587421,-8.136469031471842,2.7692480747099832,-3.368569932333285,-4.30896602994753,280.30055154304773
304,16,5.77428735096439,-3.97643771031297,1.818885987027849,-15.715549925891349,2.277726554863341,-8.163678727312274,2.768786563314253,-3.3677965146085045,-4.308047784700286,280.3004970751401
304,17,5.7742725049093435,-3.979039876906132,1.8140156878030995,-15.785731810646924,2.278348748794308,-8.130389003413873,2.7693216796402234,-3.3672615917194753,-4.3081760762754815,280.30039720065577
304,18,5.774536709587447,-3.982065639195001,1.8216856807617032,-15.60309524041678,2.2783926437992803,-8.196488658642975,2.7688893264246013,-3.3681803955621845,-4.3074758667979145,280.30088479150066
304,19,5.774228403128828,-3.9749368740106514,1.8196846189575586,-15.821057169881524,2.2775165215952566,-8.06919979399257,2.7691793395708095,-3.3674072374719053,-4.308265359716942,280.30047662424437
304,20,5.774382239691539,-3.9800643717340063,1.8052212185170398,-15.556726084163943,2.277322096354704,-8.156114152226825,2.7690749531903007,-3.3687260463422573,-4.308493602475426,280.3009073389884
304,21,5.774123971243287,-3.980581302143916,1.8135384970256974,-15.583567543479106,2.278478526723932,-8.141391587350032,2.7693020317374497,-3.3672473436972834,-4.308159558024944,280.3004373441695
304,22,5.774071115046324,-3.9822422387059464,1.8240492950931206,-15.691579118117495,2.2785303527876004,-8.113669573375748,2.7693295114121605,-3.3674485846531352,-4.3081734288532,280.300550090087
305,0,5.774484717040641,-3.9752747726757613,1.8188426667634277,-15.595460131365577,2.2767716128436692,-8.160023480573605,2.768655207508651,-3.368389410734061,-4.3090020800453726,280.3007880366731
305,1,5.7741794051937205,-3.9713255892666592,1.8161823679569034,-15.677683772035735,2.277958856552623,-8.055949597753223,2.7693491455554984,-3.367296999909906,-4.308414312179322,280.3003315113099
305,2,5.7741957926423195,-3.977644959193073,1.8248325673433685,-15.80927290445968,2.2782030186273494,-8.131245818796696,2.769249354796708,-3.367999916045582,-4.308507292405165,280.30053350207413
305,3,5.7740376208880235,-3.97560150958424,1.8328721246466069,-15.80331271201468,2.2781498479903215,-8.055539105744055,2.7694094797489455,-3.367315045929964,-4.30844486364789,280.3005218243013
305,4,5.774171959963726,-3.971299771398733,1.8291823894642056,-15.829173178877316,2.277897895356545,-8.038621195894844,2.769256958958598,-3.368390221970984,-4.308602444318509,280.3005753554567
305,5,5.774220142604018,-3.976351757467161,1.8228058289669344,-15.668397537790032,2.277830073285094,-8.130779937539797,2.7690285878945433,-3.3672264588223793,-4.308365538318073,280.3003996963864
305,6,5.774101470748213,-3.973638378289619,1.8222550186947977,-15.673475037132789,2.2784080069410404,-8.153426292346799,2.7691164831607757,-3.3675314520274235,-4.308360570285274,280.30036786615494
305,7,5.774325755033055,-3.974113397920821,1.812749401462733,-15.781934665049118,2.2784910693871123,-8.05948565752731,2.768853894874746,-3.368138648736476,-4.307556501305283,280.30049838936486
305,8,5.774228688540871,-3.9795810268932716,1.8200720351377508,-15.741761469293165,2.2782028693879215,-8.161958558322237,2.7694240383522835,-3.3676692679066638,-4.308601778838064,280.30041588952645
305,9,5.77419859595104,-3.9766798657790123,1.804363242553011,-15.53453483557445,2.2781371378106323,-8.13374039917689,2.769304256568678,-3.368072432905848,-4.308432008443285,280.3006226292361
305,10,5.774161028471434,-3.975559131260105,1.8146512263259669,-15.5615524789588,2.278823016308076,-8.12775661357554,2.769323369934238,-3.368010295830025,-4.308103908917797,280.3005123636247
305,11,5.774375353257162,-3.9768332841806413,1.82440565527947,-15.630948690410916,2.2786463050212404,-8.095312032503545,2.769279053726225,-3.3678474820929587,-4.308540299913488,280.3004589410766
305,12,5.77420917192059,-3.9711292648811702,1.8190838174810857,-15.7145308460076,2.278070652035983,-8.025135805579197,2.7691461481732134,-3.3674138072453825,-4.308538474613743,280.3003124434905
305,13,5.7741890053526825,-3.970759063067886,1.8163347356052164,-15.716141914283819,2.277508581077583,-8.172364366969308,2.769230868602298,-3.367979417254233,-4.30856282298056,280.30043663416
305,14,5.77432026163098,-3.9742239954444685,1.8143870103518542,-15.752765269005192,2.2779623788388523,-8.169760315017651,2.7687355693013544,-3.3689056376453133,-4.308491403176727,280.3006767257296
305,15,5.774274879820114,-3.9782906440952908,1.8171319780881916,-15.635014023388358,2.278156982767008,-8.134153369077014,2.7691224889811332,-3.367469011848292,-4.307882489086288,280.3004239296545
305,16,5.774023928752439,-3.9726943956787593,1.8258615639836284,-15.843754466914634,2.278752767287675,-8.185251911996833,2.7697206860867456,-3.367574534643195,-4.308546441085907,280.30041554045476
305,17,5.7741103597619885,-3.978672718181369,1.825354708800531,-15.750122201025826,2.2782136249777296,-8.135128510426386,2.769365654313788,-3.3673310427408594,-4.308267683617583,280.3004219720388
305,18,5.774219599895044,-3.969509543766287,1.815939193579507,-15.554028994197534,2.2781866705641427,-8.145348179972078,2.769265464087827,-3.3678708989133908,-4.3082260127755,280.3003563064555
306,0,5.77428937396555,-3.9809479497615943,1.8209077038046382,-15.688455622371361,2.2777734466276995,-8.10593329193327,2.7691242548605666,-3.3682983672674878,-4.308667775775787,280.3005679287
306,1,5.774307660275591,-3.981475680664872,1.8134195701447349,-15.63518098872784,2.2784224241872635,-8.157997901127299,2.769268298884228,-3.3684538536214763,-4.308986911653462,280.30065104658894
306,2,5.774142473425592,-3.977304336287715,1.8232674417326369,-15.738812775475743,2.2792946985815257,-8.18487646202413,2.769582403427244,-3.3680724829388335,-4.308087474760378,280.3005454929703
306,3,5.774294285591104,-3.975948368937826,1.8268845368199313,-15.7569318444143,2.2781223340566106,-8.104383145736323,2.7692421081700087,-3.367242707604098,-4.308502879405442,280.3003419372667
306,4,5.774269382544921,-3.97771892261686,1.8195793594458207,-15.694480796082079,2.2771377007884595,-8.064938931140526,2.769125921812518,-3.3673974376862508,-4.308884924592965,280.30046381563915
306,5,5.773977561321039,-3.9800796395255813,1.8282873426248205,-15.822476383154036,2.2776776680928537,-8.160374155191562,2.769364174196891,-3.3687014978651098,-4.308493017734028,280.30079704537934
306,6,5.7741010465695455,-3.969650709589127,1.8211349001815398,-15.552924103292384,2.277833863599871,-8.046372947564063,2.769397166849646,-3.3672811135967806,-4.308642437910213,280.3002966933449
306,7,5.774087717658463,-3.9747510684342484,1.8233388749596378,-15.642870668927783,2.27912918300777,-8.140527951731256,2.7694922118467185,-3.367982997264267,-4.307881317265092,280.3005544746295
306,8,5.774254063515357,-3.9702500160151497,1.818236448763787,-15.749291185472092,2.2781009575252655,-8.097682471428843,2.7691558388286373,-3.3675914971179925,-4.308817830964566,280.30029988608817
306,9,5.774291290306794,-3.9785487637047563,1.8224097021002292,-15.669265686125675,2.279017943818618,-8.06102603857377,2.769322819315474,-3.367957252115916,-4.308389106254107,280.3004974015006
306,10,5.774095357467181,-3.979463619561428,1.8241301879472347,-15.681348699751164,2.27791029571297,-8.172714076817739,2.7694674987061103,-3.3682874381993746,-4.308371070046266,280.3006165807037
306,11,5.774131636039576,-3.9796478563041036,1.819291895477663,-15.89354334538751,2.278016537964109,-8.136460498115653,2.769269466330228,-3.3681744448405033,-4.309036835153475,280.30057394377263
306,12,5.774280661449488,-3.97327933154166,1.818011619183327,-15.80042702185486,2.278259914852863,-8.120939808906364,2.7691121545828734,-3.3683130685080935,-4.308495815373832,280.30047043623057
306,13,5.774128958800461,-3.969685489249694,1.8271920663526493,-15.660594015942783,2.2780017800278887,-8.085078230675887,2.769428019842159,-3.3679420008192773,-4.308943254220424,280.30041054842764
306,14,5.774155826405334,-3.9705267963431283,1.8134298932907749,-15.657459960069106,2.277222554727228,-8.130927773057001,2.769293556352031,-3.36818342800682,-4.309036396372237,280.3006189969588
306,15,5.774466495687457,-3.9792730663864173,1.8175254852734373,-15.65957198612545,2.278099252206923,-8.141598134658276,2.7691987114399534,-3.3683946059553906,-4.3086219502487495,280.30058949541046
306,16,5.7741883031400905,-3.9727630587594547,1.8146619867809752,-15.684491666571736,2.277661939175567,-8.1268207166635,2.769123996099429,-3.367477546571348,-4.308586277352184,280.3003668392008
307,0,5.774074324288738,-3.9741905686244796,1.8220245248108236,-15.610945964208764,2.2787519126297275,-8.038741778559201,2.7694589700221646,-3.368116566935691,-4.307975081839696,280.30054307563194
307,1,5.774458640451524,-3.980996129508143,1.8106975616248913,-15.41709919112749,2.2778520935942748,-8.172915536559623,2.769091304765506,-3.3679220149309543,-4.309081034326558,280.3007052360341
307,2,5.77434879274671,-3.975617139439028,1.8176155337389222,-15.760632389826787,2.278293347375054,-8.089711060435244,2.7692797672607816,-3.367722354706977,-4.308840331898132,280.30044638296886
307,3,5.7740983122748695,-3.9697036175056137,1.8214468569551445,-15.67339855884118,2.27797337606555,-8.079256381182777,2.7690525533430708,-3.3685254720584847,-4.308661041618471,280.30047117782493
307,4,5.7740923465407255,-3.972755556571787,1.8273235988217802,-15.498366701302972,2.2776109840572927,-8.089676536702397,2.7692392386100853,-3.3679442147071015,-4.308781535047911,280.3004751799245
307,5,5.7741669051973945,-3.9795032104506927,1.8235906438886733,-15.77290813845091,2.277624088766695,-8.073268576301103,2.7693569133792924,-3.3680979835175826,-4.308762255464079,280.3005862135401
307,6,5.774202225833233,-3.970785800943463,1.813080888101152,-15.585890223707688,2.2778115966043346,-8.139383689987552,2.7692358992454356,-3.3673270650310902,-4.308824750393145,280.300347276391
307,7,5.77414022751669,-3.9761064607451098,1.829018828096219,-15.978011424175472,2.277977810792103,-8.091625750510701,2.7694237770127352,-3.367514991827329,-4.308635436287517,280.30044868874575
307,8,5.7741410975600065,-3.970851022622146,1.8195594452258725,-15.81049293353873,2.2778491637612945,-8.102208595506095,2.769032647782381,-3.3676924322632686,-4.308556707674666,280.30031650975195
307,9,5.774284691509006,-3.976788735907457,1.8198773151511185,-15.781584608576072,2.27797979969539,-8.094186250218465,2.769187789948023,-3.367892763522996,-4.308463302369612,280.30047467272664
307,10,5.774283565852845,-3.9745191450095443,1.8246210413671426,-15.58424761151366,2.2777415128262577,-8.056044067907772,2.769230816441582,-3.3684796499208587,-4.3092006798065725,280.30059883545346
307,11,5.774367369678131,-3.9730130177630745,1.8094723152986618,-15.391828336641465,2.2776827870334073,-8.155447997942195,2.7691275350575046,-3.367715503790631,-4.3088837232109,280.30045530367187
307,12,5.774161679600724,-3.969130106886406,1.8155407119115694,-15.598372501055524,2.2787185403300945,-8.13941592642319,2.769318260385246,-3.3679053702012616,-4.308950158205054,280.30040811977545
307,13,5.774213306405285,-3.973565127598389,1.8170602799093727,-15.626109858484387,2.278922590841159,-8.059424395527426,2.7695721354765364,-3.3676545145260084,-4.3084169568206105,280.30033809685233
307,14,5.774101261427272,-3.986103824040023,1.824384275395934,-15.77773434138007,2.279035412846123,-8.187621826172764,2.769544679074898,-3.368993573125866,-4.308460834874147,280.300837305564
307,15,5.774116088867262,-3.9720501210666046,1.819066795306616,-15.84779727943218,2.2780304390696124,-8.114882767442719,2.769628732774418,-3.367402249426633,-4.308459750780585,280.300419706459
307,16,5.774187408952406,-3.973573898896319,1.8291997907485225,-15.752814367453372,2.278750431549935,-8.127640588753964,2.7696395741741684,-3.3675123442858443,-4.309032255850156,280.3004445084583
307,17,5.774184710851799,-3.9742295030076646,1.8209502209308706,-15.551040750913293,2.2776949369167263,-8.117010642799643,2.7689106052395505,-3.367675466460753,-4.3085450033621715,280.30044081617
307,18,5.774267823820583,-3.979733650922512,1.8132732392070299,-15.740184057078602,2.278200223162373,-8.133528080354031,2.7690958620559676,-3.3680107831905906,-4.30854257906652,280.30054399009987
307,19,5.774380038488695,-3.9788482107090877,1.8166014361321703,-15.638069321839497,2.2786642916183424,-8.144036211340989,2.769324781753721,-3.3681078882162665,-4.308139748580979,280.3005145181978
307,20,5.774282654518357,-3.9780808287852794,1.8198142960945605,-15.709294519603324,2.2788330630491256,-8.154067316875283,2.7692424581625406,-3.3681511971319855,-4.308610938118826,280.300510740528
307,21,5.774355430883239,-3.976406875312384,1.8268302472988205,-15.69300576400774,2.2777688194796872,-8.049184550810187,2.7692680108324472,-3.3674165007101267,-4.308691290345796,280.3004240820221
308,0,5.774111867817141,-3.974114039047761,1.8197610575781769,-15.527423419408102,2.278507622195613,-8.115110386304394,2.7693068237919882,-3.3675438489194645,-4.308797902516248,280.30035727121304
308,1,5.7743591774415615,-3.97452113826554,1.8180931662555582,-15.701292369029133,2.27767369103466,-8.160575844839007,2.7693140386377406,-3.367922403121767,-4.308997593327106,280.3004945336396
308,2,5.774268096866387,-3.9750721817086947,1.8147986497212663,-15.715711248003222,2.278781443477282,-8.122143794971128,2.769340835635322,-3.3687495273605506,-4.308209863854241,280.3006089901079
308,3,5.7742197552481755,-3.9701987811492963,1.819885724938008,-15.481654893669527,2.2781354040151673,-8.085891274767729,2.769461099525578,-3.3672619381785163,-4.308676605261008,280.30028063274506
308,4,5.774192447107266,-3.9756730998492826,1.8189820437560664,-15.868941315376077,2.278571399737414,-8.089486610951457,2.769648491797201,-3.36733668037322,-4.308576098677777,280.3004055761915
308,5,5.774121145830608,-3.975156369216777,1.8197952670244715,-15.820766822022463,2.278357077742952,-8.142215436561367,2.769216344299767,-3.367618353563301,-4.308804573592031,280.30039781835114
308,6,5.77418167841485,-3.9781028538977026,1.8229384260529025,-15.731210777282834,2.27812317238834,-8.16134481685475,2.7692036164447584,-3.367739539951904,-4.3085085405274155,280.3004425495682
308,7,5.774231205699471,-3.9725106543041506,1.8219213689603022,-15.725048960295592,2.2782033376729007,-8.050693164125146,2.7694649639945528,-3.367418931036012,-4.3086249790633975,280.3003434723422
308,8,5.774207706756107,-3.9714575321843752,1.8169709766446005,-15.773386834250399,2.2777056720400926,-8.07471276653047,2.7691150100096884,-3.3673388038939884,-4.308788361568444,280.3003345997431
308,9,5.774185981157272,-3.9735993019946605,1.817576863662714,-15.604672106722393,2.278363142564691,-8.129262339075213,2.7695174848323494,-3.3681699503763842,-4.308465783437108,280.3004773006189
308,10,5.774123431939971,-3.969674198450303,1.8256776525599834,-15.636586886773925,2.278849949038988,-8.08219879845301,2.769380806249219,-3.3676214361375445,-4.3081621092048,280.30033269973694
308,11,5.774158883985801,-3.971976463039359,1.8180444059402057,-15.770789184554124,2.2789751206764715,-8.10256514604072,2.769422314574522,-3.3675939142125073,-4.3087403176093195,280.3003360593568
308,12,5.77412678426255,-3.98265128730955,1.8270138344161266,-15.780206901426657,2.278783504906806,-8.12006450080162,2.7696565600823595,-3.3676410495538733,-4.3080486162753155,280.3005891937685
308,13,5.7742669548271195,-3.970018573167886,1.8097544721352692,-15.614396048344624,2.2785006550724107,-8.081251095453313,2.769219958478527,-3.3679242243467717,-4.308730072871869,280.3003886107206
308,14,5.77418303118031,-3.9756435408518196,1.8156112507517528,-15.555962683014805,2.2784534138499852,-8.087640470093985,2.7694830568478483,-3.3675860971732,-4.308616587880762,280.3003827824638
308,15,5.774169386450455,-3.969360901808,1.814357081552954,-15.642853602267962,2.2778055257115457,-8.069808074540456,2.768831859189064,-3.3676120102992346,-4.308333995033937,280.3003562524958
308,16,5.774219174021089,-3.9712159532542173,1.8153552384276126,-15.680852635793924,2.2782471918199874,-8.101182176145874,2.769390232536441,-3.3682275074022914,-4.30841018870281,280.3004686298242
308,17,5.7742932361282735,-3.9841818615414755,1.8152685963485882,-15.603646581292558,2.2784075404775033,-8.162644798422404,2.7689766919518486,-3.3677103331671794,-4.307540900313017,280.30062623581455
308,18,5.774338003810672,-3.972384283068213,1.8158565981231083,-15.497283456936,2.2785812590910544,-8.040936026253089,2.769131766394178,-3.367611672015076,-4.30848517599549,280.3003090726239
308,19,5.7742706245538225,-3.9736880341964196,1.8136086253708692,-15.692275739039383,2.2776833359620627,-8.113709116597798,2.7690989502313217,-3.367243249571105,-4.308819200559262,280.300366663252
309,0,5.774056293320395,-3.9792582771502274,1.816935248614489,-15.386232922787078,2.278492292120879,-8.069372741661132,2.769506252591515,-3.3678391258599625,-4.3082943496671735,280.3005549563702
309,1,5.77407673496643,-3.9721022176567877,1.814835433285374,-15.56354888420737,2.2784899082425953,-8.11675602583778,2.769442343439223,-3.367495981657476,-4.308309929194401,280.3003402933673
309,2,5.774342989117042,-3.9712245757172795,1.818575268593075,-15.598037688200627,2.279237015828767,-8.034870465493862,2.7694375925818786,-3.3672656597716153,-4.308886596774216,280.3003581720815
309,3,5.774253046300639,-3.9727817316539773,1.8141297380294974,-15.472034397288947,2.2783831609459875,-8.073940378622096,2.7693335628658455,-3.3679509031981847,-4.308287246917718,280.30044248589263
309,4,5.774091257010042,-3.971636953045898,1.8211111911556537,-15.426791295815674,2.2786054812747465,-8.130939213914713,2.769270381894258,-3.367679916757889,-4.308266506014847,280.30037825204704
309,5,5.774357336144662,-3.9765684211557035,1.8224948429318313,-15.72977792265759,2.2785366450241527,-8.052979433489929,2.7694871205524576,-3.3677767341603,-4.308758300368996,280.3004402331916
309,6,5.77427929641358,-3.973299564241785,1.8161116675429634,-15.600855984871,2.278194119789528,-8.103655034436676,2.769268402848319,-3.3676877588056433,-4.308714036363221,280.30028655332865
309,7,5.774338563891414,-3.9717159401045423,1.8182169988698944,-15.587917056255792,2.2784262968104225,-8.112441041183521,2.769119918218155,-3.367667290593332,-4.308136382235809,280.30033576616665
309,8,5.774196583043673,-3.975329568064127,1.8221976699250566,-15.541987348354995,2.278395133941021,-8.166113122505191,2.7691297447392555,-3.3684173501878996,-4.3084661483276046,280.3005685063975
309,9,5.774236733002124,-3.973011891412712,1.8167454243072134,-15.68516159339716,2.2781450309638442,-8.133282378523877,2.769420172490908,-3.367562026819536,-4.308656925507766,280.3003471496653
309,10,5.774114387087835,-3.971132397027932,1.8183831623941002,-15.664454789826287,2.277601970034628,-8.058669507647926,2.7690590989085693,-3.3673098438818134,-4.308658908451928,280.3003251808938
309,11,5.7741518897581,-3.9736739683388924,1.8255881598173385,-15.772054019042942,2.2782301011292736,-8.09662512901923,2.7694522891130546,-3.3678898416912997,-4.3084290050005265,280.3004332098295
309,12,5.7741823402226515,-3.97332536025655,1.8133576920681342,-15.681538396894355,2.2783703913805513,-8.071574988846145,2.7691330865581767,-3.367651361693035,-4.3083673640137565,280.30038572935825
309,13,5.774305259312151,-3.9744482480592342,1.818811192679391,-15.620993702524803,2.278969879451864,-8.0910337473992,2.7691434363454666,-3.3677589339150398,-4.308557169687951,280.3004296709488
309,14,5.774302802847449,-3.9765189877960645,1.810757426898153,-15.552011762866233,2.2787234048126055,-8.069871787723875,2.7691822311196046,-3.3676151291347174,-4.308174591809035,280.30038142208383
309,15,5.774112214196771,-3.969914411605328,1.822718299310599,-15.63224647020852,2.279004126694179,-8.06762563785339,2.769462139657605,-3.367771261197186,-4.308515426993605,280.30037481259865
309,16,5.774304757020465,-3.975335754070382,1.8178931146505155,-15.520495533907804,2.278481077448534,-8.110938680366237,2.7693176333758625,-3.367778733764893,-4.308577048345837,280.30042855765936
310,0,5.774189865847373,-3.975371948096788,1.8239516779525446,-15.801751456162599,2.2781458209185854,-8.086785729567648,2.7692476059069984,-3.3679083250723076,-4.308782126049201,280.3004735337969
310,1,5.774269262398056,-3.971366681790916,1.8189327864913298,-15.464417003222882,2.278922664215158,-8.065327282054772,2.7692467582171414,-3.3676469423053788,-4.308355213654571,280.30032058229784
310,2,5.7743187055792395,-3.972053054417926,1.813241089872069,-15.656206084765355,2.2780442552613818,-8.131326221860244,2.7689129845890452,-3.3676991975631685,-4.308551387239046,280.3003454162987
310,3,5.774153104826532,-3.969317066908967,1.8228526873475879,-15.653824028903985,2.2779236842217765,-8.054206877908001,2.769235184805337,-3.367746545181634,-4.308561817148243,280.3003845242663
310,4,5.774341279190363,-3.975697098591376,1.8196852442998674,-15.54165612313536,2.2781034851019664,-8.115000313171588,2.7692071175167485,-3.367551739726035,-4.308701841699566,280.3003497256102
310,5,5.774019367753484,-3.9698882438836893,1.8204676118379801,-15.45148458037231,2.2785338720402146,-8.066993411502946,2.769915621077289,-3.3676824355189225,-4.3087395583404655,280.30043407945766
310,6,5.774162016046973,-3.974886403089886,1.813462811195385,-15.667766380252495,2.278779116629621,-8.138898580058838,2.76951877609772,-3.3681625233004753,-4.308459853734618,280.30053696674383
310,7,5.774138581788219,-3.9734887258866354,1.818383584163368,-15.607263739031689,2.2782422868044425,-8.075434834763353,2.769487567727557,-3.3678243616106966,-4.308455563884351,280.3004567446439
310,8,5.774178703944523,-3.9766163708294844,1.8183036271750834,-15.580891538144446,2.2780158987703722,-8.103281654933584,2.7692691692736098,-3.3678060298315344,-4.3088546942769135,280.3004597601592
310,9,5.774261072753358,-3.978082027347552,1.8172250108813521,-15.612851625350938,2.277362510908391,-8.139623247274114,2.768990493168154,-3.3675805479097156,-4.308800753149708,280.3004651172511
310,10,5.774293194407303,-3.974824531405067,1.820717549068645,-15.612082319088508,2.2777009760453737,-8.079290022743002,2.7690743134849036,-3.3681444847481603,-4.308876412054027,280.3005025233929
310,11,5.774166900484713,-3.9710941762137817,1.8204208679912255,-15.765874216758334,2.2784991065828843,-8.055614477665484,2.7695764820365105,-3.3673105916750763,-4.308827034989113,280.30027022592424
310,12,5.774207396492185,-3.970827395698187,1.8166258832210644,-15.73028185792086,2.278197583425314,-8.075692498778754,2.769310994411295,-3.3672774589061714,-4.308695085343654,280.3002544896647
310,13,5.774300460867352,-3.975985720558621,1.8186846298369754,-15.481157737729117,2.2784020741838753,-8.111931761340495,2.769297249254704,-3.3677429548743807,-4.3085069660192765,280.3003872862858
310,14,5.7742374043207,-3.9747331371784473,1.8159301924845663,-15.5407146316529,2.2776999026358595,-8.07500681111815,2.769101044519316,-3.36771372173761,-4.308306056034927,280.30039914345673
310,15,5.774232328325959,-3.9732947557105756,1.815303967377333,-15.49874357898168,2.278119126832464,-8.120676937628614,2.7691087246079817,-3.367374595190674,-4.308270690636011,280.3002926728898
310,16,5.774224564999553,-3.9743848119586556,1.8214725346133402,-15.614784211352132,2.277736920927068,-8.127827007597121,2.7690228092215796,-3.367499153193307,-4.308536206942749,280.30037359955134
310,17,5.774276110712371,-3.9737769402747363,1.8100221283735434,-15.67381926445269,2.2786177948015967,-8.107300724137732,2.7690816045842412,-3.36809863435332,-4.308454108954787,280.30046531750855
310,18,5.774109268859421,-3.9700317514041874,1.8159656710188705,-15.740020707871937,2.278263732698613,-8.08333756287932,2.769278889550529,-3.367524780867242,-4.3086916698002815,280.3002929032875
310,19,5.774179233824714,-3.975170464394169,1.8218497757152077,-15.743902330658726,2.278263599723814,-8.107421019617092,2.769392450443385,-3.3676759451651095,-4.308399503135947,280.3004117350578
310,20,5.77402637728842,-3.9724716374723013,1.8226752791560947,-15.81361471832511,2.27831384799248,-8.095740526303722,2.7694798933015234,-3.3678803325682716,-4.308426139554515,280.3005002254879
310,21,5.774430779328653,-3.9691898276463236,1.8198276261760953,-15.6131924154503,2.2783091431392224,-8.029793601138152,2.769064919350158,-3.3672189727486335,-4.308174474197209,280.3003003064556
310,22,5.774312698690463,-3.9762174383482733,1.8198697014631577,-15.64009629882413,2.278617848003734,-8.076204478169197,2.769323556291531,-3.367630220853573,-4.308475311654477,280.3003781313777
310,23,5.774327325211633,-3.974337837753529,1.8141221665673484,-15.55499090927983,2.2787763617709405,-8.111271766105661,2.768925882664332,-3.3676494905040286,-4.307863713966353,280.3004105844824
310,24,5.774303045754238,-3.9734988648357894,1.8153953842886579,-15.626054768334006,2.2789566688076905,-8.129622030982379,2.7692277781936965,-3.3675338067826486,-4.3083261910449915,280.3003173132681
310,25,5.774220273693694,-3.9743223182344973,1.820385605589025,-15.588348459956547,2.2788767915820243,-8.090871183986126,2.7695068935053704,-3.3681403276963837,-4.308858995749496,280.3004637400851
311,0,5.774284107309341,-3.974158905386256,1.8062676721044637,-15.553160229023716,2.277822948324141,-8.16211912461892,2.769014536102051,-3.3682835646949916,-4.308546092314784,280.30059953313867
311,1,5.774276600912564,-3.976598755485101,1.8164086585509815,-15.707503142171744,2.2788072063670586,-8.155540635826078,2.7693589646675845,-3.367460171568158,-4.30844386950631,280.30033213768945
311,2,5.774330690012305,-3.9743129030567244,1.8187547082371802,-15.600540067441115,2.2780519308117793,-8.103792917426434,2.7690802078173786,-3.367507777942452,-4.308594935879157,280.30035422922504
311,3,5.77416474972977,-3.9697031348647043,1.814671716253381,-15.596101203374099,2.278760701154554,-8.08079230518767,2.76953615563642,-3.3674194365181473,-4.308786027932076,280.30030405141963
311,4,5.774135866349035,-3.969839934923532,1.8188823609111178,-15.517020195586104,2.27801226287605,-8.05693456324428,2.769202194102415,-3.367418644573091,-4.308285826982663,280.3002726908413
311,5,5.774245636518493,-3.9706931455432435,1.8145375860114443,-15.611078221459595,2.2782183790112653,-8.077797450826788,2.7692422319803676,-3.3676182968823083,-4.308644699105131,280.3002762466798
311,6,5.774243011465566,-3.971797462953648,1.8176070617776132,-15.569023507765595,2.278634368144128,-8.1165757557667,2.769452308643262,-3.367707274877868,-4.30860420323088,280.3003651299181
311,7,5.774278342315941,-3.9716294381155506,1.8148141508668247,-15.7074772262839,2.2784414493546907,-8.087478965052274,2.769180180551812,-3.3676894569018727,-4.308549961037787,280.3002931957605
311,8,5.774266697552144,-3.974362595222655,1.8133685519428884,-15.567113151752533,2.278005035507138,-8.087589732176705,2.7691652032301937,-3.3673545474489024,-4.308495811680058,280.30034660862486
311,9,5.774174713711111,-3.9760480699770406,1.8166894699012988,-15.552110324285794,2.278235966035024,-8.132014278137964,2.7691926218352747,-3.3675481922228547,-4.308626534399803,280.30040476366594
311,10,5.77434044460044,-3.9759269635679675,1.8164494977207666,-15.684286670760164,2.278170406790798,-8.090697940551282,2.7690966827315715,-3.3676537413536534,-4.308540766494395,280.300341315986
311,11,5.7742202600266666,-3.9716820529421324,1.8206634993911237,-15.57181330984499,2.2780407538879452,-8.092196045926238,2.7693109625035492,-3.3673206440936947,-4.308632957413607,280.30026827645787
311,12,5.774418894035968,-3.970459269187891,1.821201798166674,-15.737887792154334,2.27843588931223,-8.043804521901926,2.769163028045506,-3.367248970845662,-4.308632166621629,280.3002764913077
311,13,5.774294893010313,-3.9730925453192425,1.8253074659779829,-15.66434385674918,2.277898279955628,-8.022342135001596,2.76917149450072,-3.3671608244418483,-4.3086137855020255,280.30031334133866
311,14,5.774260569840117,-3.973539600541126,1.8134519832655733,-15.593564957079161,2.2781809646703457,-8.096077372271447,2.7692624190930735,-3.3675371783229275,-4.308692071622379,280.3003417233868
311,15,5.774237670129117,-3.9738488889251395,1.8182030018681248,-15.637381984350517,2.279139875204298,-8.105541556622946,2.7694526363009655,-3.36812386848607,-4.308315504134879,280.30044568187384
311,16,5.774301184817645,-3.9755897698002376,1.8209631928140264,-15.664344437066484,2.2789176692547186,-8.091691018094348,2.769289322247478,-3.3676358179904424,-4.30844850253621,280.30037047723897
311,17,5.774290181557803,-3.9691959849769973,1.8218532891263117,-15.69013721670402,2.2787894563026487,-8.078266333044409,2.7694089543597777,-3.3676501868963014,-4.308702128401156,280.3002879680664
311,18,5.774171479739605,-3.970706351199082,1.816767707303952,-15.661246406191653,2.2780141049886993,-8.079585565242452,2.7692481684724073,-3.3673367062044375,-4.30868907357826,280.3003076900619
311,19,5.774297747008107,-3.9714302249225075,1.820117737047826,-15.72352135405193,2.2783682344337266,-8.076914308921056,2.769276348594712,-3.367360638841958,-4.308809483647035,280.30027123121204
311,20,5.774170994820695,-3.969366737852372,1.8188105696711716,-15.61612649323152,2.2782964282189373,-8.073908980075826,2.769204871271199,-3.367169475276151,-4.308540097830108,280.3002430361323
311,21,5.774267993190121,-3.972123270521999,1.8190053582079595,-15.761850584176853,2.277969424627399,-8.092827701261958,2.769157418146901,-3.367574276020631,-4.308394959769024,280.3003492161866
311,22,5.774304320557812,-3.9731773400467745,1.8222033871093957,-15.711677169930187,2.278706334981107,-8.082039938307284,2.769325032152106,-3.367892579960343,-4.30847298946402,280.30038695357894
312,0,5.774242479380045,-3.969065858201363,1.818372003742985,-15.619986635288164,2.2788229136353224,-8.063549385480433,2.769292811057101,-3.36739691845046,-4.308495870398601,280.3002394669728
312,1,5.774313041333912,-3.9719375613771426,1.8203761781470211,-15.58839673126184,2.2776665909882685,-8.068119387924314,2.7690183857741273,-3.367307091170151,-4.308613988242642,280.30027202296094
312,2,5.7742703182670585,-3.9747839716964246,1.814395109572455,-15.588762816836464,2.2780050326179446,-8.152942001925524,2.769008669014365,-3.3675836542077313,-4.308355455956195,280.3003613262435
312,3,5.774328127942997,-3.9745382567321683,1.8142768430061826,-15.685199926314171,2.278467400920311,-8.117292962773178,2.769178742277364,-3.367445430428592,-4.308803071823429,280.3003480894614
312,4,5.7742909672922265,-3.974563851474449,1.8213430299985587,-15.534490210073761,2.2781629710896065,-8.087768535948554,2.768932312531813,-3.367773658949237,-4.308300349443201,280.3003872065573
312,5,5.774139758087414,-3.970632994533806,1.817338642675092,-15.604627167963061,2.2783160662622954,-8.085877626433087,2.7693425643264975,-3.3673637618800094,-4.3087023750311895,280.3003294416793
312,6,5.7742283261433,-3.9704354149607366,1.810599317603487,-15.616747314476946,2.27821311168814,-8.063298691428818,2.7689829452273207,-3.3672475329935274,-4.308182812615973,280.30032987746927
312,7,5.7743336364239894,-3.974544922955295,1.8126111557827231,-15.555084443665312,2.2782737809407916,-8.062984173837126,2.7691811642623265,-3.367399608804203,-4.308574649434018,280.3003287232091
312,8,5.774281657112796,-3.971383205624074,1.813068006986925,-15.615958650033662,2.2776980304147196,-8.145626582857775,2.7689178793192677,-3.3678512373988516,-4.308718819666061,280.30043358449024
312,9,5.7742259476484525,-3.973045670309581,1.821272262726874,-15.577864270077834,2.278472919772558,-8.120022930861689,2.7692379132321037,-3.3672493225370896,-4.308468093910997,280.30027094314437
312,10,5.774206513832302,-3.9696722056728935,1.8184061449552797,-15.596169928371141,2.278224052907401,-8.10350577583954,2.769318613866465,-3.367518803157511,-4.30845674553844,280.3002900616911
312,11,5.774302703206411,-3.970618265395188,1.821704665400397,-15.613128493214028,2.278488321602688,-8.058299016359765,2.7692710765934434,-3.3673411368695176,-4.308729265946642,280.3002858634969
312,12,5.774312242165852,-3.9754999424406785,1.8182015958005513,-15.539145255656928,2.2780164865947,-8.074210554944546,2.768967280501063,-3.3674086310570215,-4.308346029972823,280.3003972606333
312,13,5.774281726756046,-3.973377387279013,1.820586011404702,-15.72199235205206,2.27860400414214,-8.090942708010191,2.7692159685780124,-3.3674016741112793,-4.308597960384083,280.30031670190976
312,14,5.774191471763348,-3.9717855004122855,1.8211365611583283,-15.666864216460754,2.2784419838249805,-8.05988886783892,2.7691809728337162,-3.367403494248633,-4.308465728545309,280.30034308384984
312,15,5.774344453835834,-3.9725114986801486,1.8141981037102133,-15.553537740684671,2.27848603460754,-8.107174100870468,2.7693847752524174,-3.3674609518315286,-4.308742507390165,280.3003147859409
312,16,5.774145551358617,-3.969303443311034,1.823142491481002,-15.610174071475669,2.278210546262723,-8.056531039135553,2.769382781352844,-3.3673352730039228,-4.308827045907447,280.30027530514485
312,17,5.7742786578293925,-3.9698543262101857,1.8211597534661794,-15.649036734265682,2.278076252440583,-8.069026611961847,2.7690781362386,-3.367262188033455,-4.3083906129836125,280.3002443367028
312,18,5.774251273381158,-3.969674661750973,1.8146919505532388,-15.540029456825495,2.2783555877692616,-8.062939756877267,2.7693406081847325,-3.3673480323600304,-4.3084580650557545,280.30026882566756
313,0,5.774199313100539,-3.9728163554235105,1.8202634636702408,-15.58257947830565,2.278002277615228,-8.099819909572208,2.7692328847449623,-3.3674898823838433,-4.308562542466564,280.3002899581057
313,1,5.774158777196981,-3.9726256698353652,1.8181936820463347,-15.663064597623586,2.278518903012921,-8.090408112694398,2.7693255108670836,-3.3674962223820413,-4.308253854111937,280.3003399485171
313,2,5.774330692889581,-3.9705473123472412,1.821351578184012,-15.642341062114511,2.278207784487223,-8.067423084792784,2.7692763759621792,-3.367317503298318,-4.308573922427947,280.3002523120024
313,3,5.774270133537594,-3.971101303065319,1.8207360350122894,-15.579998974967438,2.278535996140291,-8.079203339107162,2.7691608741432727,-3.3677482291896235,-4.308381219070326,280.3003185976187
313,4,5.774178013011517,-3.9730096970154776,1.8169799320822402,-15.558831407822103,2.2783746629929045,-8.135480129729155,2.769275473822564,-3.367328848992841,-4.308581310169569,280.3003106288287
313,5,5.774180304706649,-3.9690754371824797,1.8148836953751428,-15.752022725561407,2.2780263183730467,-8.04200859249254,2.769226725822166,-3.367435128594784,-4.308541728900537,280.30027330210703
313,6,5.774314044463785,-3.970559071287786,1.816268086684191,-15.493907973457386,2.278491220423629,-8.085306431101225,2.769228181287514,-3.36734807326524,-4.30863869707581,280.3002380185303
313,7,5.774142945204754,-3.9707988748790846,1.8217609544469726,-15.576034398464863,2.2783358510597553,-8.109153458080932,2.7692378410011673,-3.367305516182674,-4.308560340942854,280.3002586494668
313,8,5.774272307001697,-3.970396539609998,1.8151279707933579,-15.534232233796546,2.2779801966718867,-8.058696906987393,2.7690363251453864,-3.36746461499675,-4.3085194630106445,280.30025939008203
313,9,5.774308179665134,-3.971969134049893,1.8190642731233777,-15.56338479474802,2.278429192704451,-8.088155410316716,2.7690761126548677,-3.367460718868978,-4.308444189465218,280.30038660638957
313,10,5.774208938500512,-3.9746425935001866,1.8187411565189027,-15.50844004240495,2.2790352689782267,-8.094496083587064,2.7693278840467612,-3.3673356177276146,-4.308294366160238,280.300385970091
313,11,5.774188660723116,-3.96906996210752,1.8190990961306908,-15.626113219589568,2.2777798188031344,-8.052476356710347,2.76917773487026,-3.367481744424291,-4.308578879420509,280.30031003650146
313,12,5.774267193626816,-3.9717341531051273,1.8147580533027654,-15.573701069765486,2.278428239644244,-8.070511880061074,2.7693184609705925,-3.3673244579754424,-4.308327268141119,280.30027466468675
313,13,5.774386397130442,-3.9704549824203896,1.8199266139819206,-15.592436116128507,2.2785067939481944,-8.098749003119332,2.769174358813541,-3.3674469606922797,-4.308542727740926,280.3002729599001
313,14,5.774319609494608,-3.975341033562621,1.8213452451589323,-15.677865702342697,2.2783663272435186,-8.0834943598073,2.76921387835916,-3.367412303497711,-4.308386117186611,280.30032338084686
313,15,5.774287660963168,-3.9711843940248968,1.818768692077314,-15.555199168971525,2.2781723626890886,-8.065189744201943,2.7691393656763714,-3.367614770874778,-4.308571846532057,280.3002914787612
313,16,5.7740879038590025,-3.973292939252408,1.823731012070129,-15.610067441788015,2.2787266013632146,-8.081899028387808,2.769474701814393,-3.3674643841115737,-4.308335872378137,280.30038952016406
313,17,5.774261863864843,-3.9724773435040053,1.817015640928932,-15.508380103667216,2.278530919900752,-8.088042653189854,2.7693204774950972,-3.3672773349071163,-4.308472694814879,280.3002681707771
313,18,5.774304669407649,-3.969699338926092,1.819297951041579,-15.650661761647681,2.2780264074765744,-8.093788265973867,2.7690464419429572,-3.3673858563337884,-4.30840697017096,280.3003078871035
313,19,5.774255661110385,-3.970419818748969,1.8173957658915065,-15.71207875147347,2.278322544706417,-8.094612657558637,2.76922271333843,-3.367246832364421,-4.308920377059572,280.30031183858796
313,20,5.774289855643328,-3.971561218923376,1.8192938676300943,-15.543763084458025,2.278021360016709,-8.076277343964472,2.7689989466467706,-3.3674063926266884,-4.308480845694446,280.30031830613865
314,0,5.774276153662311,-3.970536840470014,1.8191002522528856,-15.701088891280122,2.2781146473241187,-8.051698126865327,2.769226808880083,-3.367596006078552,-4.308952936578589,280.30032177327945
314,1,5.774204135207583,-3.9735343073262035,1.8166461263385036,-15.580225676907725,2.2783458385926862,-8.109487026310934,2.7693550190062717,-3.3677624634498375,-4.308289989829919,280.3004079326362
314,2,5.774234874443389,-3.970828140968591,1.8153705154613888,-15.505049662730968,2.278340102805248,-8.105021679986006,2.769309301888306,-3.36743822568101,-4.308623915859588,280.30025857999857
314,3,5.774184942966154,-3.970570936860049,1.8174263949230343,-15.576801103955152,2.278234675528115,-8.113768561421969,2.7690266888764725,-3.367491720081755,-4.308349205396341,280.3003351242237
314,4,5.774271035940931,-3.971586287480321,1.8157933087024198,-15.548099817338446,2.278476653362643,-8.099266881350133,2.769228752621194,-3.3672220744417807,-4.308395753135455,280.30023278977575
314,5,5.774271691875726,-3.970571975822872,1.8192066460501721,-15.621474761486033,2.2784892427304677,-8.084721805596569,2.7692334031552743,-3.367244305940558,-4.308890267560319,280.30029134352935
314,6,5.774207669589592,-3.9714171304826524,1.8173736058960503,-15.66281583118989,2.2778741746519064,-8.084220622507672,2.769236507444952,-3.3674054597969834,-4.308627010109938,280.3003232460801
314,7,5.774244013048573,-3.9701869137234564,1.8179547670429013,-15.550368840639132,2.278692067219886,-8.061345751618317,2.769156292656753,-3.3673016944234773,-4.308443670335031,280.3002739628988
314,8,5.774231832514249,-3.9715056865273084,1.8197273179297329,-15.539044852792724,2.277961236410967,-8.091696352095564,2.769132855178104,-3.3674709241882446,-4.3084960620120585,280.3003280428402
314,9,5.774281484780004,-3.970719590465033,1.8203345198122542,-15.629331345515823,2.2783237823297564,-8.038409778623205,2.769142157332838,-3.3676398018943154,-4.308362437171439,280.3002804715378
314,10,5.774194925459561,-3.970183131514976,1.8180016142870326,-15.59616151035888,2.278180461681093,-8.103749741967363,2.769139153059247,-3.3673445216914586,-4.308359474423967,280.3002616880416
314,11,5.774265001266836,-3.9698466858319605,1.821568100680004,-15.68088331304183,2.278087988784835,-8.03809501000849,2.7691924821519254,-3.3673302816240924,-4.308554801034256,280.30022869021843
314,12,5.774365133976696,-3.9729727731182423,1.8196247731293786,-15.592684521325356,2.277950829596471,-8.071191844127643,2.7690660108320833,-3.3672560047363436,-4.308502689471017,280.30034935665446
314,13,5.774255718765208,-3.971654142166736,1.816008597988379,-15.574959297345961,2.2778488375159305,-8.089305433744782,2.7690210935466606,-3.3675177820159736,-4.308552496489801,280.30032974097634
314,14,5.7742833087546455,-3.97195492759866,1.823932259218049,-15.686511204769433,2.2779362326990675,-8.059987124796208,2.7692352139116743,-3.3671578845131735,-4.308720018011386,280.300268339725
314,15,5.774230749680899,-3.970207677718083,1.8185033936280988,-15.49449565702625,2.278395762549763,-8.060624193732211,2.7692134352453692,-3.3673171469673218,-4.308457862275211,280.3002390243897
314,16,5.774213838080975,-3.9696105657964127,1.8202283876555925,-15.624455575905465,2.2786557627724653,-8.10625581410594,2.76939825257019,-3.367402567633524,-4.308706713167875,280.3002647908659
314,17,5.774202320454283,-3.9724419877411865,1.8208891117856096,-15.61332240535619,2.2781111471564324,-8.07027104502121,2.7692827283077883,-3.3673066091104014,-4.308878844594747,280.300284078702
314,18,5.774360216198631,-3.9704355297738965,1.820109679887872,-15.68730910193594,2.2782038905233217,-8.058337756470893,2.7691565169133003,-3.3675135108890335,-4.308738427574798,280.30033739249916
314,19,5.774355080207764,-3.9706957698758694,1.81541490372041,-15.540506887353168,2.2787113625592035,-8.064856433800003,2.769234952777818,-3.367237894107758,-4.308375470880998,280.3002539965415
315,0,5.774277402488373,-3.97100036214017,1.8194605162839719,-15.599341247078792,2.278474746456133,-8.091220269579612,2.7691906484604485,-3.367506009484011,-4.308450162115136,280.3002606929339
315,1,5.7743320930851185,-3.9700685593756613,1.8148858664440173,-15.532606337673341,2.2781258675120974,-8.088612299133606,2.769184736932057,-3.3675517805508735,-4.308546873901345,280.30028321484406
315,2,5.774287852012033,-3.970083434130884,1.8188559375908162,-15.620772286833088,2.278454653125591,-8.080371889774153,2.769355057670079,-3.3674845129147646,-4.308748495930014,280.30030257152987
315,3,5.7742527821919944,-3.9707757037661073,1.8210515404360266,-15.698274691783586,2.278418335973385,-8.062368239641144,2.7692777428227684,-3.36728458960039,-4.308521177772225,280.30022179977175
315,4,5.774268733418794,-3.969484462780028,1.818028003405368,-15.625844229633524,2.278595282377219,-8.082629361837206,2.7693009386948635,-3.367527930734902,-4.308668212561311,280.30031375233426
315,5,5.774259154125567,-3.972799751204061,1.8170782220433865,-15.61829038953877,2.2783034673228864,-8.120111323698046,2.7692412604820276,-3.367533588257563,-4.30858984020624,280.3003326208909
315,6,5.7742909722150175,-3.9707204411522468,1.8155304414379136,-15.585022929696857,2.2786064375718507,-8.086576279122353,2.7692804634089767,-3.3672665981504597,-4.3085350613002324,280.300244305315
315,7,5.774284660390234,-3.971363684405347,1.8212700493910465,-15.597732247746583,2.278213004035937,-8.077692928240786,2.769181218622252,-3.367576655916371,-4.308429283932247,280.30030718776396
315,8,5.7741966957867765,-3.9692744439380663,1.8206713308148577,-15.629422945044896,2.2783561479871715,-8.05487431107492,2.769323164077508,-3.367231515064038,-4.308723616012431,280.30024337510616
315,9,5.77424224841853,-3.969652822831838,1.8205870085015612,-15.528804928276255,2.278357133606194,-8.0620592006807,2.769350305575754,-3.3672732664340614,-4.308400789482462,280.3002356817521
315,10,5.774153489388045,-3.969304635225574,1.8188433766050793,-15.517903823450032,2.278664442351538,-8.067507309731651,2.7693377091725333,-3.3673758489611028,-4.308519802264948,280.3002653995615
315,11,5.774339435825101,-3.9697258574561944,1.8155396858544761,-15.491497990795262,2.278380682394915,-8.047724842085932,2.769146183156348,-3.3673540802340836,-4.308353532761318,280.3002629113154
315,12,5.7742664235358685,-3.9710456043843223,1.8168645050844365,-15.551722029783118,2.2786810762766403,-8.061113345627316,2.7692154042589983,-3.3674623520604854,-4.308385669019053,280.30028902902416
315,13,5.774183697413354,-3.9709921689158985,1.8191516666284913,-15.675761353732456,2.278021278386537,-8.04481591098307,2.769205919352961,-3.3674179232839876,-4.30867287557277,280.30029812138457
315,14,5.774220322297984,-3.9737855674070395,1.8175304977458613,-15.555964748877432,2.278151666765454,-8.105453509314342,2.7691939819433533,-3.3673859335475265,-4.308500557563736,280.30030079165874
315,15,5.7741948794717475,-3.970828861949309,1.8203493252194065,-15.634439743081238,2.278461586727826,-8.067929461809866,2.7692792224098435,-3.3675665589165984,-4.308399400469536,280.30029675647046
315,16,5.774271951646442,-3.970010506327658,1.8170125743835661,-15.528508900053422,2.278429525107722,-8.078302214622536,2.7693287956201074,-3.367290306757099,-4.308548154703627,280.30019824615357
315,17,5.774197186807083,-3.970490187844132,1.816688924232426,-15.51100897710523,2.2784290928785813,-8.079741490605532,2.769323261870022,-3.3673700740745405,-4.308561224572384,280.30024181005797
315,18,5.774196591264279,-3.9732172945081743,1.8212879431852222,-15.628881710223261,2.2782377610087012,-8.07387533421802,2.7691830244549758,-3.3671798549757535,-4.30833788120138,280.3003010585975
315,19,5.774213696577123,-3.970022891279511,1.81942046676376,-15.476900659366843,2.278712990066033,-8.075075370657576,2.769328424826032,-3.36751586322841,-4.308604150969163,280.30033186647233
315,20,5.774247757183285,-3.9704993382564413,1.8200479668657734,-15.565331289259964,2.278882152848344,-8.090909946417895,2.7693578670304815,-3.36734927572416,-4.308684536209842,280.3002777913863
315,21,5.774292286928519,-3.9713163545220898,1.8168474467774889,-15.498413819818676,2.279095704735564,-8.08163230051389,2.7694324215513877,-3.3675859087387017,-4.308380261488661,280.300264669454
315,22,5.774277064295989,-3.9708207352905616,1.8200308382572925,-15.64030624037618,2.2786713134230494,-8.075802631210548,2.769325862842873,-3.3675259516264124,-4.308294292387845,280.30028851444786
315,23,5.774255830593381,-3.972022374781299,1.8164396026732301,-15.603868942608417,2.2783726087164364,-8.075867005807872,2.769268547419139,-3.367184457186602,-4.3085635123640955,280.30022804142385
316,0,5.774255281692176,-3.9716181060011913,1.8169391561627024,-15.623871327021991,2.2783710516091022,-8.070431008846857,2.7691515160764397,-3.367163238333157,-4.308320113040444,280.30029474424185
316,1,5.774225262049456,-3.9714084001704344,1.8167948893490824,-15.538854823325778,2.2786399427712323,-8.085483644366745,2.7693603719728164,-3.367569114012832,-4.308422405599761,280.30031318418764
316,2,5.774307078776164,-3.9710603874073453,1.8151243673687896,-15.533681671661187,2.2783930323695216,-8.079045271913968,2.7693009326214595,-3.367355126061392,-4.308661162427217,280.30027998968353
316,3,5.774237076893007,-3.970590631006212,1.8185511117800062,-15.628764945861224,2.2782076351935037,-8.044880374928688,2.7692656756850744,-3.3672410460499824,-4.30854073681995,280.3002327129361
316,4,5.774292557325654,-3.9712480375919275,1.8212425328489834,-15.605506136350979,2.2784147851748413,-8.094817638090806,2.7691938342103652,-3.367425864735918,-4.308411971128149,280.3002684918339
316,5,5.774285004416227,-3.9712583930165457,1.8171915423489364,-15.58446467408537,2.278374026305482,-8.086938493279886,2.7692020284467973,-3.3673782995280295,-4.308449436171309,280.3002774042617
316,6,5.7742663898166295,-3.9695154755031816,1.8190009607071422,-15.585696264440328,2.2787299142445328,-8.077598043716531,2.76925461012301,-3.3672353689980747,-4.30855372670382,280.30026450867916
316,7,5.774301225960105,-3.970705589876344,1.815252819165424,-15.503844189219773,2.278800279856009,-8.103315172721219,2.7693814150141405,-3.3672775992344652,-4.308344973035567,280.30024548128534
316,8,5.7742577879327674,-3.971626830427325,1.8169710069838383,-15.543021449797365,2.278384677422368,-8.089232324096395,2.769300373141552,-3.367439755027647,-4.30865416035889,280.3003111339573
316,9,5.7743401346635626,-3.9717243744840327,1.8149146169126724,-15.535771168032744,2.278254201131202,-8.066491907428862,2.76909932253215,-3.3673451459835104,-4.308315929498961,280.30027548476306
316,10,5.774257048008689,-3.9706759860112424,1.813338072878448,-15.549649297269207,2.2781974987708495,-8.086181345162224,2.769097671266636,-3.367148396456595,-4.308644979901908,280.300275374197
316,11,5.774314454766186,-3.9708076912169963,1.8183113333493515,-15.651042736918136,2.278437073707555,-8.084628758766456,2.769265412720798,-3.3673534926987716,-4.3085956845841755,280.3002884948615
316,12,5.7742687542743,-3.9693311882586086,1.8174767441435111,-15.472710267580895,2.278679450803811,-8.030868583225969,2.769276643735315,-3.36728687801618,-4.308214004381185,280.30029141761304
316,13,5.774303005376068,-3.9706295249024435,1.8189174480028598,-15.607390954497165,2.2785615282237934,-8.071049777738201,2.769351204033576,-3.3672246579287592,-4.308524053712948,280.3002720955156
316,14,5.774203857460976,-3.9708551677187405,1.8201570575851134,-15.545269674792651,2.278562007228862,-8.100874021767448,2.7693093464812955,-3.3673757724655617,-4.308429631141561,280.3001963410808
316,15,5.7742199383210355,-3.9701769777008393,1.817492508686153,-15.492364278118709,2.2782471031724056,-8.063399767407558,2.7692349599313855,-3.367487626740587,-4.308558856414777,280.30032246943745
316,16,5.774215867814896,-3.970400100322512,1.8213838943249647,-15.66392206295197,2.278216523085879,-8.060090337745349,2.7693670216564,-3.367493188872095,-4.308799805297379,280.30026226066013
316,17,5.774255645731986,-3.9714409868633824,1.8203612316306446,-15.59644367430741,2.278372592555871,-8.078044543738514,2.769372310195649,-3.367416609366493,-4.30850605548609,280.30029296683045
316,18,5.7742475262603765,-3.970753299267582,1.820822924665128,-15.664063393806824,2.278218687321418,-8.070534855650019,2.769261152218042,-3.3672361633299444,-4.308563016275786,280.30022896389534
316,19,5.774207650020116,-3.971008501057031,1.8193812040783193,-15.603133869639926,2.2782096545932116,-8.104614431611301,2.7692179944494386,-3.367471888074522,-4.308658594227213,280.3003000317468
316,20,5.7743626135915065,-3.9722712317265274,1.8152445088996014,-15.51718485905142,2.2783240184176967,-8.083351938704187,2.769204700239277,-3.367238227159641,-4.308631597406683,280.30027584762087
316,21,5.774234438062025,-3.972043263220333,1.81459430019701,-15.52757552336952,2.278347915065233,-8.088574261929157,2.7692650450910303,-3.3671944597093804,-4.308517031425889,280.30024802119357
316,22,5.774230622508627,-3.970221409486537,1.8223475713070538,-15.646669133459522,2.2783869343681156,-8.071722073697044,2.769403980421225,-3.367257318920696,-4.30850001017039,280.300244175149
317,0,5.774285215804062,-3.9721823260047127,1.8137478616760763,-15.492944395022182,2.278348288329009,-8.1113934991993,2.7691616805392507,-3.367492509638896,-4.308535065717882,280.3002797551941
317,1,5.77416419350787,-3.9709111273041127,1.8214989924428875,-15.608583249520443,2.2784731336165898,-8.075353082585021,2.769384000239273,-3.367217609164251,-4.308549025595233,280.30024013645766
317,2,5.774331471073183,-3.9729582351191954,1.8148767378744284,-15.564508443350638,2.2786963909431868,-8.097604474492911,2.769355628155041,-3.367297026863084,-4.3084456622285,280.3003091515388
317,3,5.774228618223135,-3.971309844205203,1.8206237098106415,-15.649634522995724,2.2785340855080713,-8.089629482824508,2.769366013843152,-3.367345730761525,-4.308565292287714,280.3002666924781
317,4,5.774250942412396,-3.9704767930551785,1.82014182176782,-15.556118947728594,2.2783780326661582,-8.07765681926237,2.7692971167561,-3.367262477952948,-4.308530926079464,280.3002085462001
317,5,5.774272823078132,-3.9718742139502874,1.814301632166062,-15.584660240897064,2.27856368164563,-8.111172993590333,2.7691820327764387,-3.367556083400956,-4.30838806936617,280.30031769128226
317,6,5.774247452719954,-3.9711290727037754,1.821477743929915,-15.634847441177834,2.278172802153373,-8.059551595572573,2.769259577287845,-3.3671864148410493,-4.308454751502244,280.30023627907633
317,7,5.774250221176066,-3.969041252015578,1.8179047824446066,-15.519736660439877,2.2781490575669174,-8.061584353313766,2.7691857342846657,-3.367248419762467,-4.308514212507482,280.3002154827386
317,8,5.77420196159606,-3.9715641997838724,1.8198731938516453,-15.609310455514048,2.2784883786546555,-8.077193291973561,2.769372678939916,-3.3671933446316413,-4.308707090724493,280.30024402743686
317,9,5.774205974887709,-3.9710327983386406,1.8227861464313326,-15.596724170441759,2.278042735656655,-8.089768038791735,2.7692999066069417,-3.367289920330803,-4.30856421337116,280.30027248659417
317,10,5.774279479138408,-3.9705953970244225,1.8176028508488917,-15.580516645754404,2.2783187160267815,-8.06442589543136,2.7691852669639028,-3.367314632567148,-4.308652164209291,280.30026504047976
317,11,5.774252502938168,-3.970534402921154,1.817611355392689,-15.610137180160729,2.2780275646783594,-8.069036739054235,2.769293838877233,-3.3672462841321185,-4.308494899089877,280.3002195013205
317,12,5.77420456239628,-3.9720119097473705,1.8220723823416296,-15.621219859581924,2.278278200917222,-8.074608832937999,2.7692168138282938,-3.3673861488368773,-4.308465385573332,280.3002961381085
317,13,5.774260936454328,-3.9705140665085032,1.8187719037730654,-15.647921659720195,2.2783896623998348,-8.0545074208509,2.76936967889391,-3.3671985902784165,-4.308562779415723,280.30025937971993
317,14,5.774178580197309,-3.9715221801928036,1.8204900160907305,-15.6073927152037,2.2782174629243173,-8.076252088272811,2.7692630282827926,-3.367268332477687,-4.308592077473147,280.30023531107133
317,15,5.774225913165471,-3.9715457696221166,1.8179202583074423,-15.610805151456349,2.2784203609003217,-8.067838393081649,2.7692964340853274,-3.3672703671218267,-4.308591162102368,280.30024041588945
317,16,5.774206412414419,-3.969657875415347,1.8229294739175719,-15.592611928088683,2.2784527957109155,-8.0837699377015,2.76933576257031,-3.367402789285298,-4.308547627809019,280.30025077630705
317,17,5.77426382238063,-3.9711072278711494,1.8217228123088183,-15.707993878380845,2.278527726402916,-8.098089065134406,2.769339907767108,-3.36733382501698,-4.3084453031488295,280.300233820858
317,18,5.774261951374741,-3.970141873424496,1.8188199215843712,-15.510184508807725,2.2786515238380027,-8.1115031497717,2.7693769148864535,-3.367467417730681,-4.308433253940507,280.3002950897914
317,19,5.7741955306899815,-3.971561080932253,1.8211017943040901,-15.633487390280123,2.278430418247671,-8.087154316308531,2.7694178850013063,-3.3673016222322976,-4.308572636126536,280.3002820038645
317,20,5.774232518759957,-3.9702354882837727,1.8171805854793643,-15.592347186634637,2.278404451154646,-8.078519708486352,2.769309508156961,-3.3672266707247775,-4.308539218339576,280.3002780685265
317,21,5.774259921245918,-3.971430077948416,1.8178237653515024,-15.578056828975225,2.2783832040884353,-8.103767567112984,2.7692692680862105,-3.367351097688366,-4.308533208853078,280.3002720449461
317,22,5.774224704094097,-3.9713930666162502,1.81897150054825,-15.624574206649987,2.278486599158943,-8.100884578120883,2.7692535317116107,-3.3672324187237908,-4.308441008806163,280.3002954801892
317,23,5.774234648155276,-3.9721058669127083,1.8159401231969534,-15.59194310805446,2.2784795608338992,-8.092298772783536,2.7693391527416473,-3.3673972342705354,-4.308424326581382,280.3002818146258
317,24,5.774254388326947,-3.9691562304323953,1.8199865537216988,-15.584626676313476,2.2782788023579235,-8.03986827661296,2.7692235742282922,-3.36717809208622,-4.308450061810995,280.30021555592987
317,25,5.774280284669663,-3.9734581559701825,1.813583167039854,-15.542379886921657,2.278218320380732,-8.106442060774235,2.7691751712831727,-3.3676405406954424,-4.308436933101644,280.30035670362315
318,0,5.774259959275897,-3.9695225932292604,1.8206390905479424,-15.695259785308988,2.278207681616558,-8.057202058943135,2.7692972763100596,-3.367219219505003,-4.308566091774877,280.30022274554403
318,1,5.774282270528337,-3.971369848872826,1.819843008896887,-15.570065702568561,2.278180651946381,-8.071401074347326,2.7692739915657762,-3.3672749334692185,-4.308473154609856,280.30021034250444
318,2,5.774231527211334,-3.970487039680795,1.8166896456837152,-15.527298656043316,2.2784272264433887,-8.071619213510228,2.7692869614668014,-3.367284909511983,-4.30853583982947,280.30023916448755
318,3,5.774229887607254,-3.9698123473437024,1.8207707744222852,-15.483998343777946,2.2783561384026796,-8.082968127375937,2.769232431971904,-3.367281673836002,-4.308509278789769,280.3002971614974
318,4,5.774168326326148,-3.9692848406130996,1.8209312766429153,-15.643234815093422,2.278294451978814,-8.06704359114713,2.7692958532729324,-3.3672769581233166,-4.308651708254807,280.3002251455667
318,5,5.774203528423891,-3.970624219509952,1.8208173857158394,-15.599560595526606,2.2782797337279175,-8.068026349881976,2.7693192303088856,-3.3673242987075294,-4.308531622939446,280.30026339669587
318,6,5.7742278144174355,-3.970231117049006,1.8204685746548415,-15.572462156487514,2.2782607879931938,-8.0881439931074,2.7693612276039845,-3.3673394416604956,-4.308479118378433,280.3002898773994
318,7,5.774248226405955,-3.97086797129892,1.8180366239016892,-15.57538510274097,2.2784361370585104,-8.076126473146356,2.769310315275264,-3.3673267839603023,-4.30833200785078,280.3002724086021
318,8,5.774251333437686,-3.9702464012834677,1.8190179958466073,-15.538820983697123,2.27827340906236,-8.084682801665942,2.769147379730558,-3.3673605252505445,-4.308396965431042,280.3002754556263
318,9,5.774204146048621,-3.970475224571928,1.821056559963377,-15.626532796069817,2.2781578926085198,-8.081060460882707,2.7692679943437404,-3.3673120812160056,-4.3086871271529965,280.300271263601
318,10,5.774234899796061,-3.970567529407596,1.8194496205027406,-15.588507729732457,2.2784001761182022,-8.071251183477752,2.769331350068225,-3.3673221134546685,-4.308480208367642,280.3002823278351
318,11,5.774207590644778,-3.9701213188748095,1.8222778740770258,-15.630330637457988,2.278352698136467,-8.061362058986134,2.769439499428073,-3.367343555054126,-4.308800819102025,280.3003223259283
318,12,5.7742018796462435,-3.9727304655973876,1.8215944700076012,-15.672724958847299,2.2779237947798228,-8.060719908326254,2.769340172190039,-3.3673640826468674,-4.308728227173342,280.3003642576107
318,13,5.774273717218655,-3.9697229536082865,1.8239847584491624,-15.681992283724883,2.2781338746886073,-8.057789038059639,2.7692600391270603,-3.3673036147967395,-4.308502970563958,280.3002605600591
318,14,5.774212593154949,-3.969160942248576,1.8191817130760526,-15.510545022498972,2.2782721835233017,-8.061586376691226,2.7693413762390895,-3.367185226243248,-4.308604333669943,280.3002375474149
318,15,5.774185316663692,-3.969561477004242,1.8210151454861214,-15.576066129907701,2.2783874772141233,-8.083396369952137,2.769370825416781,-3.3673548889087663,-4.3085753682706205,280.3002728406737
318,16,5.774247704007366,-3.969514414328732,1.8193107364482788,-15.552741051421124,2.278192732670062,-8.079068297750174,2.769204614099332,-3.367235647856409,-4.308387334399607,280.3002419041807
318,17,5.774258766412354,-3.9702139150612035,1.8207272426490124,-15.627353157534115,2.278694085886258,-8.074340113963041,2.7693651120216582,-3.367484297933855,-4.308622396214895,280.3002712600771
318,18,5.774215913370314,-3.969760952882437,1.8185819020867724,-15.500878556771458,2.2781826707752986,-8.040444666437704,2.7692171765266136,-3.3672648314427702,-4.308315727912048,280.3002834578511
318,19,5.774207137534012,-3.970540258065261,1.820879179365694,-15.58200379479699,2.278520964792013,-8.075750927317602,2.769363028994268,-3.3672651910231566,-4.308444171204844,280.30024923579464
319,0,5.774270777547392,-3.9697306741998033,1.8202392657113797,-15.545118465916788,2.2781391185354316,-8.063199696645825,2.769257145073289,-3.367251636902834,-4.308444933348601,280.30025633997775
319,1,5.774263934080112,-3.9714206187396965,1.8176706274501442,-15.58445703784423,2.2782542047219185,-8.070987555095423,2.769244716795367,-3.3672621685990825,-4.308464802725489,280.3002478288521
319,2,5.774227522944531,-3.9705682802471265,1.8223409731337492,-15.650894630942469,2.278095779180511,-8.072591467984957,2.7692660331192096,-3.367394420335079,-4.308608959730387,280.3003271874571
319,3,5.774250748854287,-3.970168141856938,1.8210929415925945,-15.621181234586722,2.278470518630245,-8.07184894674397,2.769309239713567,-3.3673568582411284,-4.308481654390311,280.30022995413344
319,4,5.774245355945087,-3.970408747499754,1.8207259207775595,-15.664337579373328,2.2782011799991566,-8.034671113589164,2.7693335122418534,-3.367504956263839,-4.30859543542096,280.30027763453586
319,5,5.774234658958614,-3.9706729105838945,1.8183069775469005,-15.616391387943766,2.2782178678187304,-8.080791927437385,2.769278670316753,-3.3673183300172846,-4.3084555960713695,280.30028000909783
319,6,5.774193255993093,-3.970371527233316,1.8225285840082799,-15.597618660617146,2.2780780484010004,-8.07817661893304,2.769254855220938,-3.367466165824985,-4.30850221137104,280.3002983687152
319,7,5.774274493897919,-3.9707686904084163,1.8214682703807896,-15.568683865733107,2.2782826471953936,-8.084390589854989,2.7693016574279365,-3.3672040463119624,-4.308578480265624,280.3002712408995
319,8,5.774256470189971,-3.9711622428633944,1.8216911384771,-15.632128567295016,2.278209714504243,-8.088799449678191,2.769309385640942,-3.3673631805359197,-4.308460452599592,280.3002856759997
319,9,5.774267780667311,-3.9703641965707166,1.8171159902142568,-15.509860035841564,2.2785353843260174,-8.076865875635772,2.7693379907450164,-3.3672171496226366,-4.308436768736775,280.30020595207367
319,10,5.774262914664657,-3.969971528276513,1.819851035467316,-15.556347259158725,2.2782892984698386,-8.065490309740428,2.7692219390546073,-3.3672313451031703,-4.308380496349466,280.3002229735267
319,11,5.7741937197703885,-3.971027682451207,1.8204499380158676,-15.592147081787,2.278120502407256,-8.068732118533685,2.7692522301669897,-3.367237504299334,-4.308589981767504,280.3002660182268
319,12,5.774229766088265,-3.9693781976901894,1.8186369354915244,-15.635672746918296,2.2784104917077928,-8.057321311653476,2.7693704898644467,-3.36723554371294,-4.308473116124473,280.30023295160464
319,13,5.774252568054074,-3.9697111945087045,1.8191162191207215,-15.609750147915301,2.278325756158686,-8.082934916989606,2.7692722527151155,-3.3674384328289277,-4.308547750912045,280.3002772219166
319,14,5.7742443751834145,-3.9705524130390053,1.8213225965847666,-15.51860957127401,2.2785519874662814,-8.05837807728526,2.769321225345555,-3.3672691422915753,-4.308432893930872,280.30024225758496
319,15,5.774328985330499,-3.970572420661259,1.8182926154499093,-15.578985881101122,2.278404264708724,-8.064945317769864,2.769263013816139,-3.367344329174427,-4.308383083976507,280.3002772718179
319,16,5.7741888963507,-3.9694269620250204,1.8197879738463612,-15.688188412213645,2.278401946478142,-8.069439230664361,2.769340902087174,-3.3672613994607126,-4.308599558865259,280.3002578505904
319,17,5.774230708649187,-3.9708394048814424,1.8207054013666846,-15.569966306313965,2.2782358213721436,-8.056987338084884,2.769257969740227,-3.367273915200779,-4.308450533370508,280.3002803779093
319,18,5.774211571022977,-3.9700113682571003,1.8187480703835999,-15.607057159724677,2.2782633515715487,-8.062160968889195,2.7692510554651126,-3.3673269149695004,-4.3085904261424925,280.3002687961682
319,19,5.7741741131701305,-3.969544572176891,1.8196880040758088,-15.581472685739366,2.278249462351532,-8.082123456729601,2.7692575274820093,-3.3673273886663435,-4.308431192346726,280.30029575088724
319,20,5.774238671012511,-3.9700233124594346,1.8203521173995565,-15.559871573597329,2.2782109064294387,-8.08102640942792,2.76938441628855,-3.367240292017119,-4.308629013191572,280.3002288982946
319,21,5.774312988051816,-3.971214422635892,1.8200830440443423,-15.647828126410033,2.2784853720636877,-8.081340472402408,2.7692970842476172,-3.3673612378386357,-4.308608015772514,280.3002660766624
319,22,5.774201061923481,-3.9701965186703814,1.8208373700415574,-15.572157325504094,2.278531543205709,-8.10538460370994,2.7694342129952356,-3.3672429999323463,-4.308488282946188,280.3002387468864
319,23,5.774193672233786,-3.969332882965795,1.819712350862771,-15.609671115538136,2.2782319600366585,-8.058571001853444,2.7692973161019276,-3.3673695618878865,-4.308620650804332,280.30025619958917
320,0,5.774196668733502,-3.971093545902206,1.819197592387079,-15.55546043822933,2.278345948840785,-8.075989135327562,2.7692876766201198,-3.3672572091868274,-4.30849328961804,280.30026045327173
320,1,5.774189500984282,-3.969226480121257,1.818623323956665,-15.629529524286692,2.278516228567598,-8.072776214215233,2.7694542069365222,-3.3672197106975252,-4.308645069008019,280.30023810988723
320,2,5.774239205646384,-3.9709976246326826,1.8205366786756765,-15.581525330154792,2.2782570483709725,-8.085755869099932,2.7693392172446463,-3.3672520547201406,-4.308515064717,280.30029787261884
320,3,5.774274241286203,-3.9715549995966444,1.8153796814055227,-15.506979660754471,2.278201576853664,-8.073750283672348,2.769195717600681,-3.367445104094823,-4.30841895502026,280.3002461678991
320,4,5.774240099744894,-3.970464173031924,1.8225426096982296,-15.600881512733896,2.2785053588650923,-8.079551060685834,2.769370552112844,-3.367194792274282,-4.3085675173713955,280.3002566131997
320,5,5.774283390929716,-3.9707706354695955,1.8180472596416433,-15.499123387940678,2.278376452584589,-8.069822791029008,2.769250227728958,-3.367219676243541,-4.30838837808522,280.3002017239412
320,6,5.7742165178424605,-3.969315110405134,1.8178818046479976,-15.556517655789282,2.27841873446851,-8.047224864546566,2.7692534529371216,-3.3672049357356855,-4.308353083833476,280.3001818006158
320,7,5.774216673558137,-3.969894212944777,1.816850269449462,-15.538970157582842,2.2783891677622257,-8.07622383353715,2.769334450170048,-3.367215133407385,-4.308530179241696,280.30022139977206
320,8,5.774289086291843,-3.9700508475726686,1.819227361093804,-15.573843292500934,2.2782926993117867,-8.09299347052142,2.7692366267080866,-3.367225239412477,-4.308537003752966,280.3002686729923
320,9,5.7742416854278655,-3.9705135964376006,1.820614534101597,-15.486446049763925,2.2784064913580053,-8.071424482977639,2.7692425456193415,-3.3672708108647096,-4.3082444683610905,280.3002927028753
320,10,5.77430026380984,-3.9705875492580938,1.818895413713408,-15.583011686188216,2.2783606567734442,-8.075748445263164,2.769213961975605,-3.367286040196187,-4.308357822248181,280.3003033838442
320,11,5.774266976344279,-3.9697240784553247,1.8177389537241408,-15.534162538559071,2.278734246764752,-8.084890513942462,2.7694310813800995,-3.3673144202172023,-4.3085170210999735,280.3002409806122
320,12,5.774227181134409,-3.9704901779760258,1.8200273889912038,-15.587208863254368,2.278224909498595,-8.083353149261608,2.7694348395586976,-3.3672755746382963,-4.3085187787219645,280.30030390548234
320,13,5.774191739846909,-3.9703919998462136,1.8196319725331542,-15.568795450746586,2.278178771573151,-8.066467085478623,2.769324820257833,-3.3671886085677536,-4.308672476499335,280.3002603654727
320,14,5.774225624908773,-3.970297060455991,1.8207616552794508,-15.565487242119342,2.278168239869245,-8.079140668321488,2.769270944796875,-3.367343372503528,-4.308594293338392,280.3002636097268
320,15,5.7742246176831715,-3.9693717211775623,1.8190684205216843,-15.621559016710528,2.278443773786935,-8.069030031642404,2.769280307817018,-3.3673679783242796,-4.30855894843461,280.30030667998085
320,16,5.774222764328364,-3.9697705450932586,1.8181036012999316,-15.613113887315864,2.2786488984436017,-8.077493356732145,2.7694319746703404,-3.3674810168157663,-4.308434409011242,280.3002387464917
320,17,5.774234151144105,-3.970154818530632,1.8199354331912758,-15.593017057231167,2.2786170848945844,-8.068595075214752,2.7694300751746757,-3.3672368971507463,-4.308460350409408,280.30023941926515
320,18,5.774206093668436,-3.971887053504935,1.8216288774763003,-15.60389421417065,2.278417631070722,-8.089327804891557,2.7694250650104646,-3.36743769034275,-4.308579750660413,280.30027505690845
321,0,5.774214207582682,-3.9700233266408373,1.814994355065079,-15.485306065433063,2.278435949688969,-8.077522387596073,2.7692040879438,-3.367275856251629,-4.308264159654267,280.30023417149744
321,1,5.774207949582933,-3.970145505000679,1.8177869022932558,-15.572671656986918,2.278581291733307,-8.061597379283986,2.769273799845699,-3.367281786932229,-4.308298818144515,280.3002215701835
321,2,5.77420267077869,-3.969387463440026,1.8215853440718728,-15.63475781058864,2.2784775257499215,-8.069277320354024,2.769383337582378,-3.3672784347021643,-4.308530649611671,280.3002531150206
321,3,5.774308745580209,-3.9706420356499392,1.8176998465901553,-15.595983708248095,2.278545926889528,-8.074283903795875,2.7692832231854614,-3.367266349618265,-4.308256015819417,280.3002851446351
321,4,5.774246424119658,-3.9691731353103594,1.8192368856506431,-15.557140864985287,2.278481573100644,-8.05410611855496,2.769347190630145,-3.3672740550610505,-4.308333693853713,280.30022419211866
321,5,5.774243444891541,-3.9696197065004415,1.816552893883567,-15.540084802481408,2.278379064543123,-8.053613622031731,2.7692876272010207,-3.3672718648003808,-4.308380560405195,280.3002128565134
321,6,5.774191476830146,-3.970286396576246,1.8179364495062362,-15.611897982539064,2.2785802867886153,-8.052758563673411,2.7694158296642737,-3.3672760622801703,-4.308424138917675,280.3002253035147
321,7,5.7742585428591875,-3.9702682591544063,1.8196236578739353,-15.569493250194562,2.2782591381632966,-8.085453551656016,2.7693753787190807,-3.367311494358628,-4.308502354893628,280.30029808185816
321,8,5.774237525353149,-3.9701142496676476,1.8168664398566696,-15.57428274590665,2.2783929658587248,-8.06783136584972,2.7692212138857237,-3.3672859690316677,-4.308464348495247,280.3001902504834
321,9,5.77423823329219,-3.9694360441591536,1.8181878146089414,-15.515214206858895,2.278722355431407,-8.082255443305547,2.7693654526272216,-3.367398890530134,-4.308457777880701,280.30026647609554
321,10,5.774241861971626,-3.970218040090176,1.818865259494565,-15.594370103888448,2.2782615689001617,-8.054392305386838,2.7693488407591285,-3.367330212805147,-4.308454403939368,280.30031569815145
321,11,5.774208583839973,-3.970529700979951,1.8176058991714517,-15.447121925959186,2.278412105192452,-8.078552920242151,2.76935180374272,-3.367273281018313,-4.308528092003401,280.3002532572049
321,12,5.774251075681003,-3.9708753701846864,1.8202617978630522,-15.511494644253737,2.2785294689479723,-8.084591263498327,2.769314730527096,-3.367295378614137,-4.308437455562977,280.30022876872397
321,13,5.7742349335128615,-3.9703111465332204,1.8169338281361043,-15.623281196749707,2.2784807547732937,-8.063999950368462,2.76928190794064,-3.3672932230854915,-4.308367717674258,280.3002299457089
321,14,5.7742066364089215,-3.9705748358788946,1.8194747261514386,-15.514323325497253,2.278459654088091,-8.083139637746196,2.7693529648944466,-3.3672951760072682,-4.308509658832572,280.30023784144
321,15,5.774240665127458,-3.969812399057284,1.8202559265625924,-15.576237912404633,2.278390518701873,-8.047911715702542,2.7693320337151093,-3.367242140097352,-4.308544993862245,280.3002084883275
321,16,5.774304520176385,-3.9700204952721045,1.8187708834159875,-15.522479043283127,2.278556259328627,-8.075734180719948,2.769293311908257,-3.3673237836236556,-4.308530367587755,280.300244614058
321,17,5.774272472964104,-3.970841101923021,1.8146046227455594,-15.479659644100666,2.2785796984627322,-8.075738572988715,2.7693531953477506,-3.3672631883580357,-4.308427421534365,280.30023754453146
321,18,5.774217321781167,-3.969497811357884,1.8191872802938909,-15.58014145300812,2.2785845737742356,-8.05435633116542,2.7693816163645497,-3.3672500561808385,-4.308530611767972,280.3002719218076
322,0,5.774222688405763,-3.9697529037716346,1.8181941916065603,-15.550769337148214,2.2784777373695038,-8.080745051959555,2.769371128532075,-3.3672222431410357,-4.308455232395743,280.3002108234563
322,1,5.774225104645036,-3.9707236937209665,1.8183775171277834,-15.586422422854325,2.278704446346848,-8.085024038876098,2.76943832625077,-3.367415074895094,-4.308589717852219,280.3002874707279
322,2,5.774236229660562,-3.9704138734701298,1.8160048496294006,-15.464425661852266,2.2785987188010663,-8.081864636432682,2.769387748210082,-3.3672043867149295,-4.308424887763796,280.30020505566563
322,3,5.774237154437883,-3.970243484316934,1.8195337485149607,-15.537672763356813,2.2781371982109917,-8.065956038813079,2.7693104784168905,-3.367334148191064,-4.308582854883742,280.30023303540554
322,4,5.774172386993148,-3.9691410855201474,1.8178198860962098,-15.616186828355762,2.2784012089391488,-8.055624639036731,2.7692277428615455,-3.3672691762019444,-4.308386296534731,280.30024434528093
322,5,5.7742204360833185,-3.969535916021661,1.819129056755619,-15.60688745272104,2.2785376784337994,-8.066776482300497,2.769370045144852,-3.3672529575075805,-4.308553686793372,280.3002778495083
322,6,5.774258683172732,-3.970563172428059,1.8182814792670472,-15.561138106334173,2.2783463196212828,-8.046661667124328,2.7692124320880365,-3.3673045374347614,-4.308339568402651,280.3002739299035
322,7,5.774206114711313,-3.9704917937503135,1.8180079545763104,-15.536392053951825,2.2786177015551927,-8.061918800575805,2.7692276890908745,-3.3672698425701704,-4.308282180051575,280.3002797253762
322,8,5.774297150952524,-3.9704287244110374,1.8183744671397288,-15.530123534785044,2.2785225262604074,-8.079212993546328,2.7692759317349447,-3.367201209046179,-4.308394124269665,280.3002346461868
322,9,5.7742434293347875,-3.96906243666178,1.817720429895422,-15.561364181548326,2.278422774415447,-8.059978071385617,2.7693364809663823,-3.3673074827160447,-4.3084777096332845,280.30023666049976
322,10,5.774254228394578,-3.9705535964323926,1.8166257145359284,-15.537159363736563,2.278423657307329,-8.048109291527274,2.7692051905010806,-3.367246953753568,-4.30840476811582,280.30023109235776
322,11,5.774281305044344,-3.969769555066334,1.8185570755284277,-15.544797100788568,2.2783616386124015,-8.054279555091023,2.7692806156425083,-3.3672000678225285,-4.308390080940598,280.3002304624473
322,12,5.774274186074529,-3.971000198342405,1.8148299725130659,-15.536874095908761,2.278465484869154,-8.071115948208979,2.7692198845691127,-3.367359236795091,-4.308319131513726,280.30029076035765
322,13,5.774231767599492,-3.969764630966642,1.8212531863314854,-15.689949433713123,2.277925744242539,-8.057430275524098,2.769213344947081,-3.3672159574290093,-4.308581520529954,280.3002904553862
322,14,5.774241961363865,-3.969843167692646,1.8185191342174662,-15.56606418853374,2.278414163071024,-8.060862676724229,2.7693293762730984,-3.3672932428483526,-4.308391502026633,280.3002839495592
322,15,5.774213864619125,-3.9695032287359466,1.8211508047023928,-15.594715834540581,2.2785211864260124,-8.04234855273761,2.769382103605865,-3.3672299979364877,-4.308401126186638,280.3002541821312
322,16,5.77428206549799,-3.969331758381785,1.8172510002574827,-15.564433626003296,2.278640824869622,-8.069893958105574,2.769229339295417,-3.367361771104252,-4.308302626175357,280.30025919627263
322,17,5.774192351805816,-3.969516137257722,1.819485559218874,-15.519810011577082,2.2785664691443177,-8.056495773437883,2.7692993025727346,-3.3672457957077593,-4.308411424417302,280.3002445778705
322,18,5.7742643800507505,-3.9698817257583454,1.8141688660665083,-15.508947081783928,2.278457178464567,-8.058068261795059,2.769170833024524,-3.3671947048451285,-4.308361612348497,280.30026840313917
322,19,5.77425725534626,-3.9711715144886464,1.81545645639433,-15.455549471743515,2.2785310667029335,-8.086340144931722,2.7693038610490066,-3.3673581429504855,-4.30820837615204,280.3002983290031
322,20,5.774201004238192,-3.9696664840078006,1.8175340536999747,-15.55418448439727,2.27859010800617,-8.063326653356388,2.769299896062272,-3.3674320760633742,-4.308508036981642,280.3002647833198
322,21,5.774205222876993,-3.970323337077259,1.8153008201284417,-15.532743253186876,2.278643401484797,-8.065455261761038,2.769279308638967,-3.3672090063591997,-4.308223144531201,280.3002028017612
322,22,5.774216673032836,-3.9696777739549325,1.8195732079440716,-15.614715112088813,2.278244587548706,-8.065671294145824,2.7692761386825033,-3.367256726515334,-4.308404801555219,280.30022464425116
322,23,5.774259346347198,-3.9711848415959152,1.8167342001410605,-15.518466911572958,2.2783941162122128,-8.082857572106978,2.7693102160373786,-3.3672792171810273,-4.308476467496846,280.3002658555272
322,24,5.774256855558075,-3.9701943418918875,1.8178133187930652,-15.567748595593708,2.278219418470846,-8.079965644375338,2.7691684122900164,-3.3672872168406665,-4.308432215937051,280.30025493923415
322,25,5.774224657409612,-3.9694737190195446,1.8193377550686394,-15.580818572817012,2.278582797285701,-8.066230766940178,2.769345619862472,-3.3672711630139753,-4.308324599103321,280.30025259849253
322,26,5.774207391492895,-3.970615075283638,1.8189381879060271,-15.527422758367575,2.2786560874850097,-8.109356411429141,2.769412566320727,-3.367284686684405,-4.3085367134535595,280.3002861085057
323,0,5.774243680065906,-3.970583581450739,1.8219278167192614,-15.62263585853553,2.278614676572834,-8.071939611991748,2.769345679208094,-3.3673065176285397,-4.30834986913994,280.3002702906362
323,1,5.774266250941752,-3.9711849133205037,1.817671323831965,-15.464558366920922,2.278487200916501,-8.05206012417233,2.7692749029799693,-3.3673111492255443,-4.30842709881173,280.30025533589105
323,2,5.774266855350221,-3.970032589257236,1.82170957081058,-15.614732861637968,2.2784482584558607,-8.086513050919256,2.7693823403534195,-3.367246605762155,-4.308394834579442,280.3002073801147
323,3,5.774175302415124,-3.9692554996831033,1.8165567034327637,-15.55332528105184,2.278390685505568,-8.072919617639208,2.769228173655209,-3.3672640862986896,-4.308334689992679,280.30024271270344
323,4,5.774218435867881,-3.9698312207992457,1.8209483233898687,-15.667091676335883,2.2782243017981627,-8.037817926442754,2.769216908044648,-3.367281640356132,-4.308416000805644,280.30024708506164
323,5,5.774199172387672,-3.9703684228240994,1.8134115979112067,-15.601785558156019,2.2785224334814256,-8.05365190267696,2.769233600256771,-3.3672896173756772,-4.308092643332556,280.3002755330935
323,6,5.774193152368427,-3.9706461692044304,1.8166978072182767,-15.51063809478071,2.2786637152780314,-8.074915996607816,2.769471320095059,-3.3673145920159304,-4.3083491601355055,280.30027783196215
323,7,5.774160051454537,-3.9698148223024,1.8166403601372143,-15.524817502368592,2.278302299837924,-8.0501514443333,2.7693268368143027,-3.3673102046983674,-4.308476136090333,280.300250930521
323,8,5.7742678618984415,-3.9706029103557334,1.8172334825032022,-15.546743799493639,2.2783645329647033,-8.067264816975241,2.769220015343756,-3.3671751687849976,-4.308349826038047,280.3002635100389
323,9,5.774212273242388,-3.969691074885985,1.8169419024041493,-15.535135403244269,2.278429845843696,-8.068593057563143,2.769333833389297,-3.367204157710256,-4.308411527336898,280.30024088991865
323,10,5.774229309374963,-3.970266368192326,1.8180267802515266,-15.524570910272665,2.278540332651044,-8.084648529193544,2.769393315047797,-3.367252139592009,-4.308380407228967,280.30026723616083
323,11,5.774256047298928,-3.970476216271535,1.816220195601112,-15.60353752730505,2.278573950629303,-8.07698299484238,2.769326042659291,-3.367185496016331,-4.308446147962485,280.3001926032464
323,12,5.774248676120316,-3.970090526215942,1.817259096111747,-15.538481122307676,2.2785627559209614,-8.099552545632013,2.769302006206275,-3.367269054930638,-4.308331165459217,280.30024045089584
323,13,5.774263412140263,-3.9702398494719264,1.8152116250013897,-15.505263091955369,2.2784192624510697,-8.077398804959541,2.769254547622532,-3.367297600962423,-4.308437326823162,280.3002219885177
323,14,5.774255987749272,-3.9697839726190427,1.8159977592449381,-15.478495246286553,2.2786516231807408,-8.083391841203952,2.7693338460332746,-3.3673019707252583,-4.308565429965109,280.3002126128425
323,15,5.774269119668523,-3.9696274305069825,1.8170023849229227,-15.560854043129652,2.2785887320738043,-8.086041403975537,2.7692369561199106,-3.367259620583627,-4.308300153405034,280.3002016317678
323,16,5.77423080252831,-3.970654649222723,1.8162426365795972,-15.550817538557153,2.2785399339031787,-8.065257531633069,2.7692535265620872,-3.3672432329989737,-4.308442941937823,280.30023256189503
323,17,5.77421375474672,-3.9703552233918917,1.8172747204184077,-15.460026947258928,2.2782029118081804,-8.0637503120912,2.7692644447042594,-3.3671613025767386,-4.308336254784833,280.30027638878965
323,18,5.774201459600475,-3.9704832602291176,1.8163236987432907,-15.598990621881962,2.2785530226080577,-8.055438073548666,2.769294728078572,-3.367287505591439,-4.308382271930175,280.30024209647854
323,19,5.774197825341014,-3.9701606619653913,1.8196863814564121,-15.580202311225879,2.2785915647534263,-8.061906670070261,2.7692867460957165,-3.367264959993866,-4.308274960335625,280.30022807891595
323,20,5.774226636229741,-3.9707951751317303,1.8199120718711899,-15.554881986377788,2.278389507626998,-8.058589693376534,2.769258828832692,-3.3672368275693527,-4.308426091057365,280.3002636559317
323,21,5.774191749411276,-3.969125751824545,1.8182761784257924,-15.606275395475738,2.2784557525600624,-8.055340002885579,2.7692937661259966,-3.367237480006781,-4.308267710908123,280.30024748592626
324,0,5.774226676263013,-3.970008255378178,1.8182606132049541,-15.632597392819662,2.278729311917916,-8.091396923411432,2.769333983921776,-3.3673201278295752,-4.3084956279592745,280.3002618523279
324,1,5.774256258225817,-3.9698352762315725,1.8164770583310916,-15.624656303608234,2.278222586923612,-8.06443471172904,2.7692714493197306,-3.3671915987481587,-4.308583565160185,280.3001917517701
324,2,5.774221548865912,-3.9697617422675053,1.8176197424740321,-15.628442892826094,2.2783569411278224,-8.066615904565944,2.7691954682813256,-3.3673014691633933,-4.3083848305891035,280.300234733368
324,3,5.774277211738028,-3.9693990491118862,1.8192674222303538,-15.591500894609762,2.2783517237924458,-8.074381186943763,2.7692589423154965,-3.367228528150709,-4.308394656968599,280.3002315973528
324,4,5.77420291594272,-3.9697501772798987,1.8153659276898013,-15.495476558202256,2.2786486156280676,-8.094456501229564,2.7693795479439935,-3.367287616185317,-4.30843617889652,280.30024240454674
324,5,5.774264985464072,-3.970558739472354,1.8161045678712227,-15.514116692644075,2.2784954572972644,-8.08945077427444,2.769311350191484,-3.3672575001908234,-4.3083228167202705,280.3002144568099
324,6,5.77425542941688,-3.9703143381038752,1.8154842955200976,-15.538437578857408,2.27890154784067,-8.094304125471249,2.769393235299963,-3.3672212000077963,-4.30832392770802,280.3002305467804
324,7,5.774275688091257,-3.9693231870666894,1.817032405230371,-15.546776494675637,2.278611146926301,-8.085846261952549,2.7693758020143844,-3.3672321354205037,-4.30848761022325,280.3002019378606
324,8,5.774250818293447,-3.969687484439934,1.817237384972094,-15.58472211524801,2.27837668192653,-8.063119179226321,2.7691351224093594,-3.367173202654959,-4.308293249624613,280.3002297407504
324,9,5.774214019669152,-3.969953848601599,1.8179059383198217,-15.561748377346424,2.2785992668647563,-8.061248029999026,2.769339571762992,-3.367264106670499,-4.308292117063155,280.30027796308605
324,10,5.774186632586619,-3.970219309755252,1.8189244429424192,-15.6409277517424,2.278749348731517,-8.091652370913248,2.7694363750311517,-3.367300720668134,-4.308409724346695,280.3003085559492
324,11,5.774262557782924,-3.96988751263637,1.8141988241517952,-15.472970020001817,2.2786272371332625,-8.07518087067816,2.7693291213911877,-3.367250049132773,-4.308530002042247,280.300273621196
324,12,5.774240909260543,-3.9700351671350638,1.8169228680985383,-15.484227681533627,2.2786644794406317,-8.090233680156906,2.769298868543984,-3.367326916532572,-4.308348967307902,280.3002873844289
324,13,5.774260313102448,-3.9709780631003206,1.8166920156449275,-15.554131059166117,2.2784385725056477,-8.069750616115282,2.769223328809885,-3.367316797966629,-4.3083790383162075,280.30026372934185
324,14,5.774251522412968,-3.9693140544708863,1.819222112365006,-15.549877829773544,2.2786106505249166,-8.078093064014338,2.769326492543562,-3.3672847810982907,-4.308476955933872,280.3002409341873
324,15,5.774205007042573,-3.9704131087302845,1.8182406073266693,-15.584072835199061,2.2785821968530624,-8.090194264255196,2.7693767157946962,-3.3673044681983852,-4.308414728006531,280.3002562557268
324,16,5.774214254062439,-3.9693479384135837,1.8178665785578294,-15.47847966925384,2.2785069898299644,-8.063738002300076,2.7693402408634293,-3.3672513186271384,-4.308284344454638,280.30021555560666
324,17,5.774200261967396,-3.9697649648988427,1.8174589385131614,-15.535649680163923,2.278584781745982,-8.09710582002891,2.7692959605623524,-3.3672072105710638,-4.308405543488714,280.30023955302954
324,18,5.774193732665032,-3.9698286016370172,1.8147084253143166,-15.52665007419905,2.2785735463905024,-8.073551220240654,2.769340274205113,-3.3672367850287173,-4.308205730103683,280.30027660505925
324,19,5.774252935127349,-3.9699769438476182,1.8161617206254959,-15.567912254043728,2.2786576220532657,-8.093756329531693,2.769275964519354,-3.367335860041159,-4.308343648082597,280.3002633942817
324,20,5.7742742498047,-3.97080232274561,1.813482986784944,-15.537910366316432,2.2788282547246164,-8.086271359305766,2.7692463688806392,-3.3672968727377577,-4.3083688482632025,280.30027265198675
324,21,5.774201651899271,-3.9701682154192994,1.8231751722474643,-15.698955646357463,2.2781356489327553,-8.073737316190567,2.769267671351164,-3.3673076156755197,-4.308615823420982,280.30023838568763
324,22,5.774314525260881,-3.970847975452175,1.8154385279385847,-15.573245107869687,2.2786901179362173,-8.072194910408857,2.7692972596064256,-3.367293641470967,-4.308448014260378,280.3002505225621
324,23,5.774238880078258,-3.9697191453859526,1.82007987564674,-15.61629382172812,2.278262321085978,-8.06146111729799,2.7691820184110876,-3.367308349850494,-4.308310438473276,280.30024822603514
324,24,5.774212548136536,-3.969910187879409,1.8206877363879734,-15.587228406340982,2.278513264419257,-8.089483816557843,2.7693045799676623,-3.3672340420834797,-4.3083674951109145,280.30025610299947
324,25,5.774194248000086,-3.969797960882705,1.8176928879717578,-15.612316497918115,2.2786860314020045,-8.080258497136281,2.769449996896359,-3.3672070340798785,-4.308499313615598,280.3002694505143
324,26,5.774251325553531,-3.9696261108862974,1.8169720309533934,-15.57302474210806,2.2783966678227814,-8.058309906627516,2.7692729286412563,-3.367336445262383,-4.308470476706912,280.300245714991
324,27,5.774309900552483,-3.970225234162863,1.817750947490307,-15.599641124201955,2.2782451063138662,-8.066334219351813,2.76925694978643,-3.3672244359675454,-4.308589876900604,280.3002519826082
324,28,5.7742492546058,-3.970359818050801,1.8173865807271954,-15.603859601700766,2.2784471402639945,-8.094191247472407,2.769192934559069,-3.3672926681649247,-4.308367296379425,280.30024078349317
325,0,5.774185998298274,-3.9692196339291757,1.8149500035380581,-15.609721529002032,2.2783140781752906,-8.085240158159474,2.7692284387237014,-3.3672908649053253,-4.30836102564235,280.3002258087299
325,1,5.774233413383596,-3.9701466456574037,1.8170166636307106,-15.512626123891978,2.2785062370560896,-8.09628088084966,2.7692742578667784,-3.3671815220447487,-4.308356128180717,280.30023947508937
325,2,5.7742564518347095,-3.969585636102221,1.8206337183930277,-15.666425934042138,2.2782495692614755,-8.054503019472834,2.769335319497515,-3.367279558872894,-4.3084161148667866,280.3002863044415
325,3,5.77425243222348,-3.9694745525664015,1.816064427352589,-15.57936596345661,2.2783459158739854,-8.084188023973386,2.7692809102804667,-3.367243785856966,-4.308395026019124,280.30020320535067
325,4,5.774269143072575,-3.9697638282827863,1.8155324587875858,-15.549384927272621,2.27850533998425,-8.10609186729912,2.7691490301360453,-3.367231776721135,-4.308328550487882,280.30020960667355
325,5,5.774238644412143,-3.969321418349082,1.8174464128935988,-15.572934316915799,2.278361840985303,-8.047187849502548,2.7693332925266825,-3.3672879641876445,-4.308465368662608,280.30023674457976
325,6,5.774250472058373,-3.9705527673925785,1.8199938349258444,-15.501294298072127,2.2784761208761624,-8.070410555740148,2.76929483253757,-3.3672638133255117,-4.308426464591487,280.3002192271396
325,7,5.7742605015370385,-3.9713225541455284,1.814715108200006,-15.635298532037567,2.2786402199538576,-8.087887824378344,2.769302620054676,-3.3672710816961304,-4.308580677368124,280.3002927846433
325,8,5.774217856962705,-3.9701951149371975,1.8175173210029942,-15.54493464247423,2.2783132585609693,-8.085653783173155,2.769217545798441,-3.36725915581859,-4.308421817857385,280.3002713548782
325,9,5.774180172792976,-3.969654475743012,1.8151563578103593,-15.572262151176977,2.2784316043314483,-8.092932439079846,2.7692940919452944,-3.367197965796673,-4.308294881341689,280.3002247276671
325,10,5.774236538156587,-3.9692094157865383,1.8189255491738203,-15.560710248582705,2.2785136543063693,-8.088077667646743,2.769331904993891,-3.3672295947738755,-4.308458078810561,280.3003017249712
325,11,5.774208864666105,-3.969878329192276,1.8193623264433432,-15.58373186712298,2.278473768702294,-8.075658444166917,2.7692907196747667,-3.367259680000977,-4.308507418903027,280.30026302699633
325,12,5.774264284193904,-3.970068444059494,1.816812416417858,-15.59945924205345,2.278543522271125,-8.07006767814486,2.769272520858196,-3.367205316342607,-4.308401406181533,280.3002081153431
325,13,5.774275478646219,-3.9700174409574496,1.8158893970044299,-15.598063742661733,2.2786011196523748,-8.087961099648691,2.7693464780600414,-3.3671912565742628,-4.308464499275797,280.3001893131827
325,14,5.774238307504959,-3.9691373875332294,1.8156665652015118,-15.585952827696522,2.2786383511327792,-8.072292002263296,2.7694428589905744,-3.367308552273957,-4.308485525084231,280.30023455628134
325,15,5.774238888144643,-3.9692512344155264,1.8127733862855593,-15.432889866848257,2.278627547951702,-8.077418093059462,2.769335321900185,-3.367238480446174,-4.3084636926498465,280.3002896562439
325,16,5.774278279656114,-3.9702202633946713,1.8166427525865028,-15.587063383437407,2.2785894310153663,-8.085785297970062,2.7692878826745226,-3.3673424443803244,-4.3084648798530445,280.300215954445
325,17,5.7742774721744,-3.9692315462898446,1.8189781162638339,-15.62707104282417,2.278241380527941,-8.06253066199619,2.7692652728648386,-3.367269893248388,-4.308544003407211,280.30027580126557
325,18,5.774229709631495,-3.969256000372056,1.817305474173391,-15.563858620708812,2.278330633814683,-8.062232876888807,2.7692552548655693,-3.3672386433719423,-4.308404344356822,280.3002377953533
325,19,5.774251359299411,-3.969431623855565,1.8192159006849817,-15.560914585785543,2.278460350953638,-8.079525265967014,2.7693869031909304,-3.367256545967082,-4.308460985578809,280.30024211634804
325,20,5.774195134402908,-3.970527315844549,1.8187333027042156,-15.582720467830326,2.2783650661668173,-8.076024707446306,2.769312317401552,-3.3671808611212573,-4.308514122064329,280.3002860802345
325,21,5.774323237029508,-3.970137110684516,1.8162690446834877,-15.541607082794291,2.278241243278999,-8.098377071500181,2.769246759680001,-3.367210057116517,-4.308493066302139,280.3002482755248
325,22,5.774269385911559,-3.9704580161040246,1.8184631976094574,-15.538001660024737,2.2784157356205395,-8.091066301801897,2.769237569695192,-3.3672130991737923,-4.308366722234037,280.300237156812
326,0,5.77423700748312,-3.9700391805138926,1.8172017939192524,-15.540545184617962,2.2784106411378366,-8.086230113712704,2.7692858490888472,-3.367235288434629,-4.30845666408247,280.3002516565061
326,1,5.7743233980789785,-3.969321754735667,1.8189816282535916,-15.595997714977864,2.278190774446121,-8.06094646431699,2.769204822561561,-3.367176308763735,-4.30843508206349,280.30023271646144
326,2,5.774271059170601,-3.971730353151551,1.8167448229357128,-15.55309182424887,2.278567917799586,-8.104350399081971,2.7692509374799172,-3.36727366717289,-4.308504372323667,280.3002604429445
326,3,5.774228360407185,-3.969675368702245,1.8183823625512934,-15.555923205765223,2.278513591625714,-8.069094382973374,2.769384691605362,-3.367323611906345,-4.308403094929677,280.3002808613547
326,4,5.774244574194048,-3.9698401468679876,1.8117780468158282,-15.541464227115696,2.278598653097158,-8.082985141591983,2.769344067394715,-3.3671997090518984,-4.308311125847281,280.30025506565033
326,5,5.77424268938547,-3.9692702124278108,1.8144167394984454,-15.635452498893411,2.2784518277790453,-8.064041323739065,2.7692541795286867,-3.3671609801458557,-4.308415358565055,280.3001855494949
326,6,5.77428383817398,-3.969969312585523,1.8183376313007464,-15.530015328484248,2.278527932983157,-8.091604879113882,2.769343934292958,-3.3672523709410633,-4.308499421572641,280.30024078671096
326,7,5.774223044468379,-3.9699460643173627,1.8178711499290525,-15.572351387240763,2.2785961969000383,-8.07139237402645,2.769289934083548,-3.3673023826733792,-4.308345930193602,280.3002409317761
326,8,5.774265000481853,-3.969291155142576,1.8135027050272947,-15.601459400090663,2.278548877806042,-8.088703669464524,2.769272870296608,-3.367201065247334,-4.308399932395989,280.300230860987
326,9,5.77427328187357,-3.9699666422408506,1.8156622877116502,-15.443213340814511,2.278471616195427,-8.070237990922715,2.7692546987064834,-3.367235282329279,-4.308344842598243,280.3002019776077
326,10,5.7742607232327785,-3.9691460865962074,1.8171951181328259,-15.578625489619133,2.2786425513067097,-8.088575858687754,2.7693411062962374,-3.3673234319971077,-4.308471648326665,280.30026538216276
326,11,5.774243453418647,-3.969479961487462,1.8164341062031446,-15.545570920317584,2.27870392850982,-8.059850588493218,2.769288644082054,-3.3672323716515598,-4.3083346787880545,280.30021239640905
326,12,5.774278502807617,-3.9693741045698823,1.8156044921694192,-15.603352324206702,2.2785502840807372,-8.09815902785894,2.7692565020430084,-3.367256179101587,-4.3084332612939695,280.30023573613903
326,13,5.774242118408505,-3.969650904454086,1.8193137603636718,-15.612990558708317,2.2781585865814264,-8.064254962202462,2.769264492920388,-3.367296852745221,-4.308364616719899,280.30025954320104
326,14,5.7741993121131925,-3.970041082143834,1.814316638688344,-15.60485210788099,2.27867531862484,-8.087801747435405,2.7693576232144923,-3.3671856406245633,-4.3083609738337305,280.3002159299044
326,15,5.77425402306737,-3.969663523244573,1.814579451127908,-15.566308274123827,2.2786963257544604,-8.071515939896408,2.769298927118593,-3.3672083040701013,-4.308348220495856,280.3002685294667
326,16,5.774245201500483,-3.9701055760974886,1.8146070923785722,-15.661655133990962,2.278408776785538,-8.078219731107032,2.769350314500142,-3.3672864492192582,-4.308450058332892,280.30025582037774
326,17,5.7742336956683395,-3.969533613997836,1.816743193307377,-15.623558271010479,2.2784017290104255,-8.07131817876816,2.769245282546596,-3.367221076220915,-4.308376066620781,280.30021932532327
326,18,5.774198837773436,-3.969261574076183,1.8168038048762645,-15.633431174277867,2.27851894171576,-8.065424817007761,2.769338464148736,-3.367252075574274,-4.3083782368335015,280.30022874273186
326,19,5.77423208082478,-3.9697235683728023,1.815012504649777,-15.533757606609107,2.278534745972366,-8.096695432134883,2.7692725484312404,-3.367230210177703,-4.308452609991744,280.3002020348363
326,20,5.774304879741078,-3.9706557171076944,1.8143892749209487,-15.663555828243025,2.278409007884464,-8.072705904344032,2.769114513757664,-3.367279767175326,-4.308304411438643,280.3002522351687
326,21,5.77426033615386,-3.970067757785353,1.8162031230685105,-15.582030150091953,2.278416271527972,-8.096159295608597,2.7692660445110873,-3.36724026459754,-4.308554991381048,280.30020557410137
326,22,5.774280732093018,-3.970148915784634,1.8168780998517586,-15.537856493701376,2.2782706679811446,-8.051500066912878,2.7692473520804888,-3.367198132625506,-4.308384072173703,280.3002221257548
326,23,5.774275801261001,-3.9695566754439935,1.8187812345549823,-15.5429403656903,2.2785022271460473,-8.088085900226174,2.7693506257275544,-3.367254677167397,-4.308463708344907,280.30021309728045
326,24,5.774296883239782,-3.969710849239482,1.813122527688987,-15.534900631624785,2.278681052974894,-8.094303059041273,2.7692997759280713,-3.367239729417604,-4.308373852198679,280.30025182939755
326,25,5.774227452451302,-3.969511309347166,1.8162983950321878,-15.530881449787334,2.278690136187144,-8.097545023275096,2.7693126189800745,-3.36722582437629,-4.30827306062337,280.30025201136164
327,0,5.774210529022105,-3.970026372074723,1.8169591659210442,-15.571065745767603,2.2783302183128944,-8.068257325768265,2.769328933195585,-3.3672502738649404,-4.3084380943621134,280.30025423513666
327,1,5.774264905209956,-3.969295469500196,1.8143560702859123,-15.503722014718768,2.2786891342677262,-8.084057655693645,2.769392056544757,-3.367263797052946,-4.308361671268122,280.3002050050295
327,2,5.774207052880732,-3.969321748805397,1.8126513970784714,-15.443060845164085,2.2784037116990135,-8.06407447911212,2.7692687395135134,-3.3671825187358526,-4.30835566357014,280.30030980515795
327,3,5.774239562796932,-3.969061312474061,1.821501787081936,-15.554516290044234,2.278368798651651,-8.05838371817897,2.769321726731535,-3.367253945624271,-4.308449454636639,280.30022405199554
327,4,5.774201395948472,-3.9693594552322975,1.8168241977283808,-15.479419899860577,2.2787220957331233,-8.082577025988538,2.7693612205911418,-3.3672693330689327,-4.308245007684944,280.3002251479397
327,5,5.774280260695911,-3.969214556617412,1.8157643430563775,-15.552488186606,2.2783442669699348,-8.068630130755285,2.769245523097998,-3.3672895276905344,-4.308495156575977,280.3001761085916
327,6,5.774226956970905,-3.969318202479971,1.817160085536829,-15.65463815506271,2.2784516927223617,-8.063402679902705,2.7692800870653853,-3.367255435606836,-4.308490631332506,280.3002125935093
327,7,5.774266350454857,-3.9691285878756126,1.816119842501288,-15.63694889218825,2.2785605663427826,-8.059153043066765,2.7692707153506233,-3.3671886026884175,-4.308458528222618,280.30018559076757
327,8,5.774252170760881,-3.9710047357902005,1.81723122251473,-15.640019786313706,2.2784853052646405,-8.095921582473375,2.769250742118081,-3.367309322123112,-4.308484622259736,280.3002155262347
327,9,5.774245441624985,-3.9695004125036384,1.81069871984359,-15.533824158894115,2.278617075885209,-8.087526669560338,2.7691739049288002,-3.367173640474409,-4.3082558793493755,280.30026706953845
327,10,5.774265649786476,-3.969733503985343,1.8152701689593045,-15.585931765954996,2.278172061194077,-8.081854083369787,2.7691882219492254,-3.36722861832787,-4.308490255223188,280.3002106912679
327,11,5.7742717500646314,-3.9692325031356908,1.8134188951991452,-15.463069467652344,2.2786582619683,-8.07273264625109,2.7693325001458415,-3.3672165708041226,-4.308410286646892,280.30023840287424
327,12,5.774184935280677,-3.9703570730784974,1.8162660772606427,-15.556060631857044,2.2783959607127153,-8.067246348762717,2.7693716256038234,-3.3672966539535234,-4.308439100901858,280.30029298076136
327,13,5.774226400115055,-3.9697864517472716,1.81467473890113,-15.547699695907747,2.278522002457795,-8.092899680485857,2.7692759448070863,-3.367255456772706,-4.3084321042946,280.3002582636966
327,14,5.77422105339896,-3.9694835994451787,1.8170760462745783,-15.557720294291087,2.2783256323483463,-8.083479962205617,2.769270362529441,-3.367197564879075,-4.308536386400689,280.30022303056705
327,15,5.774247599725241,-3.969203722954817,1.8150823976700152,-15.578919153425257,2.278476580021867,-8.05244058817065,2.7692783770218368,-3.367255542858733,-4.308498584946931,280.3002033706649
327,16,5.774262720549345,-3.9699049095149603,1.8164948367077205,-15.517301482270845,2.2785901354605187,-8.065782943198501,2.7692555632930462,-3.367214531517804,-4.308253093080149,280.300190892102
327,17,5.774269479871713,-3.969250090734729,1.8155278088226667,-15.561706178886618,2.2783876548880397,-8.068375083130249,2.7692846879044213,-3.3672547871334393,-4.3085107369223286,280.3002000170078
327,18,5.774267937186314,-3.96952880078925,1.8130742646983702,-15.513093241863018,2.278429504637506,-8.086567074428773,2.7692473494202665,-3.3671735348514265,-4.308421818542857,280.30023803964446
327,19,5.774292569556319,-3.9705025054852254,1.8151993043597126,-15.554940553703442,2.278288461803284,-8.054567051977424,2.7691816538006835,-3.3671802945985743,-4.3085059842016715,280.3002258364833
327,20,5.774192830134721,-3.9692682816874725,1.816177696217849,-15.492113016576909,2.2784067826308307,-8.064274208561736,2.7693593370745533,-3.367241407650044,-4.308446444517142,280.30026309694483
327,21,5.774256290940008,-3.9698330456311846,1.8145036141321866,-15.514425832496691,2.2783343269393006,-8.044085180681083,2.7692077144740765,-3.3671494535854585,-4.308300901831597,280.30022254120007
328,0,5.774224026983581,-3.9694304724158114,1.8152834432067388,-15.576727824524681,2.2783811887654015,-8.059414148800686,2.7691994983821036,-3.36729440845327,-4.308466016002897,280.30022889306997
328,1,5.774279296473352,-3.969302125351684,1.816560004203911,-15.53857770137503,2.278588541986804,-8.08023859664335,2.7693407771793113,-3.36725702494547,-4.308561354251164,280.30020663764327
328,2,5.774286011731091,-3.970030056339124,1.8142010063603142,-15.586138987747658,2.2782702014276865,-8.079924038238833,2.7691761251969567,-3.3673115727516696,-4.3084451054664115,280.30026930078037
328,3,5.774260067097472,-3.9693889461413194,1.8171616458905373,-15.571709547077818,2.2785775612293677,-8.093689670169159,2.7692738589747337,-3.36742095060094,-4.308418680155494,280.30022421402646
328,4,5.774276899850278,-3.969571191697293,1.8159363978266416,-15.684335336012257,2.278500529943548,-8.054491280307014,2.769276448344131,-3.367180391115784,-4.308399543009303,280.3001934361173
328,5,5.774291394587033,-3.970180270503959,1.8156567742404908,-15.628680975759275,2.27862909283991,-8.077670613608174,2.7692529186538226,-3.367260125309499,-4.308319799402465,280.3002130538179
328,6,5.774227652522004,-3.9703855726076216,1.8160023403390897,-15.574445590651914,2.2782935945746483,-8.075048864935065,2.769268984071567,-3.3672906170048735,-4.308550001379761,280.3002495645799
328,7,5.774220953810097,-3.969090875540263,1.8135188010951377,-15.52099542712441,2.2786088277881347,-8.086437482207051,2.7693235081991765,-3.3672625360892345,-4.308411631990694,280.3002903415311
328,8,5.774255803719291,-3.9705307063410364,1.8150615832046595,-15.539170877039686,2.278463726969761,-8.074740824909602,2.769288116231739,-3.3672302956333016,-4.308478664532794,280.3002437064481
328,9,5.774271648844696,-3.9699011984554695,1.8189687033474349,-15.541336704253647,2.2784724943468015,-8.09231807403674,2.7693263943118986,-3.3673109928741045,-4.3084695688776895,280.3002956981137
328,10,5.7742239098993,-3.969529264277301,1.8136764780771066,-15.630777774854467,2.27848486265365,-8.079310993996105,2.7692376061674846,-3.367199440252315,-4.308365264818852,280.30026183194633
328,11,5.774225542522947,-3.9696057502052033,1.817254760109248,-15.535622750574458,2.27876510145012,-8.083037507721327,2.769364091563045,-3.367277304071422,-4.308474519207424,280.30029382489386
328,12,5.774187931885914,-3.9699624411356798,1.8182726467312549,-15.557361238047712,2.278266865433901,-8.06671291958581,2.7693380586402685,-3.3673003418586727,-4.308657631268943,280.30028055043806
328,13,5.774262532342768,-3.9703958018884555,1.818401827773232,-15.54225018919579,2.278324634868815,-8.072178961850296,2.769160274787585,-3.3672306788158832,-4.3084319990829485,280.30025936881935
328,14,5.774269597890675,-3.969427704148318,1.8179165373033679,-15.542546130712417,2.278449985550714,-8.076608477702406,2.769231898122078,-3.3672658661529224,-4.308428364259619,280.30024598007356
328,15,5.774302795502095,-3.9697597814453576,1.814996824519627,-15.607370858039122,2.2783800606006457,-8.071204903841242,2.7692320165020723,-3.36725204085877,-4.3085235261864065,280.3002624084034
328,16,5.774286885906649,-3.9694363965396273,1.8119853500958967,-15.604193884791487,2.2786729342269,-8.074846098174834,2.769288914030932,-3.367212511140513,-4.308449338030695,280.3002355363523
328,17,5.774259829014444,-3.9692792162271218,1.814494016821093,-15.54941132857481,2.2786567723215323,-8.075116996686845,2.7692615614165215,-3.3672932490181444,-4.308346342799495,280.30025078263145
328,18,5.7742303676316125,-3.9692188708453373,1.8136209849441762,-15.584996007600068,2.2785243026970776,-8.084692508462263,2.7692142460035307,-3.3672691443683282,-4.308388610211291,280.300243892258
328,19,5.774233048855432,-3.9700276044979192,1.8182053166619312,-15.561188844906507,2.2784869463310984,-8.081358549845051,2.769313934623368,-3.36729705161104,-4.308486627483718,280.3002345546146
328,20,5.774311279310551,-3.9691988454289597,1.814157715852083,-15.581382234114018,2.2785084500485975,-8.065375772350208,2.7693065428312895,-3.367216079413831,-4.308570397194906,280.3002632316324
328,21,5.7742308099544015,-3.969190093634624,1.817404320493317,-15.551321577738236,2.278364544149869,-8.068913646607003,2.769271914784514,-3.3673117647922637,-4.308454037065857,280.3002080772492
329,0,5.774275388682491,-3.969164557682767,1.8179908069149102,-15.602261318637654,2.278575851456326,-8.074973424697491,2.769335018443657,-3.3673295354806183,-4.308607058145816,280.30023285372147
329,1,5.77426908890216,-3.970339158985348,1.8161337436499676,-15.597197202589038,2.2784944917358856,-8.095486948190342,2.7692044772467987,-3.3672832485345285,-4.308459773642687,280.3002376658302
329,2,5.774235909252447,-3.9693879424948357,1.8156627699458094,-15.578802240812681,2.2784754268528262,-8.088359243701973,2.769233954753413,-3.3672148136811595,-4.308481931268848,280.3002059016139
329,3,5.774272163116558,-3.9699057495898518,1.8140000400458984,-15.615577960700689,2.278523819902808,-8.064429555937812,2.7692691191746985,-3.36720544386509,-4.308400981645213,280.3002567002602
329,4,5.774305087451706,-3.9691977621261105,1.8156590749741788,-15.636830746379928,2.2786859983648022,-8.082533527560221,2.769333012746507,-3.367247231019449,-4.308446762235043,280.30023803398774
329,5,5.774264750409796,-3.9692424659647614,1.8141829772785647,-15.602249989364134,2.278545871050597,-8.08072632478739,2.769293742863768,-3.367225903952755,-4.30838748186504,280.3002425328152
329,6,5.7742473493226685,-3.9702765796811907,1.8148816983262652,-15.528857193255016,2.2784078416909157,-8.06812577693794,2.7692538103823843,-3.3672467230908487,-4.308359866822305,280.30021074477503
329,7,5.77424818201871,-3.9705901154176386,1.8144353622628673,-15.624478738046955,2.278426500183977,-8.075589697197548,2.76921538019958,-3.3672641359719035,-4.308397053980766,280.30019880082466
329,8,5.774278525103044,-3.9694992362425503,1.8163189551378898,-15.613054275334305,2.278510306575797,-8.080756519584895,2.769212378370177,-3.367284792145209,-4.308467760275266,280.3001931502456
329,9,5.774256653288831,-3.9693002074786783,1.817028377135876,-15.589163440283519,2.278509751880405,-8.079301177534797,2.7692694321014795,-3.3672486388117466,-4.3084283555861775,280.30021978933837
329,10,5.774288814628779,-3.9703312207630748,1.818262560474653,-15.64824317723587,2.278388897045091,-8.059597484710691,2.769173846928707,-3.367290161718107,-4.308344076307728,280.30023462535996
329,11,5.7742543789748515,-3.97011619828633,1.8197611960465951,-15.586482699169007,2.278380258092458,-8.065110276441395,2.7693113682394035,-3.3673276852352974,-4.3085082290848415,280.30024176269666
329,12,5.774303552620217,-3.9691435942850006,1.815360752797947,-15.569463602305337,2.2787932318242716,-8.051997254741526,2.7692937678153187,-3.367282506348074,-4.308218986347804,280.3002546581395
329,13,5.774244909204336,-3.9702354582429824,1.8157985701667887,-15.678799216220861,2.2783716442122866,-8.079077133540848,2.7693059369999435,-3.3673216671849295,-4.308497995205139,280.30022496852587
329,14,5.7742685248886945,-3.9691267659532254,1.8176415815411529,-15.601489460777877,2.278584376490019,-8.07589504056809,2.7693006385184615,-3.367202554038612,-4.308417826026295,280.3002239996143
329,15,5.774230471387982,-3.969249427812598,1.816453740147403,-15.528923942312932,2.2785846207307965,-8.07405785264002,2.7692780648396047,-3.367269655548613,-4.308339613316726,280.3001933414609
329,16,5.774216303944693,-3.9690609529798966,1.8180519568755185,-15.530936050212185,2.2786869885617818,-8.081119239757712,2.7692910099268717,-3.367360072341317,-4.308349236827181,280.3002266494975
329,17,5.774267766913063,-3.970602826617515,1.8175579360972618,-15.607643352286559,2.2784911328453363,-8.088978940861955,2.7692146249439853,-3.3672444545816425,-4.308412961710489,280.30025338691405
329,18,5.7742957352008615,-3.969958869446034,1.8179122284294151,-15.683693839026795,2.278447339702918,-8.056728328290543,2.769224835586289,-3.367203722146808,-4.308370057237754,280.30023048031717
329,19,5.774206280511622,-3.9690207880563197,1.8165590567289942,-15.580513828274283,2.278492967592767,-8.07531053132362,2.769276907974342,-3.36723613782438,-4.308298871785735,280.30023036492236
329,20,5.77429408450616,-3.9694913204856728,1.817585255467265,-15.574399727985611,2.2785759494723496,-8.065687101152648,2.769231011327854,-3.3672839672872805,-4.308398572276402,280.30020581104577
329,21,5.774235787801839,-3.96936803168282,1.8154167661374119,-15.66352670603953,2.2786911664748613,-8.064117059948394,2.7693433324428507,-3.367270965918664,-4.30845511377983,280.3002266948281
329,22,5.774305503062485,-3.969756923504241,1.8154174312502493,-15.630956821658895,2.278712129308811,-8.084359185246825,2.769322668615423,-3.367198420422988,-4.308335593492656,280.3002715923109
329,23,5.774242185448928,-3.970356940430052,1.8193926585427957,-15.682621388592436,2.2785497414469527,-8.077198666268432,2.7692662180640113,-3.3673597070549297,-4.308512631503322,280.30024797182944
329,24,5.7742410949704075,-3.9696399425593856,1.8195635926636364,-15.55492675137215,2.2782181385475737,-8.081927124130289,2.76926177723629,-3.367369678590584,-4.308699962122177,280.30025829686696
329,25,5.774327129947548,-3.970643786381088,1.8155237924335477,-15.591562970494234,2.278624631718442,-8.093054978509862,2.7692925467212306,-3.3672688574280056,-4.308417582472861,280.30022522616935
330,0,5.774296430301452,-3.969718964660203,1.8155221694418577,-15.595452458169133,2.2783404208775346,-8.065824139185809,2.7692231156590013,-3.3672295590186865,-4.308552607474868,280.3001989423559
330,1,5.774241451797143,-3.9693635672922127,1.8160413953691241,-15.559868494581854,2.2786839905760914,-8.107799018995811,2.7692934342434827,-3.367331898822349,-4.308457887768897,280.30019810909005
330,2,5.774271219792363,-3.9692313138956172,1.816326298128539,-15.618954854963334,2.2787593801519126,-8.084567994376675,2.7692677985600773,-3.3673114499328967,-4.308437999848488,280.3002371500413
330,3,5.774220613733472,-3.9696015118272614,1.8164843663472148,-15.617573398681714,2.2785543032304183,-8.075958826291576,2.7692483896333067,-3.3673340003185044,-4.308462983493581,280.30022552079566
330,4,5.774267198106497,-3.970740780486772,1.8179237295202622,-15.565307480299658,2.278390423369557,-8.073618603510834,2.7692667521408754,-3.3672065731454874,-4.308528395256592,280.3002425622074
330,5,5.774261824052793,-3.970233180888636,1.8147139328295046,-15.560358019447465,2.2786289127623833,-8.080566707376653,2.769278528399284,-3.367210887139704,-4.308397632721104,280.30027320229954
330,6,5.774262933184399,-3.969470282322251,1.8182837127434512,-15.613422618044213,2.2784886323615097,-8.067917922379177,2.7692989133689365,-3.367292151120436,-4.308502843649015,280.30023388543066
330,7,5.774261618116888,-3.9697337744973495,1.8136140431593,-15.550096982561085,2.278256710796608,-8.072348133377497,2.76920883873044,-3.367215406260146,-4.308465470338327,280.3002474563301
330,8,5.774284964862095,-3.969529268397541,1.8191200160538177,-15.655230505472655,2.2786158817146687,-8.051394063225422,2.7693144725867382,-3.3672598017928075,-4.308523703630186,280.3002665716022
330,9,5.774242052562081,-3.970091687403408,1.8146446617329426,-15.477535615513895,2.2785687407396176,-8.065673480732617,2.7692078596871057,-3.3671820900960276,-4.308206576328458,280.3002343870786
330,10,5.774226043971531,-3.970340996230419,1.8187452168376557,-15.631256271954827,2.2783834870957995,-8.09230934763015,2.769272949050001,-3.367312831641533,-4.308524193574926,280.3002808883083
330,11,5.774269755203377,-3.9698380759264986,1.8150718902424934,-15.61002925037462,2.278184000005378,-8.076268517692828,2.7692158099767292,-3.3673241749743434,-4.308470791494077,280.30022018348234
330,12,5.774297172314192,-3.969709904732493,1.8162965959017112,-15.58798773311648,2.2784215575632487,-8.094313539997026,2.7692637388056953,-3.367231596112235,-4.30840957441891,280.30021930084524
330,13,5.774244900172024,-3.9693681006763586,1.8180022113177137,-15.549036082538926,2.278510085417285,-8.079032336319013,2.7692588722761826,-3.3671898325671457,-4.308386448257705,280.3001721094338
330,14,5.774263807400861,-3.9696010835534428,1.8157641562141993,-15.603984217074816,2.2783778196729694,-8.08871619942432,2.769191544812972,-3.3672536098673924,-4.308515601447856,280.3002398544319
330,15,5.774271640944114,-3.969295039461782,1.8170078198218982,-15.639520655083444,2.2782642665189394,-8.063960265528422,2.769221132237777,-3.367219869450958,-4.308450796301011,280.30022199002156
330,16,5.774246053814313,-3.9705637659618205,1.815335517640635,-15.605605558335917,2.278486796690857,-8.074766519489033,2.7691790837517343,-3.3672363957739178,-4.308334386793463,280.3001962328269
330,17,5.774253992458783,-3.969482274344329,1.8168786535977584,-15.60682824019201,2.278544244331687,-8.076909855898943,2.769206640790257,-3.3672699190981294,-4.308355347162325,280.300254040045
330,18,5.774238634151684,-3.9695192095251666,1.8177210044522965,-15.543302667916114,2.2787654574695484,-8.08195538168499,2.769322774828638,-3.3672204519568996,-4.308303829572018,280.3002443155993
330,19,5.7742970157573765,-3.9693141951355653,1.8184142852269958,-15.568263365239197,2.278452279807983,-8.080654397818165,2.769225814813825,-3.3672108137968757,-4.308519822295321,280.3002558766356
330,20,5.7742235793582095,-3.969868822026544,1.8148920850149755,-15.555633495606394,2.278499561827482,-8.092837514387087,2.7692544100151375,-3.3671995361123117,-4.308354030236324,280.3002393151842
330,21,5.774237658149693,-3.969487345996473,1.816659812769528,-15.63519218306888,2.27849766746683,-8.082031204695127,2.769262416586002,-3.367231078834429,-4.308365619735893,280.30018455105153
330,22,5.774235779195404,-3.9698090780944773,1.8140552564866215,-15.521798958665176,2.2786115536206797,-8.086079349020624,2.769185744110593,-3.3672682374198626,-4.308176405779358,280.3002394320354
330,23,5.774277257072173,-3.9697803714997764,1.8147455676951123,-15.63479583495898,2.278438437763278,-8.07560998164815,2.769139490882441,-3.367222471141863,-4.308368696834046,280.30023314281107
330,24,5.774214328539642,-3.969701064385227,1.8156309687522727,-15.6657468551185,2.2785601897380423,-8.085944943960737,2.7692906158938126,-3.3672990324145795,-4.3084659744602956,280.3002321824621
330,25,5.774226767998607,-3.969492062943498,1.8188749982438497,-15.55880637604155,2.27852626524485,-8.097323852004834,2.7692275131398416,-3.367310140186953,-4.308261953607054,280.3002709401721
331,0,5.77423647522937,-3.9698206887476095,1.8163791165412748,-15.695867348567386,2.2782364243879076,-8.067471324911168,2.7692052178368605,-3.367229220816932,-4.308536404494348,280.30019554811776
331,1,5.774247240719853,-3.96968598789265,1.8152667846878308,-15.62660817607978,2.2786291547802944,-8.09722205459798,2.769341199491781,-3.3672286800581035,-4.308518509787675,280.30022904553016
331,2,5.7742608965047575,-3.969998894078714,1.8178932766913105,-15.578039066289339,2.2785372258338836,-8.073735498372413,2.769275540048381,-3.3672435805767127,-4.30833423649423,280.30022725781356
331,3,5.774299776009017,-3.9694981220167564,1.817110948152332,-15.725943463925768,2.278336122655359,-8.092668682405922,2.7692415571368647,-3.367204860222495,-4.308446905921002,280.3002168900852
331,4,5.774256214428206,-3.9695429146797996,1.8160950845884547,-15.64957368171126,2.278301848357753,-8.088960959462735,2.769242168625438,-3.367210536676609,-4.308598745356672,280.30020496114446
331,5,5.774219549805092,-3.9694102445762427,1.8151926435810337,-15.582371355072961,2.2785311800138377,-8.083273413194185,2.7693133167740918,-3.367206877175698,-4.308477695755409,280.3002147989811
331,6,5.774202273134169,-3.969408245558227,1.8171219460917172,-15.559841782018077,2.27853563802374,-8.081687273033673,2.7693097905880517,-3.3672179122483348,-4.308352799220097,280.3002316289352
331,7,5.774222239023509,-3.9690466901342663,1.8153771015236626,-15.615320018090097,2.278278338946242,-8.065849716478276,2.7692005835070725,-3.367186743447753,-4.3083737353285585,280.30021946941054
331,8,5.774291150757174,-3.9701012232116413,1.8165727129535447,-15.493191429195535,2.2783911567259088,-8.062955011228555,2.769337163302401,-3.367257462060892,-4.308510562440115,280.30021781815515
331,9,5.77426716250437,-3.969666035853722,1.816574196466577,-15.61575731168948,2.278455943965058,-8.09997867507751,2.769294478259071,-3.3672167026317212,-4.308534721766893,280.30017213750375
331,10,5.774223242396544,-3.969564835996054,1.8182881611983155,-15.635606184550085,2.2784257863941253,-8.080550635859248,2.7692874458305394,-3.3672141281316765,-4.308402507686138,280.3002236277517
331,11,5.774240327961017,-3.9694658944619676,1.8167750865432732,-15.637807647510705,2.2784555051297826,-8.070523354947131,2.769224592830722,-3.367289784103948,-4.308422663611602,280.30023072395534
331,12,5.774250620500557,-3.9692368492358123,1.8162317251953892,-15.603154162414887,2.2784985477481774,-8.093306233368928,2.7692193965295195,-3.3672856079202464,-4.308510375200544,280.3002035843298
331,13,5.77429837954653,-3.9700859027534015,1.8157815101009502,-15.573628767389128,2.278392849265621,-8.071784854586175,2.7691526569734615,-3.3672645799289747,-4.308385545695348,280.3002394589198
331,14,5.774228147471762,-3.969748179490182,1.8165411126957818,-15.589964857070004,2.278506997152351,-8.107614960312773,2.7692498363670213,-3.3671875643801883,-4.3084163168519805,280.3002227639764
331,15,5.774235806074866,-3.969356854060085,1.8132733769770724,-15.562534174559858,2.278368787824866,-8.063573139125387,2.769166259118324,-3.367253152548463,-4.308374572994017,280.3002698072564
331,16,5.774266116428291,-3.9694950964969986,1.8183236523432371,-15.669936527886208,2.2781813772791035,-8.05395746453961,2.7691695698654817,-3.3672410316746912,-4.308423641941951,280.30020937259394
331,17,5.774221237097762,-3.969565130852488,1.8156245624867948,-15.545484289923909,2.2785677223846,-8.09255661895207,2.7693205093851865,-3.367248795772919,-4.3083758627579565,280.3001998316956
331,18,5.774258576221182,-3.969466293575524,1.8162117549260504,-15.620797373280054,2.2784920778794517,-8.094921842238678,2.769196856699804,-3.367210881161791,-4.308347268936746,280.30019626297747
331,19,5.7742589629258445,-3.969637644717252,1.8166206674105476,-15.523779982840281,2.278504978760499,-8.072723842209216,2.769133391749906,-3.3672368209077317,-4.308162205309556,280.30019828880876
331,20,5.774258607705659,-3.969359860623731,1.8154604709237359,-15.599165056088248,2.2786347739233808,-8.068640862990653,2.7692904845080766,-3.3672032092975974,-4.308380554810086,280.300235234031
331,21,5.774251969714332,-3.969705919251467,1.8176092479662989,-15.582367749010023,2.2783031739571795,-8.085968155901233,2.769263861531657,-3.3672726196015783,-4.308521768183957,280.3002158852806
331,22,5.774266282377137,-3.969205744534408,1.816123033868263,-15.601495030237228,2.2783485485542334,-8.073099651353196,2.7692008689708723,-3.3672518529937587,-4.308407387901119,280.30018425137587
331,23,5.774252266095181,-3.9695336395436396,1.8184933038303948,-15.617300700187705,2.278491497745522,-8.06968902736103,2.769255155828765,-3.3672152489488543,-4.308434204617408,280.30021458291947
331,24,5.774282086514359,-3.9690848339462037,1.8150304618589712,-15.596005968900995,2.2786245024549956,-8.1038214204873,2.7691947555666916,-3.3672313481935734,-4.308426451965507,280.3002586782974
331,25,5.7742176987985205,-3.969650229266093,1.8194774169861272,-15.547741518850758,2.278554841107345,-8.079909995515207,2.7692695872188797,-3.3672061376113693,-4.308312803133193,280.30028127848766
331,26,5.774301023300361,-3.970019971041686,1.816539656114026,-15.630206641933873,2.278290614932514,-8.071261560393804,2.7692588760498364,-3.3673354433599827,-4.3086269146525735,280.3002539297903
331,27,5.774217195042696,-3.9697169513919977,1.817884817498926,-15.625784887785642,2.278417775376584,-8.07547617374103,2.7692418598565545,-3.3672952300872976,-4.30846188065176,280.30019902943053
331,28,5.774286387340349,-3.9695487994732055,1.8172870812272364,-15.63729252452198,2.2783449239612197,-8.084215025842662,2.769270444697156,-3.3672740546035045,-4.3085307040480725,280.3002291674503
331,29,5.7742813786005485,-3.9699643410805003,1.8154501953234456,-15.561397946998754,2.27842820736309,-8.085181238054318,2.7692033496598105,-3.3672287329626234,-4.308414297689265,280.3002089634481
332,0,5.774248649791417,-3.9694868881122174,1.8170162053749304,-15.58132381433498,2.278405173749832,-8.091372263189779,2.7691804764466026,-3.3671979238030025,-4.308415202409666,280.300214735907
332,1,5.774254678345393,-3.969942500472264,1.8174572886221334,-15.62188087360604,2.278445109621059,-8.08093748888347,2.769222811274549,-3.3672943518240164,-4.308416442257517,280.300246291519
332,2,5.774286743808824,-3.96999482447335,1.8145138486178713,-15.566852191709172,2.278665256823054,-8.088342234923903,2.7692894253197764,-3.3672696264340716,-4.308452519597187,280.3002516272129
332,3,5.774273014863242,-3.9691931554555593,1.8153055593506324,-15.616594101960194,2.2785039166574137,-8.089384408640909,2.7692501417439903,-3.367212376404886,-4.308414400932201,280.3002151264593
332,4,5.774273907322096,-3.9696993529751476,1.8170987562221503,-15.598140593794962,2.2782866150906123,-8.076160459478588,2.769191087119971,-3.367310782565325,-4.308467758604791,280.3002333639712
332,5,5.774225189487254,-3.969012926035692,1.81606744566206,-15.553987288113147,2.2783847983968983,-8.085937027492374,2.76929718315879,-3.367253638343033,-4.308471071521623,280.30019628676183
332,6,5.774235539880327,-3.9694682551531564,1.8177377149866756,-15.651094058043705,2.278268482166971,-8.086303362791016,2.769209814012345,-3.3672279295794643,-4.308509307510263,280.3002476147161
332,7,5.774233490165632,-3.9691503031270026,1.8153360922416613,-15.619866771563549,2.2784821965227415,-8.083747459225368,2.769275967443968,-3.3672752081505317,-4.308440996844086,280.30019230471646
332,8,5.774256283067299,-3.9695743599648177,1.8179781718902297,-15.62198169428642,2.278357173629521,-8.076848770407247,2.7692010143955197,-3.367215127669457,-4.308391831227816,280.3002508980091
332,9,5.774235829838859,-3.9698719617249187,1.8174327206488068,-15.668208870329616,2.2782957647956965,-8.095591268713697,2.769269843320911,-3.3673502422402137,-4.308550454533887,280.3002392397687
332,10,5.77423455711209,-3.9695204952556864,1.8154424969238887,-15.645067670256157,2.2782910857173477,-8.082208246412574,2.76921999911245,-3.3672412664701885,-4.308525968868477,280.30020292115285
332,11,5.774263334194389,-3.9704766131739038,1.8166052276549283,-15.624013793842192,2.278321532762862,-8.077496450909157,2.7691572350232696,-3.3672429827034867,-4.308324517127146,280.3002289205691
332,12,5.774259953565433,-3.969762579741514,1.8188314700963646,-15.57812414087731,2.2783913105422164,-8.093112362259578,2.7692263771771013,-3.3673260974345336,-4.3084264889882835,280.30027875411736
332,13,5.774230031644237,-3.9696670685943154,1.8135436043952138,-15.634371175289717,2.278356573323131,-8.084524616338044,2.769168550407902,-3.3671822746400903,-4.308358786669479,280.30024952654776
332,14,5.774210620188227,-3.9690783630069357,1.816677546641976,-15.680952585491202,2.2784380914090328,-8.089954864359642,2.7692092911283424,-3.367217017376507,-4.308358135273331,280.3001964414261
332,15,5.774274406166447,-3.9690878410694417,1.8159021161121773,-15.647273563289755,2.2785588236464913,-8.084366772040699,2.769212429500337,-3.367239495899027,-4.308334921632858,280.3001970998049
332,16,5.7742552297614145,-3.9694588203451655,1.8154500040705357,-15.61692667315692,2.2785766973722854,-8.09718850060223,2.7693373099899725,-3.367230705142,-4.3085154682239954,280.3002258430505
332,17,5.774252832080481,-3.9701584953168054,1.8147468039508623,-15.592133727896607,2.278370357037693,-8.075305632078841,2.7692299960101545,-3.3672278272909755,-4.3083966768097515,280.30025271775577
332,18,5.774227999360165,-3.9691921824646683,1.8163017139219282,-15.557022950952339,2.2786961715282885,-8.078059280242185,2.769351236794029,-3.3673086254787856,-4.308488113775222,280.30023540743605
332,19,5.774236424191979,-3.9704399934995296,1.815746924441055,-15.608167004327338,2.2782306199846514,-8.086261399401765,2.7692004000971253,-3.3672261199173277,-4.308534311582023,280.3002236434156
332,20,5.774247648437944,-3.969844795928171,1.8167557930570692,-15.681894753409193,2.2783386804599584,-8.075374259721674,2.7691298586873456,-3.3671994088985207,-4.3083871221716405,280.30021705373366
332,21,5.774224783525032,-3.969845253752699,1.8160157063744748,-15.634498556648587,2.2785352284445355,-8.090341934481698,2.7692568052691366,-3.367288568702843,-4.308409591533962,280.3002075190592
332,22,5.774248739485466,-3.9691785345653554,1.8165640477315796,-15.606577540748212,2.278582045621051,-8.071040191376783,2.7691522581197314,-3.3671818708016814,-4.30824733752518,280.3001711574894
332,23,5.774221321767245,-3.9699654232949912,1.8166942947587346,-15.623704693638471,2.278287092761377,-8.094814059376708,2.76924322645898,-3.367235597367191,-4.308479181197574,280.30022395232226
332,24,5.774264659584747,-3.9693391812128613,1.818241415704813,-15.693001022413238,2.278295066223848,-8.077350927540248,2.7691541383621954,-3.3671992144635574,-4.308569089460658,280.3002491489939
332,25,5.774270751191867,-3.969756636998008,1.8162032389192981,-15.564500223906062,2.2784802359379595,-8.10248255776593,2.7692885447256272,-3.36717095260145,-4.308470027371207,280.3001556912807
332,26,5.774278374021228,-3.9695706986669905,1.8165238136663047,-15.537558173439697,2.278363117943874,-8.084142681448691,2.7692246503548117,-3.3672546888803363,-4.308480329435896,280.3002326244385
332,27,5.774282410576464,-3.9699211107414163,1.815710786159009,-15.553677081787496,2.2784688425494117,-8.096227678574538,2.769249246399384,-3.3672349887634283,-4.308376554983759,280.30020933067954
333,0,5.774209601233835,-3.969926861726361,1.814711352485895,-15.562308720001262,2.2785545157169715,-8.083093912415515,2.7692746260548087,-3.367209704338718,-4.308539228822366,280.3001971576947
333,1,5.774233006781967,-3.9698139803294543,1.815585395048993,-15.635150963929021,2.278492512934287,-8.079179609946937,2.7692466386691015,-3.3672204287970273,-4.308407028076671,280.3002206024697
333,2,5.774254864052368,-3.9692139026531343,1.8136085420883499,-15.580160473542243,2.278605418624074,-8.0976572241361,2.7692020507620305,-3.3672238105262435,-4.308388308934014,280.3002395411752
333,3,5.7742756004755185,-3.9693295454134505,1.8170642207961978,-15.590394223509968,2.278608394137836,-8.0854826507571,2.7692664579013364,-3.367173681186835,-4.308322711381506,280.30021381219785
333,4,5.77422264261414,-3.9691954982486823,1.815759822388336,-15.634030807597446,2.27861215673895,-8.081637863479488,2.7692068834016577,-3.3672002852323746,-4.308424145937391,280.3002215810184
333,5,5.774243254765601,-3.969481020032683,1.815891616095095,-15.58114148407313,2.2784484199238424,-8.087775948867435,2.769243713469893,-3.3671930609385026,-4.308371188699744,280.30019032379107
333,6,5.7742379084126245,-3.9693627655468524,1.8162416979690954,-15.602452824337368,2.278635933716762,-8.084506581927085,2.7692594432178916,-3.3672439351803214,-4.3083849934761185,280.3002020925999
333,7,5.774261745266446,-3.969178334195697,1.8140185327697986,-15.536273871247554,2.278541906247264,-8.114976230932063,2.7692760500981146,-3.3672254804552333,-4.308421874533051,280.30023065200686
333,8,5.774290831289532,-3.970043159234191,1.8163599388500273,-15.59906416932345,2.278511817332449,-8.06003307572754,2.769225644508189,-3.3672651367859103,-4.308388196738468,280.3002272158418
333,9,5.774236149838897,-3.9695692979995547,1.8158476375508554,-15.612840681184368,2.27843774623332,-8.081004155880645,2.7692716697928645,-3.3672237936060396,-4.308418361145911,280.30018526774325
333,10,5.774258555003372,-3.969914153378392,1.815911927097642,-15.49525970369492,2.2787171091951985,-8.103287979376796,2.769268997077533,-3.367293563979979,-4.308336238732633,280.3002017162843
333,11,5.774260824265108,-3.96965560737724,1.813832486657056,-15.617758763051096,2.278410368353591,-8.094194105619158,2.769172604964415,-3.367185657625831,-4.3084020311436095,280.30024178537747
333,12,5.774253610869877,-3.96921602887481,1.8154414291932996,-15.61105964620068,2.2784524312782084,-8.090918489242624,2.7692463986132414,-3.3672219596453283,-4.3084520124064065,280.3002114958653
333,13,5.774194853027574,-3.969343643368178,1.8158782724615483,-15.679671868905508,2.2782684056332965,-8.074229174319548,2.769181649474844,-3.367171658980014,-4.3084416244491806,280.3002149087916
333,14,5.774278633392519,-3.9696676590657667,1.8171099468821168,-15.668591834421628,2.2784887519908112,-8.09588729122115,2.769234543449193,-3.3672982117889383,-4.3085203765986035,280.30022770395055
333,15,5.774252268385575,-3.969116076956873,1.8176457511868571,-15.547547333559272,2.278561748691787,-8.082657216285766,2.7692836176768685,-3.367261212199746,-4.308371914788056,280.30018052667407
333,16,5.774263716007354,-3.969235787391135,1.8161859088258951,-15.632534557353248,2.2784010408645754,-8.090662248023179,2.7692188787131684,-3.367149720863135,-4.308403481383787,280.3001856881488
333,17,5.774209918378374,-3.9694190512989285,1.8138008789643107,-15.572223857430151,2.2786333561622696,-8.083637944769755,2.769278984611136,-3.367302283347734,-4.308407008348795,280.30023680950956
333,18,5.774283456683605,-3.9694639435507555,1.815061567078156,-15.645272429240457,2.2784796349178884,-8.08651758819472,2.7692893265927587,-3.3672363660019555,-4.308401917629183,280.30024243579555
333,19,5.774245569981791,-3.9693994910240114,1.8164533348692689,-15.597748297923795,2.278481247510417,-8.094867977726455,2.769165920475294,-3.3671879820381903,-4.308300856934346,280.300190958604
333,20,5.774282264453659,-3.9696169865976976,1.8146951722817304,-15.662479012708008,2.2783878516583087,-8.095659149180593,2.769277941727273,-3.3671812185414653,-4.308612127384274,280.3002083178725
333,21,5.77421703812905,-3.9691465939176984,1.8160991954298746,-15.670086448641312,2.278588911211876,-8.094476625797764,2.7692742056229838,-3.367261734679732,-4.3084906793780515,280.3001922914872
333,22,5.774231718070024,-3.969130534359432,1.815659749502553,-15.606820904316084,2.278380577022389,-8.07985535414887,2.7691399413192497,-3.3671835935490773,-4.308284266796919,280.30018186021493
333,23,5.774255502715795,-3.969865508895322,1.8150635148595398,-15.593707615007917,2.2786118461611253,-8.111123181517685,2.769229494588965,-3.3671950690271792,-4.308268637949953,280.30024054845336
333,24,5.774203247660169,-3.9692040365740238,1.8157023959944976,-15.652035406117621,2.278310737824003,-8.077487326685311,2.7692584964804725,-3.3672453977628134,-4.308520191880962,280.300215294248
333,25,5.774239985777741,-3.9694090278929077,1.815812559962208,-15.55737117425255,2.2782632263193605,-8.089459930566344,2.7691928813945057,-3.3672787887805153,-4.3085197617477125,280.3002204735303
333,26,5.774229593926747,-3.970317553769326,1.815066035457167,-15.576611588062873,2.2785192834809913,-8.113731446364136,2.769272009206869,-3.3671918148848623,-4.308494526762297,280.3002199486658
333,27,5.774227551367802,-3.969373386963561,1.8187087793819023,-15.611380372083412,2.2783114027543006,-8.086939377365256,2.769269398151556,-3.3672974239629134,-4.308475582572456,280.30024118614676
334,0,5.774251404315545,-3.9696304547796126,1.817109706831888,-15.639989801224042,2.2784027746900657,-8.072483051881614,2.769217008466643,-3.3672292652243003,-4.308408538114098,280.3002365522084
334,1,5.774268127764765,-3.969050880653877,1.8160553238543673,-15.603436419486313,2.2785576753551484,-8.06491566852776,2.769223642261767,-3.367220592473354,-4.308386007248708,280.30020147033264
334,2,5.7742263156911795,-3.969943651240254,1.8160349364588009,-15.526020358254108,2.2784363838523274,-8.077214042469986,2.769197767000687,-3.3672604429129205,-4.308379108983198,280.30024207123176
334,3,5.774250672831995,-3.9696915149148047,1.815501708726449,-15.60497011448179,2.2784978225525325,-8.076709623949107,2.769214208153426,-3.367221743673793,-4.3084101579463026,280.3001581521462
334,4,5.774245344258385,-3.969489861711896,1.8155915258761126,-15.593730402602574,2.2783558024346924,-8.092523464468488,2.7691783562763113,-3.367239608649358,-4.308454458246012,280.3002057695153
334,5,5.774247141574931,-3.9690646689948497,1.8162551398105333,-15.630198505492483,2.2786736388208624,-8.074326502184439,2.7693140631008792,-3.367228612149092,-4.308397157756365,280.30022432129726
334,6,5.774232215173734,-3.969384585147705,1.8159164385847533,-15.589486433673748,2.2785659311171043,-8.084505949518565,2.7692302230320154,-3.3671919313053547,-4.308349891264281,280.3001715244484
334,7,5.77426840891247,-3.969392792803995,1.816887377610163,-15.639942885879549,2.278343233324906,-8.088016060427316,2.7691819534839253,-3.3671799747361093,-4.308449850666582,280.3002102137566
334,8,5.774227994861926,-3.9695769261660767,1.8161541890557278,-15.646967364772898,2.278354667340809,-8.064462486594374,2.7691595243881473,-3.367236131995106,-4.308331040995321,280.30022440071065
334,9,5.774245422143521,-3.969283714103831,1.8167578893885699,-15.58573855431955,2.2784297496378385,-8.084695743072183,2.7692493206901974,-3.367192173847009,-4.308298664349566,280.300250625476
334,10,5.774205301026119,-3.9696627460904566,1.8172728929277793,-15.643590650352625,2.2783530053628485,-8.091482557742955,2.76920402453131,-3.367239076141407,-4.308495002789899,280.3002213096778
334,11,5.774243379797058,-3.9693652206860257,1.8152099020639638,-15.572611992670053,2.278593239726415,-8.098183631453333,2.769288911614291,-3.3671895296147087,-4.30830597124716,280.30017366119
334,12,5.774218799855016,-3.969092944516884,1.815786408454826,-15.632480819884767,2.278571396619552,-8.091969353742112,2.7693367533503905,-3.367256260482912,-4.308373367020081,280.30018039466194
334,13,5.774250617988036,-3.9693441049833726,1.8166982302056456,-15.595701265889101,2.278458620230747,-8.086357923258678,2.769214608346422,-3.3672161220371666,-4.3083471563772715,280.30022174224956
334,14,5.7742376431437865,-3.9693259290682144,1.8159369211636998,-15.612157438239601,2.2784544152936044,-8.098900280581345,2.7692768502043745,-3.3671920085945435,-4.3084473439180755,280.30018302117946
334,15,5.774229070888623,-3.9690722949672854,1.8166412160652714,-15.619273344140897,2.278612270474511,-8.081523482881874,2.7692350398108565,-3.3672578411046388,-4.3083251629921575,280.3002289562545
334,16,5.7742357684195325,-3.969645305444026,1.8150927332983675,-15.629330214190013,2.278579595212507,-8.088769018552254,2.769312301015533,-3.367269697962851,-4.308516179071253,280.30018262413796
334,17,5.774279496936474,-3.9698510940907656,1.8163419677465444,-15.669125052303345,2.278442614523667,-8.082705785153925,2.7691685952646603,-3.367175044332462,-4.308316632376855,280.3002066218006
334,18,5.7742202011303565,-3.969437591393146,1.8176558067827082,-15.65548675486234,2.278535076684039,-8.07486573373447,2.769308847584796,-3.367255447299731,-4.308541405094607,280.3001903399593
334,19,5.774270638172322,-3.9701681592076277,1.8165911726983304,-15.612279855141006,2.278493346930357,-8.088882402620136,2.7691989236664307,-3.367164273305814,-4.308292293556067,280.300209877147
334,20,5.774234788387716,-3.969296783022632,1.817260484544937,-15.622674715817048,2.278422497230881,-8.11182380546411,2.7691762441442185,-3.3671834563250878,-4.3083260308749605,280.3002639400114
334,21,5.774257153796775,-3.9696712407071955,1.8185679648159778,-15.61700666050681,2.278537434804327,-8.082948540855734,2.769253881084584,-3.367207190090644,-4.308414233345837,280.30022927295545
334,22,5.774267180365891,-3.9694813738284105,1.8161853685418952,-15.60409472927411,2.278427852614508,-8.067671654876557,2.769215336298349,-3.367219437964035,-4.30840542190374,280.3001826580852
334,23,5.774226920320807,-3.9694411253662456,1.8156965651094759,-15.595500193163186,2.2784722167212506,-8.08222530590397,2.7692454792227643,-3.3672540269768234,-4.308463006993592,280.3001927827221
334,24,5.774255740060216,-3.969864624416467,1.8153453454689967,-15.579522467644644,2.2786061653511354,-8.103559403292873,2.7692571702057642,-3.3671939135475153,-4.30844780934258,280.3002436322687
335,0,5.77422234627712,-3.9690629787984073,1.8149977949002043,-15.640794711249269,2.2785616544356073,-8.093674725140453,2.769295814920523,-3.3672106288363386,-4.308435280123227,280.300193256086
335,1,5.774244494675478,-3.9695985430307577,1.8143076973087247,-15.679182281340346,2.278424878334663,-8.066442371298407,2.769297307124225,-3.3672378474882256,-4.308546266336039,280.3002200083743
335,2,5.774237750484332,-3.969209757507868,1.815513034629151,-15.589100016358877,2.27859190595045,-8.095000764865363,2.769316985183705,-3.367262693549745,-4.308364058664689,280.30021461796514
335,3,5.774239993679418,-3.9693608225880217,1.815208926099316,-15.63845629759353,2.2785612754337445,-8.085830523138263,2.7692540146148485,-3.3671817340676995,-4.3084282856080325,280.30019189658225
335,4,5.774213669095928,-3.9696487092154515,1.8166686596187616,-15.617485590795935,2.2783114470886487,-8.07519183940391,2.7691619691500313,-3.367212809850325,-4.308379146323534,280.300246215504
335,5,5.774232359096401,-3.9698030554761745,1.8169984688869856,-15.603029023418307,2.2783608895174976,-8.078501736396698,2.7692374710451166,-3.3671802761523106,-4.308441014791881,280.3002259984763
335,6,5.7742394231459215,-3.9696769699758296,1.8158453450615077,-15.56779956886251,2.27842606423029,-8.087925675701161,2.769242526986344,-3.3671683566602817,-4.308480336226163,280.30017168847354
335,7,5.774250588343545,-3.9690350910477243,1.8159875234648142,-15.581728236262173,2.2784697126824542,-8.063168602734539,2.7691701810357436,-3.3672013251875463,-4.308349646627727,280.3002123076029
335,8,5.77424294019163,-3.969328404063865,1.8151995061146846,-15.644365615304512,2.278455081948885,-8.085015369259594,2.769268917317457,-3.36718247559648,-4.308386707023588,280.3001959770093
335,9,5.774266291741257,-3.9693882278430777,1.8146383959485957,-15.621989256139662,2.2785379947232833,-8.057618470147368,2.7692000671395753,-3.3672185718949175,-4.308322171336246,280.3002024899327
335,10,5.774228777916316,-3.969616760881996,1.8151766478039393,-15.674838573647476,2.2784123038710127,-8.087819400524019,2.769221024612065,-3.367181086366334,-4.308472452026736,280.30022854269157
335,11,5.7742453689108935,-3.9691852026237058,1.816768604771798,-15.552562068870204,2.2786930679050514,-8.094806319291324,2.7693379996937133,-3.367251338403002,-4.3083875076463976,280.3002317871477
335,12,5.7742235041009184,-3.9699660649895416,1.8161370223336515,-15.651951210767862,2.27849414201265,-8.110884445270788,2.769316058024791,-3.367210152569913,-4.30843973838887,280.3001908284214
335,13,5.7742329006210555,-3.96907599404312,1.8172773975651881,-15.67170215360388,2.2784525956236976,-8.067720442591627,2.7692328407395057,-3.367251147984993,-4.3084708350240195,280.3002266263005
335,14,5.774260059169625,-3.970076726504632,1.8171270914555557,-15.597888457577008,2.278511921787981,-8.084036595079361,2.7692464294482857,-3.3672595318852157,-4.3083868889638826,280.3002467372649
335,15,5.774247093305829,-3.9695484664985234,1.8150237013176276,-15.676457009433165,2.278651549056657,-8.07163635495075,2.769266836766014,-3.3673018443657297,-4.308389982697106,280.3002227791035
335,16,5.774221261144189,-3.969277385732026,1.8165882640023523,-15.661491059908315,2.2784508979686153,-8.091229607012412,2.769203729919926,-3.3672282103304156,-4.308455147521346,280.3002093580834
335,17,5.774227263012952,-3.9693203436589704,1.8167989223553083,-15.556958120393913,2.278601636449552,-8.089826599151433,2.7692447321055536,-3.367238420866372,-4.308380602517445,280.3002226137477
335,18,5.774247074635184,-3.969659151859847,1.8155620447685152,-15.612044858272794,2.2785554685087384,-8.082810592572933,2.7691806554810596,-3.3672093918258525,-4.308246185433837,280.3002332208612
335,19,5.774226820520746,-3.9694315712614427,1.816329800251456,-15.551531121399522,2.2785064775799233,-8.082397365130705,2.7692425433657895,-3.3672057417183465,-4.308347265264876,280.30020933773704
335,20,5.774242684262594,-3.969396433632101,1.81570165051403,-15.557272981041413,2.2785987405857147,-8.074488919440718,2.769338751237391,-3.3672086172347484,-4.308393901690575,280.300241835728
335,21,5.774244398583393,-3.969439609963688,1.8159349684893273,-15.567716142402551,2.2786324776647096,-8.091702193502275,2.7692585794390365,-3.3672363903125024,-4.308430325320717,280.30022094096717
335,22,5.774249386112938,-3.9695667701520727,1.8170767288591398,-15.598731862940928,2.2784178127177714,-8.088239569752009,2.7692649166376393,-3.367200984869267,-4.308481992526967,280.30020231427466
335,23,5.774236970468189,-3.969776749624217,1.8162014176901868,-15.577862257025634,2.278559709154357,-8.095385037508441,2.7693215293534745,-3.3671897851835726,-4.308343526637452,280.3001540562398
335,24,5.774242456181286,-3.969042902451401,1.8163114833836334,-15.600755562734234,2.278620691135987,-8.078262948429444,2.76923967533208,-3.3672857001464935,-4.308363682835325,280.300224710032
335,25,5.774221511435712,-3.969680679554837,1.8154265139396863,-15.647173656311539,2.2784086695945645,-8.084683612159603,2.769206230503389,-3.3672382281724254,-4.308443216406123,280.30019010625824
335,26,5.774276800112936,-3.9696001987404297,1.816348935071049,-15.565387325011852,2.2785687595532407,-8.08846636863863,2.7692718255771682,-3.3672603975394493,-4.308443412418519,280.30020530120464
336,0,5.774200333371059,-3.9691293454223806,1.8157815283632996,-15.613965064837888,2.2785457768046227,-8.070402556291782,2.769244089639514,-3.3672164277898866,-4.308292198438963,280.30019625812963
336,1,5.7742213467925705,-3.970034204689749,1.8162105640058663,-15.607998400194038,2.278353202840863,-8.076839019878278,2.7692305735650438,-3.3672087883147843,-4.308391813138009,280.3002015080334
336,2,5.774229934851327,-3.970141062534821,1.814375690127712,-15.598899749929732,2.278575968985565,-8.094191403224633,2.76926555460668,-3.367201128539323,-4.30844464186478,280.300262196116
336,3,5.7742205296799245,-3.969571836051242,1.8153670588906876,-15.699346570149741,2.2786239956122976,-8.090540754167524,2.7693111200510305,-3.3671972570835935,-4.308488142132996,280.300196865785
336,4,5.774224650173437,-3.969648905918653,1.815545488497924,-15.590617376417436,2.2784490597513836,-8.092958732261565,2.769257441280893,-3.3671662081443587,-4.308440844613331,280.30016898593726
336,5,5.774245285340277,-3.9694782832909645,1.8162822056638415,-15.57542614173928,2.278642221403802,-8.10332175508359,2.769269803406405,-3.3672501589819728,-4.308386212471887,280.30023825296087
336,6,5.774240466181565,-3.9696885730302816,1.8148248964198246,-15.58330966753126,2.278504268447979,-8.09312873128546,2.7692732608481605,-3.3671658245412455,-4.308489859431087,280.3001787202354
336,7,5.774249213242883,-3.969420085274767,1.8155558948804846,-15.610394856388911,2.278441822655801,-8.093245844054769,2.7691982720311845,-3.3672121202168066,-4.30844549091608,280.30020227913724
336,8,5.774229736182487,-3.969724120388567,1.8153317756888991,-15.659286331451666,2.278223852503868,-8.064832659162452,2.7691830223420397,-3.367175026517622,-4.308357492508826,280.3001998261896
336,9,5.774224080929035,-3.9693329615097688,1.8149741668478125,-15.588644806480184,2.2783934987609116,-8.080133614665279,2.7692064035631465,-3.36716960665658,-4.308316249082567,280.300228433656
336,10,5.774222328120699,-3.970019427101422,1.8158021835479687,-15.5427921713494,2.278514742097525,-8.098468913796438,2.769363815725284,-3.367213047853464,-4.308398685690284,280.30021503627404
336,11,5.774223255788258,-3.969254318003327,1.8149790345735348,-15.63577587919951,2.2785962201020475,-8.083559054590475,2.7692807015206324,-3.36723331733803,-4.308432879474289,280.3002246940627
336,12,5.7742253105511745,-3.970183307520966,1.8166958939161775,-15.610110638260466,2.2785042158799524,-8.079805617296888,2.769248194580863,-3.3672300580544046,-4.3084485745755146,280.3002018037035
336,13,5.774191877306315,-3.969251194219534,1.8158601631978801,-15.657942361258698,2.278511883324768,-8.079594658176228,2.7692935082311307,-3.3672477311352735,-4.308476545491093,280.3002045218312
336,14,5.774233011024706,-3.9698648012137343,1.8148840488418179,-15.648391355813937,2.278563792374452,-8.091608319189191,2.7692284004698307,-3.367198095059747,-4.30835731763151,280.30023454286203
336,15,5.774256880986861,-3.9701160215784843,1.8161942123288923,-15.591563646813935,2.2786023053162836,-8.08954841207563,2.769374714434696,-3.3672565136650867,-4.308491283094678,280.30024260026244
336,16,5.774191996481039,-3.9697362835161525,1.8162568616637187,-15.578525298828849,2.278458167203917,-8.099257604194348,2.7693140830724943,-3.3672212062962887,-4.308413840260195,280.3001936750395
336,17,5.774290118108764,-3.9697296300281546,1.8162153624138317,-15.583292571093413,2.2785929696138223,-8.100863609982333,2.7692764469208493,-3.3671693634038715,-4.308349081990734,280.3001964128067
336,18,5.774253997217176,-3.9697537712128486,1.815421934070192,-15.605808611826884,2.278422339264643,-8.090425338813988,2.7692729681985457,-3.367245304111816,-4.308532188363507,280.30024372633045
336,19,5.774207165730857,-3.9692529343803926,1.8149637345548653,-15.587250903383662,2.2786329923427604,-8.093768138605384,2.7693201993175074,-3.3671988718023615,-4.30834863619339,280.30026368223247
336,20,5.774192746820025,-3.969022126185891,1.8158022668822718,-15.64142329686096,2.2783606250433133,-8.067941093618657,2.769203260227134,-3.3672117910827284,-4.308442936897187,280.30019448180536
336,21,5.77425931415504,-3.9698448483995,1.815134059430712,-15.561793241117748,2.2783958324923286,-8.09148331370061,2.7692991140585064,-3.367183924565105,-4.3084272781734985,280.3002358877908
336,22,5.774219473464953,-3.9693339389660873,1.8151809371046157,-15.601487435692034,2.2784831440057918,-8.113718614568336,2.7693019902711242,-3.36723265462876,-4.308449888898571,280.30021344985397
336,23,5.774209167246172,-3.9693134969458383,1.8159742766373728,-15.55945962355363,2.278549881160276,-8.087872519627336,2.769309859951947,-3.367280627454079,-4.308369218147483,280.30024455700817
336,24,5.7742396672187155,-3.9694448819858175,1.8159149917810748,-15.606506288551708,2.278333453292934,-8.080772406504595,2.7692749584151937,-3.3672307921249574,-4.308601681832037,280.30018722641967
336,25,5.774258807050491,-3.9702530384173746,1.815942456580876,-15.591951090745273,2.2785310671180987,-8.10830357588636,2.7692590209919814,-3.367167110542473,-4.308446866183107,280.30017796557746
336,26,5.7742617732584,-3.969352302814045,1.8169815076759082,-15.593439867649803,2.2784807080104406,-8.098171234897208,2.769254656722102,-3.3672104971896593,-4.308405499671971,280.30019169919854
336,27,5.774247655293681,-3.9691202914734722,1.8165285875666721,-15.628017815200181,2.2784690206834743,-8.07071385866092,2.7692490347735617,-3.3672660791145725,-4.308373781509035,280.3002162116645
336,28,5.774213319641514,-3.969696086647145,1.8153817253883437,-15.550142924979438,2.278535642812399,-8.107050092187137,2.76930745718335,-3.3671791285870674,-4.3083891482928145,280.3002056670841
337,0,5.77427539485614,-3.969740342012759,1.8153770444288675,-15.567060064375381,2.2784253717296377,-8.08208245339177,2.769230048418442,-3.3671905372450657,-4.308416838147765,280.3001923965901
337,1,5.77422924650128,-3.9695119535721557,1.8156538888082172,-15.63813479791335,2.2782896980071805,-8.064855688853147,2.7692363612110045,-3.367186696496625,-4.308551680831077,280.300222314027
337,2,5.774266958631849,-3.969745153598869,1.8151563592632387,-15.617470065771888,2.2784234254171714,-8.095321447329882,2.7691766839824536,-3.3671970442056263,-4.308396060896182,280.30021135274933
337,3,5.77418727805568,-3.9693522113559894,1.8149243187507262,-15.597241246506215,2.278385341866706,-8.082678965121136,2.769233514034696,-3.367178550589924,-4.308430226598775,280.30020785858227
337,4,5.774231420837731,-3.9690584243391025,1.816747227684038,-15.581380244894572,2.2785646794010934,-8.088744641776554,2.7692345949433435,-3.367192137875352,-4.3083163208346935,280.30021272391707
337,5,5.77422644784661,-3.9694381210341425,1.8160119878034664,-15.637870446568872,2.2782954282186743,-8.082065702902586,2.7692441952631355,-3.3671780897651327,-4.3084793147450275,280.3002469603803
337,6,5.774219480891103,-3.969683499331071,1.8166194590437261,-15.534551152743378,2.2785670327025924,-8.104093362821317,2.7693472407040085,-3.3671871977687173,-4.308501439647164,280.3002288587649
337,7,5.774241827504568,-3.970146368067612,1.81570177091961,-15.594179539936201,2.2782534412162154,-8.090492261737383,2.7692127775448547,-3.3672194038404677,-4.308535571939795,280.300238628639
337,8,5.774258864452621,-3.9697172598698267,1.817309391640511,-15.604533048473906,2.2783737917946025,-8.082501986170362,2.7692224285599645,-3.3671679704247746,-4.3084096785646615,280.3002284485983
337,9,5.774231231138631,-3.9694112065328206,1.816034266251186,-15.663785060126981,2.2785344565318963,-8.090345038003202,2.769297381025046,-3.3672285174380083,-4.308457860131176,280.3002166076366
337,10,5.774230024802484,-3.9690197883920186,1.816740461338484,-15.55898564865703,2.278493363422378,-8.068506294587273,2.76924221743578,-3.3671859413274867,-4.308383939063219,280.300201525384
337,11,5.774237544187963,-3.9692670565543784,1.814777761032845,-15.626817270918057,2.278470479732931,-8.073747557914402,2.7691564357933385,-3.3671719799578543,-4.308280120299144,280.30022037819396
337,12,5.774214987469184,-3.9700173852632887,1.8150299553198057,-15.625088331533242,2.2786575424383617,-8.109467344828472,2.7693142951094467,-3.367245539272356,-4.308532948316837,280.30026356001264
337,13,5.774249482898553,-3.9700895620179018,1.8159867379825168,-15.622258487011358,2.278329520184496,-8.09635747996028,2.7692533634196494,-3.3672069408096643,-4.308524833761987,280.30023193782864
337,14,5.774239104253246,-3.9694154706075007,1.816062558585367,-15.618805698641191,2.2785274538983438,-8.09415606246509,2.769320675877046,-3.3672142277312638,-4.308446562187285,280.30021322698985
337,15,5.774268364610461,-3.970008263913353,1.8150303237268137,-15.551973812481679,2.278448849226763,-8.080233326942892,2.769240647518825,-3.3671938889513378,-4.30841277253479,280.3002473632214
337,16,5.774240379709047,-3.9697851701138323,1.8154627597486772,-15.593653347967644,2.2783424536899575,-8.08267339850026,2.76927097492216,-3.3672143284197715,-4.308527747836904,280.3002232750653
337,17,5.774188406309999,-3.968981422230201,1.8158145630931743,-15.659549049725326,2.278380936590732,-8.063410105876603,2.7691547689223315,-3.367185102389425,-4.308416490861273,280.30020964955327
337,18,5.7742147641652455,-3.9694361593509195,1.8151455162414676,-15.61324474128036,2.278417762023572,-8.090235443237761,2.7692764969569796,-3.3672273939856545,-4.3085810381816945,280.3002392748401
337,19,5.774217822475119,-3.969421510431956,1.8166837750168563,-15.591270656583953,2.2784544907348607,-8.096266271969458,2.7692845866386913,-3.3672096363039876,-4.308493525667695,280.3002000037858
337,20,5.774208153643276,-3.96950541521976,1.8145525532600817,-15.618152932080172,2.278472380148408,-8.08934953669996,2.769267623442366,-3.3671614153542215,-4.308451587399228,280.30024575308113
337,21,5.7742643634409445,-3.9700165928733266,1.814652898666783,-15.565487067652834,2.2784248747869325,-8.078515923305563,2.769179372372008,-3.36714776413187,-4.30844686853184,280.30020822167893
337,22,5.77421416897533,-3.9694703496987946,1.8158645914563758,-15.690666108260132,2.278281773109706,-8.07486191108191,2.7692165833726974,-3.3671699800110915,-4.308513275065089,280.3002288439177
337,23,5.774215518825151,-3.970062687094973,1.8158628307936018,-15.55389219693952,2.2785037216529775,-8.08481139328425,2.7693167572028603,-3.3671871735426357,-4.308484914652391,280.3002349276692
337,24,5.774218750549877,-3.969772045123085,1.8152487128942423,-15.556598233276551,2.2785298253939517,-8.095099412004846,2.769214150793197,-3.367156263958629,-4.308376217698288,280.30019855562784
337,25,5.774248952974666,-3.969530580367941,1.8157033966797917,-15.595295382855877,2.278523032483835,-8.078493815834069,2.7692506509901267,-3.3671621979916906,-4.308439117025348,280.3001860706594
338,0,5.774254932489588,-3.9690748294401965,1.8158442815675608,-15.6168086885184,2.278446501459579,-8.07796532175414,2.7692249766774872,-3.367204488751041,-4.308351637951393,280.30018990276665
338,1,5.774206394067331,-3.9694481972516247,1.8148977726376658,-15.625951495546632,2.2785066009575603,-8.087635369605524,2.769308279902247,-3.36718698033341,-4.308435536916852,280.3002027371205
338,2,5.774240075703369,-3.969198574531619,1.8152917518111975,-15.604912880752284,2.278382565626192,-8.086877313101265,2.769229723357934,-3.367165070347432,-4.3085488232237354,280.300225168044
338,3,5.774233571224682,-3.96997385008268,1.8158688108312195,-15.532719559858155,2.2783784906165265,-8.098907461247324,2.769345645103969,-3.3671813151440495,-4.308528395354302,280.30021566870533
338,4,5.774246995829661,-3.9694439944272726,1.8167157892502384,-15.57995565572168,2.278358922141895,-8.087244599716241,2.76915820413725,-3.3672203624003747,-4.308466968893867,280.3002087400477
338,5,5.774261554118813,-3.969186922547081,1.8144572905009617,-15.563831816622397,2.2785312178961425,-8.068062263993149,2.7691974273448654,-3.367190805748332,-4.308297918866173,280.30015061478565
338,6,5.7742445190047516,-3.969708534383517,1.815372897074248,-15.542565013534023,2.2785541139212517,-8.070042370954889,2.769205742184337,-3.367177877945404,-4.308270819637838,280.3001997805337
338,7,5.774254110585313,-3.9694497548744603,1.8147003577154737,-15.624582397183264,2.278397666591452,-8.076944871271916,2.7692604140370682,-3.367212696818826,-4.3083779466514756,280.3002329703485
338,8,5.774229865062925,-3.9694150832783786,1.8159057775287237,-15.591087727529292,2.27851796151581,-8.092973862691164,2.76923396621026,-3.36717834529142,-4.308444166286119,280.3001967096533
338,9,5.774226430785932,-3.969971796473927,1.815986765170114,-15.560012810228697,2.2785518834023426,-8.08479597707905,2.76928943228443,-3.367215335132615,-4.308447868499898,280.3002171332964
338,10,5.7742259124363535,-3.969036899118997,1.8146223004755262,-15.562623993154581,2.278470555224522,-8.078997674244741,2.7691808633919694,-3.367142730324225,-4.3082964953590634,280.3002329072973
338,11,5.774262058385427,-3.9695265115038634,1.814552869575738,-15.581961703626611,2.2785002013577005,-8.086778502747748,2.7692065097559606,-3.367204016761498,-4.308341685357278,280.3002421946776
338,12,5.774232439893614,-3.9693489497160606,1.814260446953889,-15.582075239475335,2.278308038654246,-8.08445421900289,2.769128302517999,-3.3671330410507267,-4.308326269957681,280.30023298108887
338,13,5.774214954530133,-3.9696973484331366,1.8172918859581577,-15.583910145641084,2.2783806805493083,-8.08764007175041,2.769251776402717,-3.367187554993587,-4.3084422180256645,280.3002513999709
338,14,5.774230468501362,-3.9696362292792444,1.8167254264803487,-15.601532822180177,2.2785313072606703,-8.087470404430526,2.769241675040721,-3.3671660317625762,-4.308336389070232,280.30017567357265
338,15,5.7742419190480625,-3.969975305053047,1.8160477096842624,-15.549286643487825,2.2784290432539196,-8.078674064803257,2.769244176859905,-3.367190049034082,-4.308411935545661,280.30019710053443
338,16,5.774209755676541,-3.96934082358664,1.8152659759817635,-15.640266200870188,2.27847865583974,-8.062826156609074,2.769240127507885,-3.3672701940505934,-4.3084043665850045,280.30024333560647
338,17,5.774249244524964,-3.969642872860385,1.8154423262690988,-15.6202101019738,2.278458880364813,-8.069763863289804,2.7692075329350168,-3.3671819790941475,-4.308461465672586,280.30017600225153
338,18,5.774234060423109,-3.9695428998838724,1.815821518453707,-15.584174127603527,2.2785291828661873,-8.070347620063815,2.769221419580162,-3.367200354219142,-4.30832176074544,280.3001835804593
339,0,5.77428176672404,-3.96945854386117,1.8152770465751247,-15.514758388191064,2.2785749689623827,-8.084857628941723,2.7692334390945783,-3.3672121290118917,-4.308302421023516,280.30023530316066
339,1,5.774234072166981,-3.969309964665679,1.8163370265258896,-15.587630800658724,2.278385294427838,-8.069801433940842,2.769156185756936,-3.3671360854010444,-4.308403231840676,280.30017408793583
339,2,5.774277853498478,-3.9692919896828553,1.816110288680946,-15.548405956579687,2.2786403843253002,-8.066541331293774,2.7692150283120784,-3.3672289248744525,-4.308249454053531,280.3002160926168
339,3,5.774248288978276,-3.9696464086043135,1.8157726369635474,-15.6061377062466,2.2784921913414706,-8.08911189545461,2.7692745499990594,-3.367177212400499,-4.308479827062638,280.3001705728738
339,4,5.774203807157225,-3.96900904676307,1.814683906389011,-15.537324506999063,2.2786499875837154,-8.071189221193316,2.769262400564849,-3.367169098403178,-4.308269867201777,280.3002305891634
339,5,5.774242004602299,-3.969539697719822,1.81528957542529,-15.60484177435533,2.2785133862032256,-8.072671729823051,2.7692438316986188,-3.367227612585699,-4.3084741031506155,280.30018763010685
339,6,5.774258605122264,-3.9691051936675987,1.816019176618154,-15.585093160931761,2.2786172494343733,-8.058269552208335,2.769227035100921,-3.367195474071057,-4.308282043670565,280.30020754096364
339,7,5.774239246704019,-3.969478096621663,1.8163085910674077,-15.569069704946438,2.2784678890602126,-8.07864744674783,2.769195826028494,-3.3671790668711665,-4.308292185484512,280.30020053573475
339,8,5.774234054177585,-3.9699435925307776,1.816323943961164,-15.576228676194692,2.278541324870965,-8.09179814889343,2.769220221992704,-3.36723570861413,-4.30838025554139,280.3002088733661
339,9,5.774225197866987,-3.969356460527426,1.8158324668820445,-15.607187419791838,2.2784444275408995,-8.065610353862448,2.769172664720074,-3.367171055951026,-4.3083358219378525,280.3001832165957
339,10,5.774225159038905,-3.9691972040124477,1.8165595753536787,-15.59061650458163,2.2785259896313543,-8.065291899453085,2.7692355837865206,-3.3672070755366774,-4.308364695391854,280.3001721524488
339,11,5.774208636715353,-3.969671112752649,1.8145676782148024,-15.6047322210443,2.2785374586045526,-8.082222632544186,2.7692273811755643,-3.3672099550150123,-4.308295809520677,280.30023856608966
339,12,5.774251758777363,-3.969238243932066,1.8147313005543761,-15.553114049510189,2.2785010692383056,-8.08427723879801,2.7692231439715425,-3.3672380603856333,-4.308419011444028,280.30023918232075
339,13,5.774276574794963,-3.969446878402363,1.8151573619274488,-15.561428593000752,2.2785560056795133,-8.07074088028642,2.769181582556456,-3.3671745524119685,-4.308295963690139,280.3002226277663
339,14,5.774214877639189,-3.9693704916994887,1.8158404315865029,-15.599113621759876,2.2785776965541986,-8.084536909141022,2.76924264826701,-3.3671586940661844,-4.30829092183359,280.30020174976073
339,15,5.774205546550205,-3.96952202246091,1.8147464679021255,-15.654044356431292,2.2782200718242427,-8.089743084178107,2.7692330877250564,-3.3672265192700994,-4.308550199308277,280.3002511764394
339,16,5.774239947987563,-3.9692705267260453,1.8169462909485534,-15.554476360999873,2.278419403102039,-8.06287757160966,2.769206013827068,-3.367178965646833,-4.308394025224411,280.30021802143597
339,17,5.774241778625894,-3.9694868453941914,1.815983829853958,-15.55715676752924,2.2785312641882993,-8.06372558699188,2.7692035070961505,-3.3672191318102804,-4.308249721734862,280.3002301964388
339,18,5.774248175606408,-3.9693810143934494,1.8155540247887376,-15.52606466334886,2.278501349597844,-8.076816191115903,2.7692040949569856,-3.36718936282542,-4.308290656147599,280.300206828339
339,19,5.774242464914093,-3.969392326575516,1.815979472661155,-15.588092097215323,2.278605888079062,-8.085726371096458,2.7692413580261412,-3.3671778400040933,-4.308307764625507,280.3002007083362
339,20,5.77425735770007,-3.969504769482453,1.8158569280662118,-15.60838989370349,2.2783699434560285,-8.068450952727693,2.7691413688709026,-3.3671526108863024,-4.3083907671418515,280.30022479742877
339,21,5.774237334314691,-3.9694595268958452,1.8152913747999138,-15.617686782098696,2.278440358221751,-8.082215581032685,2.7692668972072743,-3.367225411183497,-4.308426454215119,280.3001904526137
339,22,5.7742537422305045,-3.969441207085134,1.8160886896810804,-15.565971566135763,2.2784846725178043,-8.08889020870267,2.769209389644841,-3.367176688209936,-4.308341990214228,280.3001945076726
339,23,5.774229530318844,-3.969756173829571,1.816195023380388,-15.576375033192752,2.2784745101796715,-8.07889634505997,2.7692690963256714,-3.3671704097286317,-4.308464243378333,280.30019971631873
339,24,5.774220638490516,-3.9697461839052908,1.8156939945229353,-15.585058424234534,2.2783965372638906,-8.083127536390636,2.7692069950244353,-3.3671819199541995,-4.308347125981939,280.30024791087897
339,25,5.774209091051699,-3.9691714249389065,1.8159615122384838,-15.600967946202248,2.2784795218356257,-8.076769560838883,2.769292497350564,-3.3671763639417156,-4.308485034750131,280.3001925648123
340,0,5.774240937643728,-3.9695207807408983,1.8155000342894905,-15.538543471951272,2.2784677810223157,-8.071971865652962,2.7692059221166967,-3.3672167248101363,-4.3084313193892925,280.30020202653475
340,1,5.774233635365968,-3.969304621164896,1.8154248007377618,-15.590528608897712,2.2783689480843847,-8.071687412497264,2.7692236442741414,-3.3671687615305514,-4.308504586051239,280.3001533216024
340,2,5.7742274385520185,-3.9692716421115533,1.8168843868891857,-15.60009434215954,2.2784346508984705,-8.066324748977669,2.7692207175344934,-3.3672154330524227,-4.308390055012908,280.300213425414
340,3,5.774199895594305,-3.9694410131659903,1.8156879375710735,-15.625683873201188,2.2784346623527423,-8.072057820266535,2.769239945521106,-3.3672108830262166,-4.308395185148451,280.3002291507947
340,4,5.774230660188647,-3.969368154541535,1.8162326846617778,-15.640487183558447,2.2785727909347546,-8.081265953202243,2.769250196897036,-3.3672016754205765,-4.30839028887125,280.30019999357785
340,5,5.774246981975016,-3.9696059506266903,1.8157974672439998,-15.572138644309364,2.2784202177333666,-8.068144872197497,2.7691799246513567,-3.367168093986423,-4.308430613903212,280.3002163079136
340,6,5.7742338368705886,-3.969269283845113,1.816577032573178,-15.588024797256494,2.2784854100362333,-8.100670181494863,2.769262937301559,-3.3671638726347046,-4.308387356739645,280.3001838848681
340,7,5.7742330150284555,-3.9697207930676868,1.8152568948935845,-15.636784615062478,2.2785221069022565,-8.093569508822778,2.7692733765335484,-3.3672242223168087,-4.308512550568222,280.30020311354167
340,8,5.774216579493133,-3.9690072075445824,1.816553261484049,-15.604885917290188,2.2784804211088483,-8.07608809068317,2.769204650825143,-3.367182366258438,-4.308457744740681,280.3001970928171
340,9,5.77420579902296,-3.9693980043874433,1.8154650082213433,-15.601656793844777,2.278578606482076,-8.078343426187896,2.7692679843790584,-3.3672160870334644,-4.3083597448849,280.3002094919739
340,10,5.7742514645894705,-3.969087191471264,1.8164828152711598,-15.605329621199393,2.2784519595171213,-8.079378755934362,2.7692070400776663,-3.367207672680296,-4.30844808219247,280.30020973799196
340,11,5.774226960709745,-3.9695692338990165,1.815991783086278,-15.55643043535197,2.2783170466901774,-8.078822152017855,2.769189329691434,-3.3671647210550755,-4.308428771259973,280.3002023606223
340,12,5.774224856408577,-3.9692752610312603,1.8157722711398767,-15.609107933659363,2.27853330902439,-8.073623295198582,2.769254226186509,-3.3672192960682086,-4.308417516376906,280.3001790195576
340,13,5.774211532700369,-3.969451854478772,1.8156548371347059,-15.597762150643517,2.278486147204848,-8.080818590199463,2.7691996313170866,-3.3671929147932627,-4.308348652952674,280.30020730252414
340,14,5.774237782724494,-3.9693569969390166,1.8157164735608313,-15.616095996118625,2.278354072417336,-8.076752650335653,2.769208235386449,-3.367152909663526,-4.308414729532856,280.3001898731309
340,15,5.774248586040531,-3.969393883264218,1.8160694871421474,-15.5972605213852,2.2784532772974644,-8.084606159563663,2.769289707150753,-3.367190273416635,-4.308479793507881,280.3001588723402
340,16,5.7742292458789475,-3.9695872925094364,1.8165686249689148,-15.58410975208898,2.278483414312295,-8.080959805083515,2.769244551920407,-3.3671909106082722,-4.308419107325018,280.30018184835126
340,17,5.774229188546687,-3.9696077986164457,1.8150811970673697,-15.593785106143411,2.2784224189395226,-8.061754556473863,2.769143949914183,-3.3671817062528904,-4.308340106737139,280.3002597769183
340,18,5.774257934524814,-3.969878845125364,1.8164726098562824,-15.609431207444839,2.278370522578614,-8.08475179280225,2.769196422398337,-3.3671689747845135,-4.308444308681294,280.30023465238776
340,19,5.774212348915734,-3.969296102550182,1.8146042918598717,-15.592596808823979,2.278631786905075,-8.08334919836718,2.7692550603525214,-3.367214181335472,-4.308408483486262,280.30024140347507
340,20,5.774245839816357,-3.969488914388254,1.8159958610405698,-15.58997179931352,2.2785231846367133,-8.077975939114234,2.769285704160915,-3.367215057294194,-4.308392542154727,280.30017595844856
340,21,5.774261778594043,-3.9698132656336305,1.8157929711834833,-15.609497261455132,2.2784732305457513,-8.08555202252894,2.7692386648660716,-3.367219782918679,-4.308481166243377,280.30023744394043
340,22,5.774236383659822,-3.969118666306045,1.8161251310305442,-15.608258905123122,2.2786811084867797,-8.089004871122437,2.7693363672098186,-3.367206786566699,-4.308397939513812,280.3001953997575
341,0,5.774231608446617,-3.9691446897584295,1.8162179980116384,-15.601170155705754,2.2784642407687055,-8.08647323526918,2.7693169881242397,-3.3672143014572966,-4.308462610784242,280.30021598412077
341,1,5.77423608337733,-3.96973620149164,1.8156611678275847,-15.622070365170995,2.2783229894384847,-8.086262957766584,2.769226453245703,-3.367181033767195,-4.308544144142077,280.30019608789996
341,2,5.774272705079586,-3.969143638992659,1.8159096794046476,-15.60098310776419,2.278375854716999,-8.069220354409552,2.7692769032828966,-3.367189101488622,-4.3085028674200805,280.3002280912069
341,3,5.774281908822852,-3.969730262444694,1.816450332406358,-15.578003006750476,2.2785192964126453,-8.06764731639388,2.7692486254343875,-3.367187579840758,-4.308443522600935,280.30018896376043
341,4,5.77421936349977,-3.969805382806013,1.8155757696780632,-15.61577036016151,2.2783479206768478,-8.083909359143009,2.7692964408379592,-3.367200789330606,-4.308559732764875,280.300203393066
341,5,5.7742360229579015,-3.9692533372270584,1.8160204695167947,-15.607590832145164,2.2784779676532145,-8.079266366366879,2.769253125206759,-3.3672038538689253,-4.308429002118911,280.30019845427216
341,6,5.774272123267137,-3.9692507188064754,1.815881193201351,-15.58563206643954,2.278471912244305,-8.080564737661884,2.7692473480034137,-3.367199919774432,-4.308458386032408,280.3002098636802
341,7,5.774243458037312,-3.969394590675334,1.8158987850246606,-15.610985566759588,2.2785236865267144,-8.078812472761756,2.769296340779886,-3.3671843813377413,-4.308444358610528,280.3001647001481
341,8,5.774261757866188,-3.969219451745614,1.8165660235552046,-15.56400762810054,2.2784433099646133,-8.085440929139137,2.769190530574603,-3.3671595856362235,-4.30831368834122,280.30023308578285
341,9,5.7742040787608335,-3.9696195351210704,1.8150100007624113,-15.595334077532826,2.278434507818515,-8.084598007176716,2.769259681074221,-3.367172934121355,-4.308493767189537,280.3002059357576
341,10,5.7742399036004315,-3.969587975111918,1.8162219312058099,-15.61290045368442,2.278480395309274,-8.085416561944134,2.769248868679625,-3.367193439943667,-4.308463725482206,280.30021977012626
341,11,5.774264560699841,-3.969421148588153,1.8148641108669237,-15.581700197791633,2.2784158228130473,-8.068320684798255,2.7692121857898577,-3.367175860449223,-4.308318384982937,280.3002310423706
341,12,5.77423158960663,-3.969450038253818,1.8158640602762512,-15.583970622944848,2.2784034593677283,-8.070722284149578,2.769276032684876,-3.3672310381080215,-4.308500364622123,280.30020477964854
341,13,5.774217451024906,-3.9692928470296835,1.8155557951678047,-15.64168244297069,2.2785185956232317,-8.08452645797182,2.7692767476485436,-3.3671717353964428,-4.3084659053473855,280.30019400620955
341,14,5.77421953278405,-3.9694006972180165,1.817056562890677,-15.613784973336067,2.2785142150751496,-8.08203067531568,2.769293266813745,-3.367177972605613,-4.308490901540887,280.30018630042423
341,15,5.7742297515420455,-3.9694805327912985,1.815893672216064,-15.616908484492377,2.2784839615119497,-8.092539579173147,2.769241134134096,-3.367165526581009,-4.308416354776949,280.30020313404555
341,16,5.7742471940326245,-3.9693334570712175,1.8168641478304286,-15.54791922930329,2.2785262159554915,-8.08155789945139,2.769225169284086,-3.367193522881228,-4.308380955729577,280.3001908070596
341,17,5.774212567597367,-3.969241414403284,1.8169524618752375,-15.628303255958466,2.2783349980547523,-8.07755529947961,2.7692820798246855,-3.3671791081588323,-4.308555330900906,280.3002241906612
341,18,5.774230238910826,-3.9693210447853264,1.8161526421114722,-15.625944517916365,2.2783756265284043,-8.06742532657303,2.769251548587268,-3.3672061724046203,-4.308452624607305,280.3002389471093
341,19,5.774247744405808,-3.9697545302739425,1.8158634192570733,-15.571636487705575,2.2784617820534434,-8.090916949234538,2.76923405065122,-3.3672091129075916,-4.308467781138411,280.3001992245016
341,20,5.774240389448639,-3.969356169426958,1.816172439515065,-15.635877089177976,2.2784158801205314,-8.063489102218313,2.769247752709183,-3.367223847917958,-4.3084852448202176,280.30022328024694
341,21,5.774249692895333,-3.9694253530562897,1.8163531748155033,-15.622921250063099,2.2784029555117087,-8.072613223180785,2.769264050082562,-3.367188076828931,-4.3085072993867986,280.300173817549
341,22,5.77420547750436,-3.9696217468818458,1.8162998644522086,-15.605452997013819,2.278360261384316,-8.07988297668792,2.7692634126998086,-3.367167128667303,-4.308475092741488,280.3001995439826
341,23,5.774221434956055,-3.969548509238845,1.8157685157782844,-15.60387413471333,2.2784813549813125,-8.08865548955631,2.769233431793817,-3.3672004994646465,-4.308438037926952,280.3001937790414
341,24,5.774272428531116,-3.969294719071252,1.8157246936465912,-15.556076476859674,2.278464837427563,-8.08746076975808,2.769314913005781,-3.3672190648028026,-4.308531214755782,280.3001613503817
341,25,5.774237826577032,-3.9693509949870185,1.8158173769336867,-15.601049698814323,2.27855162311813,-8.073869255524945,2.769224323506037,-3.367201495731509,-4.308289977631737,280.30021996886364
341,26,5.774221891465966,-3.9692631225896475,1.816316335968471,-15.580399172235355,2.2783900442398153,-8.07848727485151,2.7692045471238513,-3.3671685406590894,-4.308408240820689,280.3001936131138
342,0,5.77426182232138,-3.969451417175394,1.8160986801500567,-15.590294428306677,2.2784846838174286,-8.065843716429873,2.769241430217431,-3.367183312694021,-4.3084942932475885,280.30018937586385
342,1,5.7742493019058845,-3.9693081055874173,1.8164545179737976,-15.578240203414811,2.278504277845539,-8.070036482834013,2.7692130766831364,-3.3671595847927778,-4.308403562617128,280.30014375834423
342,2,5.774242321106936,-3.9698330015375567,1.8145440733533014,-15.606698593068453,2.2783494653590535,-8.102391971890379,2.769301434571714,-3.367236087440499,-4.308590334191081,280.3002259475925
342,3,5.774255326054378,-3.9695099378427074,1.8173692046282544,-15.54103471508133,2.278332199401097,-8.072668327520628,2.769227785165031,-3.367197776137988,-4.3084670048155385,280.3002598670553
342,4,5.774260778502358,-3.9694373973896564,1.816362993915452,-15.558863660695508,2.2785502839348832,-8.07307029941738,2.7692660833089406,-3.3671992198774716,-4.3084038300222165,280.30017099875346
342,5,5.774249016795718,-3.9696282077107523,1.8159528459234369,-15.560109934211647,2.2784457784254415,-8.083464791011947,2.769264684588244,-3.3671611119252076,-4.308510967253298,280.30013454388234
342,6,5.7742700964577915,-3.969482329127293,1.8152761363536236,-15.612513463307934,2.278407547490294,-8.096806404234764,2.769304736365135,-3.3671761920025736,-4.308587382808264,280.3002015254816
342,7,5.774264280400781,-3.9694818054688863,1.8163027657118656,-15.610812719325333,2.2784866864066435,-8.078618325250632,2.769272369247409,-3.367210801879993,-4.30844920598442,280.300225903947
342,8,5.774250494608672,-3.969834580086277,1.8170224231613836,-15.566912292623408,2.2785239070324295,-8.076316448636314,2.7692601667490586,-3.367181214685419,-4.308357386873836,280.30017794932826
342,9,5.774235082016376,-3.9696627118527705,1.8158038533359726,-15.616077872206862,2.2784682785293424,-8.072493882657984,2.769260078340601,-3.367174070025042,-4.308496252517946,280.3001615566501
342,10,5.774238898631106,-3.9691996647266126,1.8154004230105358,-15.616095081141943,2.278557563573613,-8.084458702972201,2.7692473634778536,-3.367175933862467,-4.308377953582838,280.3001837516237
342,11,5.774233048168731,-3.9696137378435594,1.816708698525843,-15.616073595895994,2.278421321997649,-8.07230227379496,2.769226235858125,-3.367186510272208,-4.308422311283016,280.3002203648924
342,12,5.774238126895276,-3.9695045792409442,1.8165792577724662,-15.626100311348255,2.2783990232389923,-8.072351343855107,2.7692531459707683,-3.3672088110510874,-4.308517501859795,280.3002119959418
342,13,5.774269885258692,-3.9694219967649773,1.8157323597102453,-15.567333657131579,2.2784486975775446,-8.077910800761593,2.7692869090772705,-3.3672197663582066,-4.308550348874024,280.300236441404
342,14,5.774259200028707,-3.969638755172954,1.8155971445794348,-15.560393641402575,2.2784112450965535,-8.08023365754684,2.769262492268317,-3.3671898627930146,-4.308507674908801,280.30020725208294
342,15,5.774256053258575,-3.9693602011833526,1.816494788979761,-15.593377346961347,2.2786111168290644,-8.085064590757378,2.7692626568351484,-3.3672198313588857,-4.308354292471676,280.3001840287644
342,16,5.774231916466305,-3.9690807788398823,1.8171063803559886,-15.6420554584982,2.2784955968256053,-8.08495649847738,2.7692718571789974,-3.3671695779879225,-4.308470864444875,280.3002395996561
342,17,5.774261468144746,-3.970052035527931,1.8176232462949788,-15.55507324511993,2.27858133279312,-8.081115131319143,2.7693063971248972,-3.367226591892762,-4.308488635421471,280.300227695208
342,18,5.77421220697725,-3.9694658939955967,1.8166394612446188,-15.623175826420002,2.2785349892202125,-8.094015591557394,2.769356992180065,-3.367195849418423,-4.308537341378927,280.3002687546566
342,19,5.774224012007304,-3.96955287099767,1.8157292363101196,-15.577076546048813,2.278595670675373,-8.081311621738516,2.769331820282836,-3.3672148904264256,-4.308395667584896,280.3001809073531
342,20,5.774254393583679,-3.9693000154745883,1.8164415722702563,-15.554033328513713,2.2785438764093637,-8.073834894153691,2.76927648749646,-3.367185038618638,-4.308322616023471,280.30018682893524
342,21,5.77426375835132,-3.969848857354103,1.815196727667317,-15.611131243689583,2.2784879135849705,-8.080349438118404,2.7692613392550136,-3.3671855114216505,-4.308454643360372,280.30018606309085
342,22,5.77427555640167,-3.9694801259515313,1.8167269275586433,-15.60843283716108,2.2785173406268546,-8.086567091744877,2.7693195242229485,-3.367218171559137,-4.308479415927715,280.30022814207945
342,23,5.774259276940009,-3.9690732407958356,1.816373915274298,-15.605191454571623,2.2784888875494915,-8.082789505348337,2.769272451139695,-3.3672057354987697,-4.308495958223554,280.3002010882559
342,24,5.774282277503455,-3.9694545037428024,1.814743958866479,-15.576712910737283,2.27846745340746,-8.090703974783153,2.7693978777051544,-3.3672622545043995,-4.308542583873584,280.30022638159886
342,25,5.774244369374768,-3.9693851445088297,1.8161421754815046,-15.574008523976289,2.278417910067889,-8.069715022630911,2.7691879728369537,-3.3671501334693446,-4.3084183066586395,280.3001840185987
342,26,5.774263349144196,-3.969325645290871,1.8167318227841491,-15.528105277446215,2.2784770204403957,-8.079577096989784,2.7692070028484044,-3.367157023524227,-4.308450503560828,280.3002063471924
343,0,5.774254201612839,-3.969510560323347,1.816297106713759,-15.591765781513324,2.2785494890479074,-8.078688099258995,2.769288277813726,-3.3671962780165905,-4.308366482527912,280.30019023959386
343,1,5.7742070314046545,-3.969391671409586,1.8154351325194313,-15.564092049050942,2.278478956550589,-8.082498709828823,2.7691973535341416,-3.3671521953563834,-4.308460382126359,280.30019548914555
343,2,5.7742771653101395,-3.970005143595879,1.8166416182189988,-15.56322317979784,2.2784852788570054,-8.070649027035666,2.769216452298081,-3.3671784835392025,-4.30838577471871,280.30019469378084
343,3,5.7742672441710985,-3.969743260722823,1.815972614182606,-15.541100194267264,2.2783879421522117,-8.079189849568191,2.7692659242226756,-3.3672116291977265,-4.30855595472403,280.30018484141715
343,4,5.774260605431492,-3.969297272738329,1.817401323197191,-15.569468226447293,2.2785071184315098,-8.07720871416274,2.7692725263968954,-3.3671790237229526,-4.308417337425114,280.3002247015056
343,5,5.774265495986564,-3.9695341038219913,1.815454467739507,-15.566472299886746,2.2784463199197864,-8.070998339586453,2.7692656999960663,-3.3671611604721257,-4.308469123692877,280.3001706624009
343,6,5.774239910837606,-3.9693058560341092,1.8161918994061406,-15.550061227797334,2.278570611009065,-8.07610182260601,2.769233267923503,-3.367196992068681,-4.308339894876692,280.3001989384147
343,7,5.774205591855619,-3.9692013736213387,1.8164487200976758,-15.652134950810733,2.2784731756747947,-8.077594808507568,2.7692744108243916,-3.3672013902130513,-4.308522807984749,280.30019124635476
343,8,5.774264694669545,-3.9698638480386164,1.8164830622955845,-15.560526760915435,2.2786217678697307,-8.077025540821014,2.76928200036734,-3.367218480158352,-4.308381642662259,280.3002197565194
343,9,5.774232639022777,-3.9695964434188213,1.8158432749797098,-15.5816202548983,2.278542883141811,-8.076330279258165,2.769247287667964,-3.3671988089521445,-4.308387766601246,280.30021799059807
343,10,5.774258466862334,-3.969354269093139,1.8163133053073137,-15.621790073222188,2.278420043978786,-8.08224668194883,2.769284492390557,-3.3672096884595226,-4.30854736942785,280.3002010439744
343,11,5.774239208625386,-3.969525756526539,1.8160587632211014,-15.558092211131555,2.2784703716069967,-8.089857105848294,2.769236735442201,-3.367171583196652,-4.308457929404577,280.30020294757
343,12,5.774257628289483,-3.9693627696641873,1.8156306690990585,-15.588325527280732,2.2786049902787204,-8.076439867034736,2.7692726468860243,-3.3672324202145547,-4.308442712655855,280.3002420632614
343,13,5.7742110867413485,-3.969314462570778,1.8163035239455128,-15.58733862033682,2.2784484223132693,-8.081480677598252,2.7692650544314463,-3.367181101587126,-4.308381551078115,280.3001949906448
343,14,5.774246701656146,-3.9698429520365908,1.8171798610136074,-15.572161206917666,2.278469031154674,-8.09004519193223,2.769269662766529,-3.3671676267950033,-4.3085071103040935,280.30016681038984
343,15,5.774215699714629,-3.969887384097485,1.8160245307393885,-15.564208047443234,2.2785489679273696,-8.08686288729275,2.7692594332718583,-3.3671681150305752,-4.308423660448982,280.3001918224504
343,16,5.774257046346352,-3.969298757823741,1.8163499215061676,-15.556671995419828,2.2784846472789337,-8.07330522576062,2.769234801347404,-3.367179464878464,-4.308466122269672,280.3001918384529
343,17,5.774292545852201,-3.969476451469114,1.8155995645800684,-15.568328485245813,2.278547330407915,-8.068910587632043,2.769247134221319,-3.367187348124186,-4.30849519458934,280.30019854126635
343,18,5.774247354429887,-3.969798580953722,1.8158839439973073,-15.5640550046891,2.2784945159735304,-8.077619547712581,2.7693004633778426,-3.367218926702436,-4.3084923089727205,280.30018338933314
344,0,5.774259287524159,-3.9698507642501597,1.8165550447674375,-15.59521423948345,2.2785293670965094,-8.08741662984612,2.769301697799572,-3.367183833235219,-4.308530430149702,280.3001964970824
344,1,5.774231768835444,-3.97024720361538,1.8168169572719675,-15.56292631188537,2.2782990603417894,-8.08991227168074,2.7692543413079673,-3.3671971198890547,-4.308578123288152,280.3002783948731
344,2,5.774245829192874,-3.9697774971833177,1.8171640356761138,-15.5948107053593,2.278571108277351,-8.091122968559995,2.7693138122824648,-3.3671815655083863,-4.3084526245700605,280.30021664711614
344,3,5.774259559247512,-3.9694551597467425,1.8165477528588545,-15.577081292004952,2.2784976026225916,-8.087772883434722,2.7692577565558403,-3.36716596434236,-4.308425985943094,280.30019879538895
344,4,5.774247314453535,-3.9694190419613133,1.8163989349624359,-15.559116281780925,2.2784654366653867,-8.083663238094651,2.7693064703242065,-3.3671993734043015,-4.308486087726701,280.30017998399006
344,5,5.774258658178311,-3.9699780138288356,1.8164848693420925,-15.540358951724436,2.278477978247055,-8.079118133834378,2.7692953119835084,-3.3672199534474077,-4.308494079571586,280.30021648669117
344,6,5.774238405045128,-3.9691823884959785,1.8174084193729174,-15.55711859567787,2.2784428265082775,-8.06923277419261,2.7692652603447705,-3.3671738097741284,-4.30848197238342,280.3001944677355
344,7,5.774239228452007,-3.969503706375703,1.8167161705226855,-15.598160160278924,2.2784597323873634,-8.073081975292869,2.769250716685114,-3.367185357672541,-4.308475191837949,280.3002009933204
344,8,5.774245255933066,-3.9695644102073357,1.814968074548686,-15.594141047053965,2.278318137214055,-8.087397782779654,2.7692400918668505,-3.3671993223380294,-4.3086274585293145,280.3002224547429
344,9,5.774270082406101,-3.970104994497124,1.8165609038348636,-15.548017911874364,2.27860991065052,-8.090810085389116,2.769327293795908,-3.367200220300871,-4.30849320555838,280.30021637619006
344,10,5.774256074104864,-3.9693682347114434,1.8155461799555161,-15.58082352122293,2.278639996211364,-8.071277135697489,2.7692795931673144,-3.367178036818974,-4.3083871944572545,280.300217818311
344,11,5.774233642464417,-3.969325044009608,1.8173806842318014,-15.604065309279116,2.278551141894986,-8.076124487082328,2.7693090686531407,-3.367193055801166,-4.308503607279809,280.3001953273523
344,12,5.77423517138696,-3.9699801953766887,1.816319588481519,-15.599215941508211,2.2784310100842444,-8.07706130866833,2.7692477992167803,-3.3672033557135994,-4.30853526493172,280.3002156847191
344,13,5.774228698934971,-3.96944821839571,1.816145972419168,-15.613635543525012,2.278332568495023,-8.062449859394953,2.7691979720314372,-3.3671819461013417,-4.308468241687533,280.30021201070065
344,14,5.77422684794015,-3.9697380504662108,1.817001685718241,-15.531962857434934,2.2785524092521885,-8.070887475992235,2.769293539040522,-3.3671746188452354,-4.308460271844444,280.3001938700107
344,15,5.774226714413119,-3.9695722667266824,1.8165775879958996,-15.591366233518363,2.278622394737126,-8.086402131505341,2.7692895169519005,-3.3671723090418686,-4.3083659508076195,280.3002308308536
344,16,5.774241399247469,-3.969921305888822,1.8153048757170682,-15.584181180773626,2.2783761432919727,-8.075011828141955,2.7693163980314677,-3.3671754660021502,-4.308622924292786,280.3001970345585
344,17,5.77427250171943,-3.969668524821675,1.8160508550347765,-15.59463355183055,2.2783720858865033,-8.094307731430264,2.7692566081451333,-3.367215388213869,-4.30850032512193,280.3002133449435
344,18,5.774260853280182,-3.96983213892529,1.815559786369958,-15.523932521481397,2.2784464076093163,-8.09687019865704,2.769318917552321,-3.3671784397299653,-4.3085320351296925,280.3002197604083
344,19,5.774284532816936,-3.969966272793412,1.8170268417573672,-15.51838798692943,2.278532692743101,-8.074805839249441,2.7692759293016023,-3.3671820637839875,-4.30847930923346,280.30020724328807
344,20,5.7742388400762295,-3.9696553421420453,1.816673596886377,-15.567823597307903,2.2785857019140634,-8.082170170578127,2.769258570210266,-3.367175663716179,-4.308405037954241,280.3001952337878
344,21,5.7742683236461,-3.969818912225567,1.8147226640348733,-15.56640357933266,2.2784752660258363,-8.084489190691869,2.7692675958430857,-3.367220469341422,-4.3084467338676875,280.3002374091684
344,22,5.774247194619513,-3.9697772278907393,1.8162661950985788,-15.537884846721198,2.278407712315425,-8.082745206909516,2.7692948206136796,-3.367169669982472,-4.3086077769761575,280.30018072523
344,23,5.774256183301771,-3.9698097925205498,1.8163085120731537,-15.565634495316196,2.2784044060790523,-8.080685999468574,2.7692801540848953,-3.367182840877783,-4.308530388849952,280.3002066686211
344,24,5.774255147519439,-3.9699713828307495,1.815432925683171,-15.548479467649772,2.278443799132003,-8.087389371656176,2.7692608573746975,-3.3671748354878193,-4.308423405010464,280.3002213737157
344,25,5.774245484316612,-3.9694972959185146,1.8162392727812564,-15.53714178759591,2.278498089532362,-8.085892217650754,2.7692818968486246,-3.3672161976693964,-4.308499018663641,280.30018832567885
344,26,5.7742527097660385,-3.969916039616943,1.8156611599304595,-15.576364818841267,2.278363648701928,-8.074752342298055,2.769240906634557,-3.367198898539108,-4.3085704070501425,280.30020716279654
345,0,5.774220717717304,-3.969639916519592,1.8170738588493438,-15.53993517490976,2.278426095090194,-8.091344595155073,2.7692080117222377,-3.36715237548637,-4.308477753923905,280.30019366387035
345,1,5.774245175852058,-3.9690894532703327,1.815679854555642,-15.538626050977186,2.278541941233018,-8.061376443747864,2.769212729081994,-3.367189979896092,-4.308356716009348,280.3001955784248
345,2,5.774224909146775,-3.969587161242974,1.8171020846215356,-15.581240092870663,2.278455519717544,-8.078378028721911,2.769223926133184,-3.36716820214554,-4.308457143946307,280.30020160533365
345,3,5.774282540136625,-3.9699038656414474,1.8157283630125003,-15.582230434120916,2.2784654689735246,-8.083997502018383,2.769264510822057,-3.3672079190223223,-4.308547957588652,280.30019275538206
345,4,5.774236738412323,-3.969110286810619,1.8163122192449654,-15.572837638135018,2.278463642762626,-8.053162916178668,2.7691725438439185,-3.367181402839756,-4.308426064883132,280.3001732625368
345,5,5.774233035574683,-3.9694823833631876,1.8172106700569886,-15.535596822809607,2.2786481020942517,-8.080847802752444,2.7693293236549317,-3.36721083354228,-4.308488288234878,280.30024009320186
345,6,5.774254548316213,-3.9694211829790484,1.8157690749978403,-15.558507513081027,2.278491519182325,-8.066810678017994,2.7692886420959355,-3.3672042057134957,-4.308462637535022,280.30019722034996
345,7,5.774233802729863,-3.969495645146134,1.8164295470001235,-15.613338038987393,2.2784195214607497,-8.090384171018522,2.769285249457339,-3.367203803977745,-4.308516585126934,280.3001952712863
345,8,5.774242120796558,-3.96939135599453,1.8166685323377458,-15.564347133996801,2.278480395264409,-8.08382836434673,2.769270306973709,-3.367177696932686,-4.308518067784011,280.300192442685
345,9,5.774163876742176,-3.969543339017351,1.8157548113256887,-15.603041164061317,2.2785240985540143,-8.07740614870869,2.769337522314674,-3.3671915979209626,-4.3085308129187565,280.3002305630934
345,10,5.774271472801792,-3.9694538048773786,1.8170033261358507,-15.53958030414765,2.278653326902661,-8.083688836839567,2.7693473730081446,-3.367217599859449,-4.3085032654961815,280.30020581544517
345,11,5.7742381523350375,-3.969387509199213,1.8156885077834284,-15.539807779224056,2.2786142169662345,-8.095011532891096,2.769374646296113,-3.3672194607054213,-4.308500345560235,280.3002203242613
345,12,5.774253401532186,-3.9698038712333856,1.8173393619264693,-15.518442188135774,2.278405516393345,-8.08482451300122,2.7693130984307532,-3.3671934540914648,-4.308562630011182,280.30025337175573
345,13,5.774225865886434,-3.969068160078953,1.8158088374568553,-15.542003838023078,2.2784538549249587,-8.071594852520304,2.769325124499419,-3.367194735502868,-4.308516596197024,280.30020782639053
345,14,5.774192865951163,-3.9690121651419172,1.8169240438177279,-15.593149190935012,2.278469788710911,-8.081288574272284,2.769338261519443,-3.3672094077612655,-4.308500543250945,280.3002394881347
345,15,5.7742711196071195,-3.969460823804399,1.8168735760195451,-15.551238534638173,2.2784582895996057,-8.063410910253841,2.769223673047783,-3.3671726915703655,-4.308430622293411,280.30019418458716
345,16,5.774256643574692,-3.9693775362493824,1.8173328839716556,-15.548573931298083,2.2785802426122617,-8.087582226991396,2.76931186598199,-3.367193563833643,-4.308453142439458,280.30021167451787
345,17,5.774240879497707,-3.9696476373660645,1.8161644550094571,-15.539764288239988,2.278406669615644,-8.066996695802684,2.7692114280455384,-3.3671742070684316,-4.3085202931029185,280.30018928709524
345,18,5.774238661861579,-3.969512240020499,1.816364899205677,-15.548193322086894,2.278436079037983,-8.07612455392614,2.7691968554523694,-3.367165113028799,-4.3083545089844515,280.30016709186594
345,19,5.77423262739199,-3.969664030733334,1.8168188647463854,-15.577926284781919,2.278560216689876,-8.085430056921249,2.7692623664369775,-3.3671967878115554,-4.308415497508883,280.3002114748251
345,20,5.774230341776933,-3.969385789604891,1.8172330860725152,-15.582541554611261,2.2784392605026436,-8.07567125304278,2.769292454312342,-3.3672138426300697,-4.308520953424357,280.30022285649335
345,21,5.774239641543088,-3.96962368695647,1.8164584577556186,-15.511909011432127,2.2786278046385413,-8.082476148770523,2.7692677312528278,-3.3671794414318867,-4.308463513270442,280.30020005938684
345,22,5.774259676243691,-3.970202793632672,1.8163023579704853,-15.532210236890856,2.2785125215632993,-8.088447067820464,2.7693963288654677,-3.367193290877901,-4.3087253314968725,280.3002250792169
345,23,5.7742325400726235,-3.9699699194491753,1.8169583943397145,-15.591109260300266,2.2784608262446313,-8.09896630527412,2.7693336984142016,-3.3672212839587825,-4.308636743579734,280.30023474314845
346,0,5.774260723434347,-3.969634479648624,1.8154548400023365,-15.572565359392106,2.2785348578005746,-8.081612176886653,2.7692396811587967,-3.367161690409356,-4.308486043247235,280.3002185928106
346,1,5.774275801465396,-3.969419648453404,1.816240083383605,-15.567150414849142,2.2784452791163194,-8.065998598312309,2.7692033062418977,-3.3671716161630654,-4.308452312743653,280.3001779508569
346,2,5.774252551962562,-3.969389280127277,1.8165899463889885,-15.55186025594125,2.2785755201637072,-8.085743298015792,2.7692272390698274,-3.3672023251028556,-4.308407007902532,280.3002072401516
346,3,5.7742285217053935,-3.9696060141951435,1.816742644540013,-15.575339766086346,2.278257168290698,-8.07324456203151,2.769163002391899,-3.3671605520852257,-4.308534509112272,280.3002373889251
346,4,5.774262680782037,-3.9699742840001475,1.815933883662516,-15.562197647093942,2.2785344433465347,-8.07926472214836,2.769282967726329,-3.3672237852462477,-4.308451121325862,280.30021421534104
346,5,5.774266952604657,-3.969133792529461,1.815217569179968,-15.583365274848054,2.2785163100242145,-8.070036941714882,2.769291094843158,-3.367183553371867,-4.308507179342582,280.3001887770105
346,6,5.774243088644896,-3.9693657103507074,1.816487131084506,-15.618152467581316,2.278472544901147,-8.070861047064053,2.7691982726653626,-3.367184126600748,-4.308493508084603,280.3001722251664
346,7,5.774219582354128,-3.9695300101101165,1.8159093015718917,-15.607809454121846,2.278409207299115,-8.085101027356558,2.7691877866082297,-3.3671661936090516,-4.308500187279846,280.30021564851086
346,8,5.77424984565653,-3.9692523825174373,1.8168367023565242,-15.591443162397006,2.278498442431158,-8.068185438625411,2.769236312349475,-3.367169506751063,-4.308486322522646,280.3001897529077
346,9,5.774235400443778,-3.9695843138605715,1.815085311323509,-15.576041139819077,2.278449613621813,-8.060074010273343,2.769249550696811,-3.3671848084834157,-4.308461686403395,280.3002132702551
346,10,5.77424558422848,-3.9690916144509916,1.8172661728815576,-15.5710389665089,2.2785131008538224,-8.049630599253575,2.7691969781240804,-3.3671686419023206,-4.308327175049661,280.300185910139
346,11,5.774230175087041,-3.9696178590387055,1.8159805309914845,-15.530105484511306,2.27857470290468,-8.064136805070511,2.7692093526699657,-3.3671841235753583,-4.308362925560216,280.3002206029479
346,12,5.774271944179869,-3.969747748061763,1.8167059602963507,-15.486839111036254,2.278642094050317,-8.065201576594992,2.769174275043049,-3.3671661686607055,-4.308275854669572,280.3002196522191
346,13,5.774218175067028,-3.9696231932579544,1.8167900818045555,-15.6024475489293,2.278475942088361,-8.069324038663055,2.769223765101107,-3.367195953245172,-4.308449466577559,280.30022781284913
346,14,5.7742557386921884,-3.9692105553652395,1.8158800489943283,-15.58698764532225,2.2784348554365663,-8.06286948328185,2.769213706068389,-3.367182107524866,-4.308365570329511,280.3002070372997
346,15,5.774268449070285,-3.9699076130196236,1.8165859922960235,-15.517054848505879,2.278392933478729,-8.11065713861575,2.7692342744166716,-3.3671651085376046,-4.308561995569096,280.3002042388798
346,16,5.774240297132242,-3.9691515918496325,1.8167496812518396,-15.569151456668923,2.278529182361398,-8.057689525439478,2.7691298377481095,-3.3671413891963,-4.308257596718227,280.30019558227923
346,17,5.77423471535544,-3.9691208132204596,1.817071529976234,-15.535837676586553,2.278568150622494,-8.075638948794088,2.7692586941599853,-3.3671991649335413,-4.308454896921762,280.3002091069326
346,18,5.7742372168267355,-3.9698053691274255,1.816834145727983,-15.507097718569511,2.278467192843489,-8.088368179742831,2.769260306186668,-3.3671801164325466,-4.308458826289461,280.3001628662769
346,19,5.774260450876518,-3.9694696994936707,1.8173505554224054,-15.534952527393543,2.2783996246760516,-8.071016361500572,2.7692472009731435,-3.367166153981217,-4.30854053758524,280.30024953901045
346,20,5.774242078178474,-3.9693982431398016,1.8174423205334609,-15.594996374670353,2.278471679096449,-8.07418458370923,2.769281988632665,-3.367182655999041,-4.308487575826958,280.30022913768795
346,21,5.774267877977008,-3.9695044794284535,1.815893145032565,-15.588388318358133,2.2784988430216955,-8.08275642524093,2.7691980490984807,-3.367179748243367,-4.3084075341340045,280.3001746318691
346,22,5.774246987260335,-3.9696812223413525,1.816514372607011,-15.515096089143029,2.278403879502761,-8.04801472207506,2.769177264180276,-3.367159502522586,-4.308459581977003,280.30020776186234
346,23,5.774257209718795,-3.9696346182843887,1.8168557917596397,-15.551113666264262,2.27839058574665,-8.069578654952057,2.7692437276734463,-3.3671901230292574,-4.308502680684436,280.3002378446747
346,24,5.7742241869361814,-3.969588638625988,1.816647747293117,-15.544489363676345,2.2784612300651164,-8.092704824922352,2.769322470797093,-3.367196920718377,-4.308598710581915,280.3002286097287
346,25,5.774270974974498,-3.9697714544901603,1.816725122213244,-15.515426019082284,2.278496183960997,-8.079766354365248,2.7693006988823905,-3.3671860086368848,-4.308556788917228,280.3002138835981
346,26,5.7742784020987905,-3.969821505900471,1.8155267167944715,-15.562877311942092,2.2785192276576987,-8.074372139015964,2.7692933052053377,-3.367183399412029,-4.308472900405379,280.3002121828488
347,0,5.774271563189857,-3.969602942412813,1.8160061538646186,-15.535709291196756,2.2784323864055107,-8.08374565813379,2.7692749651993993,-3.3671737385825997,-4.308574983678918,280.30018419386016
347,1,5.774261660779606,-3.9694491989709375,1.816079331020558,-15.570103804864953,2.2785718373607273,-8.06503711124052,2.769219745894875,-3.3671746979986708,-4.308386352241234,280.30017683742267
347,2,5.774244482887022,-3.9693044306412033,1.8157200345795357,-15.594567141001656,2.278451577841393,-8.06324120734057,2.769164893818532,-3.3671499730961822,-4.308357769479381,280.3001669957886
347,3,5.7742559562479245,-3.9695953566299296,1.8168391452778399,-15.567981299385139,2.278477304862004,-8.090643563734151,2.76926467609183,-3.3671910982947835,-4.308470884890072,280.30026550548706
347,4,5.774241438482817,-3.9699058939202434,1.8173164647857525,-15.503445977835154,2.2784528405934994,-8.07839137706593,2.7692019456953223,-3.3671525740846424,-4.30849083595266,280.3001897758736
347,5,5.77427677238974,-3.969240258352302,1.8160154189361561,-15.601490643025231,2.2784833858608144,-8.075759936229282,2.7691896471843864,-3.367159889754712,-4.308451405373297,280.30017871336804
347,6,5.77426021722409,-3.9693557797247494,1.816536416304232,-15.598473843575402,2.2785085827079574,-8.085139344032978,2.769204234079652,-3.367156145074112,-4.308353050212896,280.3002060374223
347,7,5.77426206694806,-3.969534212821454,1.8168261404641521,-15.492601619747058,2.2784795136064817,-8.073464912391417,2.769171812299043,-3.3671594498665667,-4.308378026201155,280.3001977459237
347,8,5.774241093054412,-3.969156836605256,1.8161501016307138,-15.560365242240529,2.2785328698483385,-8.075529027687814,2.769245548192183,-3.3671774416328364,-4.308386299345244,280.30020886900036
347,9,5.77423555860653,-3.9694648764624523,1.816995564691566,-15.512631992508627,2.2784569760383886,-8.084245987487362,2.7693210317237176,-3.3671934361761644,-4.308465195517227,280.3002200431704
347,10,5.774240679967784,-3.9692561775874213,1.8163646025123972,-15.56415510771181,2.2783966777165223,-8.076518006865744,2.7692582408070106,-3.3671891925828916,-4.308567651679911,280.3001513854547
347,11,5.77425347739595,-3.969175747076097,1.8165872616040537,-15.631618200349598,2.2785048229915668,-8.085603781761698,2.769295050431142,-3.3671785026964236,-4.308481941320126,280.3002191803928
347,12,5.774235947170128,-3.9696591292221863,1.8161375414704446,-15.55382187955456,2.2785212057901703,-8.082041016330248,2.7692629174634007,-3.3671758550071376,-4.3085228052288365,280.30018787067144
347,13,5.774263171128658,-3.969790378641197,1.8155572826412238,-15.591201569971973,2.278511292759227,-8.068030090993163,2.7692313690227133,-3.3671754117757215,-4.308461814686061,280.30020742707177
347,14,5.774255387802984,-3.969382412252531,1.8169972380303425,-15.598367462092423,2.278555971097023,-8.074244838860281,2.7692403545018225,-3.367178025987262,-4.308469558067745,280.3002040212881
347,15,5.774295761752425,-3.9696983182432435,1.8157227341092146,-15.572548118267418,2.278495946059783,-8.0938944439171,2.769236093898247,-3.3671877963350436,-4.30849463771951,280.30017708431774
347,16,5.77426691743721,-3.9697298539777846,1.8161719402204966,-15.562975096675213,2.2783738997384044,-8.070103832586119,2.769197593816072,-3.3671686874465445,-4.308466378676951,280.30018144917403
347,17,5.774261321706957,-3.9695535309621204,1.8159693576794744,-15.54759383009432,2.278378705347569,-8.069948958729599,2.7691705415007046,-3.3671512712747007,-4.308541900988576,280.30019136455593
347,18,5.774247787871835,-3.969606365118908,1.817250547608889,-15.581530065732592,2.2785352926810045,-8.075481416865674,2.7692533141057285,-3.367202727949689,-4.308425639075895,280.30019980513055
347,19,5.774241300654629,-3.9692451440870777,1.8168660452664664,-15.611671330112541,2.278315789738896,-8.076522616782276,2.7692486408129247,-3.367187795496697,-4.308531105210782,280.3002067827645
347,20,5.774268619321383,-3.969518969469076,1.8162628241974086,-15.511388006540143,2.2785155453585806,-8.091104295735473,2.7692241509694777,-3.3671738128495896,-4.308463866908722,280.30022790793487
347,21,5.774277406540347,-3.969817908530955,1.8156902928603413,-15.552020395547963,2.278473352585044,-8.081530535291412,2.7692656165571172,-3.3671800502950178,-4.3085800593123125,280.30020150416914
347,22,5.774263157417546,-3.9696711293112985,1.8159894282890507,-15.53366931924378,2.2785700494182914,-8.083823984912398,2.769285049438505,-3.36718536986304,-4.308399363356904,280.30020545413385
347,23,5.774247098781554,-3.9693592121992594,1.8162830353173054,-15.61470317128703,2.2784741542939333,-8.083140356208718,2.7692019710494216,-3.367180155942575,-4.308434933064859,280.3001862558986
347,24,5.774249789414897,-3.96933612634764,1.8157705466874028,-15.54808573815784,2.2784932580486936,-8.063869045794009,2.76917776640336,-3.3671552553749327,-4.308353911165194,280.30020993651
347,25,5.7742541610747065,-3.969631832784028,1.816307359838439,-15.514943871874742,2.278645606547132,-8.072720612710754,2.769167430482288,-3.3671497039569434,-4.308228398226952,280.3002349290857
347,26,5.774257798426579,-3.9694249701822386,1.8171433365701515,-15.538289128972142,2.2785636648832144,-8.06664516297376,2.7692491863380186,-3.3671721565439863,-4.308466518811183,280.30021131939026
347,27,5.774283264765689,-3.9698597683085257,1.8160511318270551,-15.57650768584395,2.278478155355276,-8.065839430733192,2.769148960058722,-3.3671691075935217,-4.308352005262279,280.3001506957469
347,28,5.774240790622337,-3.969158412051651,1.8172945198286268,-15.524543790141534,2.2784784062937757,-8.08420302814623,2.7692097298789915,-3.3671716089847576,-4.308464822225687,280.3001955887572
347,29,5.774269151516491,-3.969377346851251,1.8163826433544372,-15.603166977734464,2.2784107933653495,-8.08374990041677,2.7692569215003124,-3.3671856330938215,-4.308511595983846,280.3002224486455
348,0,5.77424565720238,-3.9698633755009154,1.8159339386061635,-15.610053397818591,2.278472588135076,-8.094779718290145,2.76928713978789,-3.3671789794507045,-4.3085000007455,280.30017349557863
348,1,5.774271363363111,-3.969733409340674,1.8146313385615427,-15.608416631436194,2.2784441564604774,-8.072312528556857,2.7691833769659326,-3.3671705382292934,-4.308532480559811,280.3002105086892
348,2,5.77427722119112,-3.969332621548408,1.8157873846855006,-15.621885328644302,2.2785301607114823,-8.08043791681778,2.769272350736752,-3.367186383797765,-4.308481850068046,280.3002215755132
348,3,5.77427665911129,-3.9695995617623776,1.8165276983177043,-15.551114167736825,2.2784918244424235,-8.060693387685246,2.769187694471457,-3.367167525245733,-4.308432466627302,280.30017132799213
348,4,5.774301221489384,-3.970012844127231,1.816212736732722,-15.575320787089474,2.2785645760278284,-8.067068417646576,2.769188931213182,-3.367148851735119,-4.308380254090899,280.30018605998873
348,5,5.774273486918649,-3.969224080420172,1.8152397291069515,-15.56092186206673,2.2784373120295447,-8.073859379907887,2.7691982868301825,-3.3671896786251425,-4.308363575449709,280.30020830845746
348,6,5.774251945165485,-3.9692905801449543,1.8154144848110412,-15.59878654725105,2.2783757530043673,-8.07226280953033,2.769156943000539,-3.36715996261439,-4.308457727803229,280.30018121689693
348,7,5.774266444616907,-3.9694441122351356,1.816480100448091,-15.60556625144002,2.278408944097999,-8.070000242971714,2.7691599655960455,-3.367141128407225,-4.3085351241632575,280.3001507581735
348,8,5.774213826912594,-3.969199292182936,1.8159745180577016,-15.641942801979646,2.278463786777772,-8.083774645194474,2.7692377438309537,-3.3671828689083827,-4.308443727628796,280.3002070158967
348,9,5.774249225936836,-3.9696963782825865,1.816251202405181,-15.542929583279166,2.2784925919403665,-8.074473340742927,2.7691697174496634,-3.3671745830090596,-4.308453809540793,280.3001441074923
348,10,5.774291461544309,-3.9700558900937617,1.8160229287297334,-15.572415953480748,2.278359964499529,-8.093962267748582,2.769193301509709,-3.367188536591141,-4.308593770819417,280.30018508763635
348,11,5.774258164098366,-3.9696449571296624,1.816704270396624,-15.60855741233403,2.2784927871503617,-8.080258943817133,2.7692341886072387,-3.3671799215937472,-4.308537511263117,280.30023992612666
348,12,5.774240133999848,-3.969345639619535,1.8164946353677,-15.59128609413216,2.27851268940525,-8.077181865850783,2.769272598554491,-3.367209260730653,-4.30846943992729,280.3001777632078
348,13,5.774261334375521,-3.9695353348202422,1.8162780876566433,-15.559502411176993,2.2783881976829443,-8.073611845007616,2.7692488058168903,-3.3671571256744084,-4.308548332992618,280.3001909644828
348,14,5.774290492238573,-3.9698484745177818,1.8164841827789695,-15.56282635826915,2.2785356223098705,-8.075566380385169,2.769203563966868,-3.367156047636426,-4.308525740834052,280.3001856678661
348,15,5.7742805577919105,-3.97027638894517,1.8157391539070658,-15.534104476295203,2.2785215571613073,-8.08133128243932,2.7691776319237023,-3.3671608167197737,-4.308406035599507,280.30018874118343
348,16,5.774251715512051,-3.9696888923067615,1.8151663104094067,-15.578059583022682,2.2783996261156374,-8.079349582637699,2.7691926336692783,-3.367152986284427,-4.308355748326901,280.3001449417468
348,17,5.774229905534216,-3.969231378649043,1.816495087465678,-15.595773870467546,2.2784792589900507,-8.048619071322227,2.7691899969556024,-3.3671793242789754,-4.30836053895212,280.30018296585
348,18,5.774277889832998,-3.9697948597436588,1.8162224382269188,-15.490940971097974,2.278476494119128,-8.075534351212863,2.76920837683954,-3.367150357542108,-4.308513526327987,280.3001833011423
348,19,5.774233737188441,-3.969751350996969,1.8166219231497627,-15.568683360640817,2.2785546572092557,-8.086166550475783,2.7693014962418707,-3.367189965350821,-4.308574098466008,280.3001823423266
348,20,5.774230945298358,-3.969441970074316,1.8165362342231903,-15.570916468239599,2.278411209406371,-8.069811231238882,2.7692029416457844,-3.3672124699543065,-4.308460759036509,280.30020844090177
348,21,5.774256636466033,-3.969579674896663,1.8156133765214006,-15.614998494741892,2.278326083535215,-8.082630362139415,2.769082773839261,-3.3671541435629777,-4.308381013457607,280.30024297100863
348,22,5.774247514245152,-3.9692240750200534,1.8169912248035491,-15.557633089086037,2.2783787238971795,-8.067403760781492,2.7692127389530032,-3.3671633014814897,-4.308475412275303,280.3001963829107
348,23,5.774278995540602,-3.9697873646423236,1.8154649387423458,-15.580575410578637,2.2784261356138944,-8.079644243307435,2.7692241275721137,-3.3671834373623946,-4.308480474544437,280.3001824139618
348,24,5.774233853933443,-3.969849580482721,1.8166565454512902,-15.607127300513,2.278438573387921,-8.077396745275282,2.7692364758440626,-3.3671919217911763,-4.308546233501303,280.30022067078335
348,25,5.77427229754054,-3.9693432873138823,1.8163276302789146,-15.594404890811996,2.2784800121554416,-8.055886210939615,2.7691604614417344,-3.3671599114746162,-4.3083553112848945,280.3002065894445
348,26,5.774234056050908,-3.969881408889554,1.8161005885436652,-15.569868697975322,2.2784524797746135,-8.068788608272751,2.769199235182769,-3.3671664270219495,-4.308417191479554,280.30018728111736
348,27,5.774269248022542,-3.969431274888897,1.8161569501066734,-15.545965442153316,2.2785390199239712,-8.059831778482723,2.7692012698311954,-3.367185975384564,-4.308383036986062,280.30019751371594
348,28,5.774259619362992,-3.969516990231717,1.817003697039556,-15.53851789941102,2.27858443082925,-8.071324303652498,2.7692363929114787,-3.367173198819677,-4.308292865395789,280.30018234289554
348,29,5.7743048023276,-3.9694025568729523,1.8160896439420087,-15.56406518062025,2.2785235001287814,-8.049197450917454,2.7692323842666973,-3.367189971813509,-4.308417071059439,280.30021010926157
349,0,5.774261298963787,-3.969536032592081,1.8163493453174722,-15.570837061193926,2.2784779593660662,-8.06267054787265,2.7691448076507896,-3.367157894605147,-4.308385734618708,280.300199881989
349,1,5.774262656275037,-3.9696801005100166,1.8164313552032418,-15.5762450006786,2.278485977458164,-8.077360237911565,2.7691963342234303,-3.367153883925615,-4.308413019660442,280.30018578901115
349,2,5.774263672673583,-3.969408688517422,1.8155626582704607,-15.574008290616945,2.278526367682065,-8.070380485079609,2.769224877474575,-3.3671814730007523,-4.308529570718748,280.3002074386042
349,3,5.7742269402605135,-3.9697841575057797,1.8159200871330115,-15.575066045726379,2.2783997367114637,-8.077603019191695,2.769276428825055,-3.3671740907381777,-4.308590566565947,280.30022174134825
349,4,5.77426995108027,-3.969197765375279,1.8157627868353734,-15.544436712644346,2.2784712824944213,-8.053600218072678,2.7691153847238614,-3.3671659230421347,-4.3083347640315095,280.30024391951247
349,5,5.774220754459735,-3.969271758163787,1.815811326443639,-15.598091025614044,2.2783947368724475,-8.070920326111745,2.7691703961865253,-3.367148316057818,-4.308552582445081,280.3002317343503
349,6,5.7742583372983765,-3.9698328053840335,1.815657364693439,-15.586262036465746,2.2785674763183383,-8.082333830787878,2.769243740128211,-3.367195893433499,-4.308279800291046,280.3002239977782
349,7,5.77429062836621,-3.969745585456658,1.816704156321627,-15.530974700561755,2.2784957441769382,-8.070445568297082,2.769188768226364,-3.367159554384255,-4.308409589889522,280.30014890106696
349,8,5.774254199091433,-3.969581619631873,1.8163594452024927,-15.530271623806614,2.278486775227881,-8.086292851950754,2.7692244330529943,-3.367158784085024,-4.3085349523285865,280.30019914341835
349,9,5.774243864287248,-3.969459594226533,1.815541719540792,-15.596475193406773,2.2784800756995254,-8.07535542621112,2.769218963919597,-3.367177197257332,-4.308503944966676,280.3002024294228
349,10,5.774226486864483,-3.9693505190114218,1.8165826074003133,-15.579568254230145,2.2784765276572605,-8.075364460735882,2.769230192915661,-3.3671779061496965,-4.308482887636951,280.3002070503857
349,11,5.774271504947405,-3.9696017048683903,1.8161844462303982,-15.55283372716626,2.278421778284688,-8.080906446586118,2.769168317942315,-3.3671643470307204,-4.308458420827568,280.3001870428127
349,12,5.774237559732793,-3.969206134967354,1.8169116897426403,-15.566657308240304,2.278445589865854,-8.055841754461955,2.7691777939140083,-3.3671556963661873,-4.30844483211517,280.3002265732229
349,13,5.774253777161031,-3.9700658050224087,1.8165922313817295,-15.542591170405418,2.278439976809986,-8.073192011846817,2.7692135127836255,-3.3671722019926484,-4.308517954231566,280.3002143338884
349,14,5.774252734080875,-3.9697066613017915,1.8168308002475209,-15.560448195262028,2.278491653878518,-8.06399121574378,2.769242202856919,-3.3671769827868516,-4.308457565347985,280.300198347262
349,15,5.774285486006896,-3.970090273220285,1.8151697187193783,-15.55565165354139,2.27845162404839,-8.07032199231084,2.769128852793648,-3.367180490398092,-4.30846502975492,280.3002236145167
349,16,5.774245155216736,-3.969566308671424,1.816125385255011,-15.605566790119383,2.2785749021536863,-8.081002985182428,2.7692496913327,-3.3671767610926278,-4.308359307040225,280.30017487389136
349,17,5.774265226229823,-3.969155372100304,1.8152011814026237,-15.60547482018406,2.278446132790364,-8.070677187200653,2.769185006402103,-3.367177149594207,-4.308398147618276,280.3001822621618
349,18,5.7742600568538,-3.9694090766638714,1.816080544874984,-15.560478476418028,2.278450989004689,-8.068927751328612,2.769205468606314,-3.367171044850852,-4.308448722848362,280.30020085163744
349,19,5.774242104218365,-3.9698328956422464,1.8159276027204565,-15.562125991846184,2.278503762821539,-8.077625152168729,2.769194532496847,-3.3671526524773623,-4.308415612413208,280.3001645411512
349,20,5.774248898788004,-3.9694465640344467,1.8162372393503867,-15.60049321592315,2.278415954163437,-8.077238118360226,2.769209609187652,-3.367163050205713,-4.308524651838213,280.30017870508374
349,21,5.774267405896099,-3.9692470231370156,1.8156348660997368,-15.590953840858544,2.278463342977261,-8.06446138786217,2.7691790512436203,-3.367182794399756,-4.308378724680613,280.30020063662033
349,22,5.774241624624399,-3.9694570331528167,1.8157365005591986,-15.542929260966458,2.2784592559669985,-8.076024617540178,2.769246776578941,-3.367169399945416,-4.308474398827538,280.30017750588394
349,23,5.774258146476974,-3.9696636064099238,1.8164898963474214,-15.551867366815307,2.2784130342693456,-8.081803985474572,2.769227500648025,-3.367171214338543,-4.3085494698463815,280.3002080666332
349,24,5.774228344588654,-3.969514815016821,1.8154455795305977,-15.600619814512047,2.278484577576769,-8.08180013380421,2.769257820519495,-3.367175887015238,-4.308482655888443,280.3001808501288
349,25,5.7742808417171565,-3.9697310825934062,1.8157384872782798,-15.631309685752498,2.278530818392522,-8.075833099897503,2.7692137963018815,-3.367156983060447,-4.308462711342141,280.3001648711759
349,26,5.774279289168421,-3.970437785069972,1.8160924004625199,-15.554021260611785,2.2784286280137853,-8.090709845281264,2.7692148729641937,-3.367164436784318,-4.308617550229405,280.3001872427917
350,0,5.774252392297199,-3.969690544003572,1.8163446970699162,-15.600949546389757,2.2785742982429005,-8.075931332789901,2.7692385823615653,-3.367168216310144,-4.30843295636697,280.3001797537729
350,1,5.774276364556928,-3.969742923605318,1.816189193844338,-15.599010540847388,2.278427004736719,-8.075616324280915,2.769202361983774,-3.3671609121587003,-4.308538054599856,280.3001658118895
350,2,5.774284134923897,-3.9699450330564177,1.815137303527254,-15.58508092423524,2.2784720865178576,-8.076613837136453,2.769088643741393,-3.3671333106838706,-4.308368541159234,280.30022681914863
350,3,5.774250058426799,-3.9691857370192167,1.815799910948795,-15.556280441038167,2.2786421131894863,-8.068068492469736,2.7692381008623093,-3.367166590106881,-4.308366891043198,280.30018765762895
350,4,5.774272000854657,-3.9695375990203745,1.817064221613532,-15.551937773336459,2.2785788111858762,-8.07890657300535,2.7691886027374597,-3.36716552817794,-4.308359270924851,280.3001795671011
350,5,5.774256043753127,-3.9695946766841157,1.816208045451571,-15.502125258168135,2.278439195417166,-8.080591610085904,2.769264803544569,-3.3671669255135424,-4.308531372616276,280.3001844642864
350,6,5.774265628432125,-3.9691226724038935,1.814786898776745,-15.600060743300272,2.2784115980685153,-8.055361384968894,2.769184697221942,-3.3671647765489325,-4.308435107580695,280.300193806239
350,7,5.774248145784913,-3.969384923549406,1.8162906977851605,-15.555773323854707,2.278428740195081,-8.073305161144757,2.769203991101471,-3.367157513330119,-4.308424480391162,280.30018221841175
350,8,5.77426896172343,-3.969584850053431,1.8157893809641406,-15.576448711112443,2.278576929434861,-8.084062537073743,2.769229864966642,-3.367186576403943,-4.308418425886868,280.30022387660244
350,9,5.774248486452969,-3.969425725688251,1.8157456553881284,-15.564166110971522,2.2784870382752245,-8.088423899604349,2.769248938700984,-3.3671848405782017,-4.308459172520663,280.30016143357886
350,10,5.774287718430772,-3.9699571597918974,1.8160715816009458,-15.563743511410888,2.2783928683830905,-8.076432614004169,2.7691156461549324,-3.367142634874658,-4.308457873195606,280.3001732216317
350,11,5.774295623107913,-3.970097123184975,1.8152662367244885,-15.586726149769033,2.278468619802729,-8.07345021675722,2.769169992230494,-3.3671486888043614,-4.308398255002291,280.3002061713228
350,12,5.77425032932803,-3.969902236496195,1.8164016491497996,-15.576498249438231,2.278338764953408,-8.086676746757494,2.769180491153899,-3.3671673159608897,-4.3085364784446725,280.3002112739088
350,13,5.774260585509478,-3.969754634602442,1.817119575937086,-15.547713670674872,2.278532291211059,-8.067976948208567,2.769222691241876,-3.367170211195654,-4.308467489002976,280.30019293513624
350,14,5.774287506959029,-3.969935986507639,1.8158089437688127,-15.617442250916234,2.2784422838799463,-8.082750295768598,2.769184237539907,-3.367155263392098,-4.308475473442813,280.30018349225884
350,15,5.774272474864355,-3.970214624163034,1.8159685167636985,-15.57759012473513,2.278560755385518,-8.076994993512617,2.7691879728136923,-3.36715791152778,-4.308265300455543,280.3001966177281
350,16,5.774240971497064,-3.9695437291027877,1.816379877938411,-15.601487014395445,2.278456135048258,-8.073022143984016,2.7692594271240893,-3.3671875934664826,-4.308532961025385,280.30015602726576
350,17,5.774265875646516,-3.9702672972500235,1.8166192516222759,-15.562271121021226,2.2786112038775013,-8.091292272549142,2.7692328159924884,-3.3671590416242583,-4.308465419519808,280.30019657339415
350,18,5.774258561942877,-3.9696755156641435,1.8159366948548719,-15.60176554700597,2.278485049969493,-8.069647076342767,2.7691732025672176,-3.367167774549688,-4.30841177344058,280.3001917526506
350,19,5.77427476100639,-3.969804297663699,1.8158982396344334,-15.545714943132914,2.278486766446315,-8.072535131500798,2.7691938919632686,-3.3671658634741712,-4.308377056497602,280.30016728938995
350,20,5.7742583738928825,-3.9696432162214146,1.815443742283374,-15.610199922303321,2.2785614232606894,-8.08234853776948,2.7692388243359876,-3.367172305393031,-4.3083494482820335,280.3002182154942
350,21,5.774266599857837,-3.9695592897175564,1.8148863009229936,-15.576586604768414,2.278358591666745,-8.078534405019443,2.7691908483862857,-3.3671523737687292,-4.308475942407509,280.30022972926884
350,22,5.774265498694848,-3.9697035392921864,1.8164649962700299,-15.53657514290203,2.278454186713044,-8.084784104613545,2.7692875088643576,-3.3671759126504726,-4.30860254791389,280.30017245667995
350,23,5.774256717856552,-3.9694552585334595,1.8154247915884147,-15.580245821720968,2.2783983002934804,-8.075111142778956,2.7692013066472247,-3.3671475755640032,-4.308488710116201,280.3001934856301
350,24,5.774258043685668,-3.9696766598787696,1.8159477580985262,-15.562656304031806,2.2785414007358056,-8.073439081443661,2.769189206355217,-3.3671668744198886,-4.308361674355093,280.300195020681
351,0,5.774264033402909,-3.9694091569572874,1.8166971785683206,-15.57812003420694,2.2784672484500796,-8.076964112774963,2.769275371207261,-3.367192503603126,-4.308515901347853,280.3001980396696
351,1,5.774259108962297,-3.969908309551988,1.8156318553136381,-15.584913165909452,2.278449291852073,-8.067453310779443,2.769178478227922,-3.367155550153649,-4.3084863961009345,280.30021387856374
351,2,5.774260419330759,-3.969565501605347,1.8160217243636654,-15.583450403371994,2.278534468877366,-8.078779037995963,2.769225976272432,-3.367168648021283,-4.308385790924175,280.30017181048606
351,3,5.774241841078769,-3.9696376193624996,1.8157171750919618,-15.581012958369167,2.2784717261983234,-8.078686837523358,2.7692195693406787,-3.3671793519158464,-4.308474752821292,280.3001965784226
351,4,5.774263764030822,-3.9695570013761805,1.815886329210462,-15.618680227205944,2.2784538299957844,-8.065153290920012,2.7691502359876754,-3.3671730187281175,-4.30840755268561,280.30019467164084
351,5,5.7742680572286575,-3.969767449493313,1.8165726661000507,-15.544744449683153,2.2784985538536375,-8.074446495973977,2.769214474254552,-3.3671669536411164,-4.308472384266984,280.30017429558984
351,6,5.774258333138737,-3.969849110231522,1.8160246730757832,-15.585769019320095,2.278503189292928,-8.084117858322623,2.7692076561095367,-3.367174959608122,-4.308424086598345,280.3002152716983
351,7,5.774216930121838,-3.969585554618323,1.815813900529257,-15.615837881386646,2.2785574454829627,-8.091020984885583,2.7692612343188645,-3.367186306819301,-4.308428054499277,280.3002015054489
351,8,5.774251271082623,-3.9693763317710506,1.8161654574700892,-15.585178633806139,2.278464973620942,-8.08018574337709,2.769221191594888,-3.367157260688913,-4.308452768016472,280.3001945832439
351,9,5.77427263857622,-3.9694849561384946,1.8156281825080147,-15.605137006530093,2.278435058033581,-8.064992190056602,2.7691807193753917,-3.3671662046295805,-4.308457797220066,280.30020708400895
351,10,5.77422378575924,-3.9694845394852623,1.8165402504027073,-15.586938906881388,2.2785015221263016,-8.083490681186849,2.769247846716789,-3.3671672714915193,-4.308538586770045,280.3002117545219
351,11,5.774248471332337,-3.969357284261257,1.8162600740613435,-15.574800543791156,2.2784500569142625,-8.066267419693023,2.7692006991639384,-3.367171363362683,-4.308410160282841,280.3001704550693
351,12,5.774286615548984,-3.969558370348719,1.8160158434548588,-15.572661877887429,2.278461211704705,-8.068952259465881,2.7691950876155906,-3.3671670641823486,-4.308525154983673,280.30018841782896
351,13,5.774286565185871,-3.9695745941041047,1.8163415260222429,-15.550930077116195,2.2785302156021427,-8.074351421150592,2.7692592035684056,-3.3671848848053543,-4.308451938847536,280.3001650262386
351,14,5.774262025802453,-3.969618572064083,1.815646796838036,-15.573636613128802,2.278463428940619,-8.070513298119034,2.7692135370390014,-3.367168865701662,-4.308443317408355,280.3001742278091
351,15,5.774261216367091,-3.969581148647363,1.816589823166827,-15.543883652380515,2.278487098565612,-8.088443180058054,2.769221092652363,-3.3671748967391584,-4.308560573414148,280.30020609028224
351,16,5.774250412592015,-3.969846090135224,1.81518490289716,-15.589988470739756,2.2783821269888245,-8.069859496293105,2.7692389930804366,-3.367168601866258,-4.308546653596815,280.30017291281274
351,17,5.774235194082712,-3.969141502423717,1.8159292231374256,-15.569256155079463,2.2784592711441354,-8.069146064422158,2.769232820214579,-3.3671989151829576,-4.308497841161896,280.3001728667962
351,18,5.774278451537409,-3.9697614649837716,1.8157244665518328,-15.550859097890218,2.278580538684949,-8.086956435062469,2.7692884305429843,-3.3671815086842414,-4.308518620596769,280.3002090832594
351,19,5.774251687226764,-3.969572769299563,1.8161044148208634,-15.57206870745081,2.2784053635337016,-8.089012582579375,2.7692233931846566,-3.3671703685552177,-4.308522145896969,280.30017547218335
351,20,5.7742628437766825,-3.9696527533009456,1.8154512769180822,-15.539481944268674,2.278430948116353,-8.081115351720591,2.769253664261204,-3.3671773923603254,-4.3085860457305065,280.3001997933821
351,21,5.774248491598276,-3.9692818104195666,1.8166417597314082,-15.582431559743853,2.2784006772268173,-8.07678162647055,2.7692050164053494,-3.3671718738667735,-4.308493952772047,280.30019789473954
351,22,5.7742987648773,-3.9696110236014426,1.8163583352456032,-15.56521699008157,2.27850072896309,-8.06781112348523,2.769223032524711,-3.3671537759458863,-4.308460073032953,280.3001904356066
351,23,5.774260962754957,-3.9699651853728724,1.815909153184481,-15.571812324972948,2.2784393757762595,-8.092694424349023,2.769278406983445,-3.3671704421423936,-4.3085465348570775,280.3002070600639
351,24,5.774237345492421,-3.9695040494452676,1.815867542433973,-15.604790738845962,2.2785053964588275,-8.07088466129632,2.7691767921498167,-3.367156392563901,-4.308397823412212,280.3001751449686
351,25,5.774268493230613,-3.969549496460514,1.8162070965004362,-15.600968150857659,2.2785044679853557,-8.076348271541141,2.769144178252753,-3.3671585643516617,-4.308357507511559,280.3001882493139
351,26,5.774222775042119,-3.969564063802505,1.8167967442642048,-15.586991019447867,2.2784693470861463,-8.075453505533472,2.769222279634432,-3.3671764115518235,-4.308467200414612,280.30021623870846
351,27,5.774262235479879,-3.969567812505307,1.8151949688307056,-15.568235728103433,2.278403218363563,-8.077416160814819,2.769226169226049,-3.3671780427239892,-4.308519304874654,280.3001827590412
351,28,5.774285150708538,-3.969782950077861,1.8160664868049068,-15.570061250513804,2.2784843956075673,-8.075099488494448,2.7691841633976426,-3.3671573773956895,-4.308488102564606,280.30018656963523
351,29,5.774256318317599,-3.9692603386280014,1.8157846582811006,-15.570153363738093,2.278468683872182,-8.064470342252815,2.769219597682335,-3.3671643054794167,-4.308408440335364,280.30018532532165
352,0,5.774233117905401,-3.9696247042899797,1.816231447125747,-15.56537892090798,2.2784510140716394,-8.077348212937855,2.7692281418389793,-3.3671758660023374,-4.308440068247828,280.30021335469087
352,1,5.774258905401551,-3.9696941047391956,1.816488422388657,-15.546085913241896,2.2784913529364355,-8.069643995694648,2.769215987328032,-3.3671803170040273,-4.308431686407719,280.3001929164574
352,2,5.774277564003984,-3.9696459771214485,1.8165115982644124,-15.555512925874982,2.2784592179594716,-8.078990234722054,2.7692424107664197,-3.367181100470951,-4.3084746807853005,280.3001866044219
352,3,5.774266825158521,-3.969400529185179,1.8165388843988084,-15.544403590381396,2.2784764216516153,-8.080303949201364,2.769258316482252,-3.36718843885314,-4.308434671697644,280.3001797749327
352,4,5.774247301929435,-3.969448257981471,1.816183211135217,-15.614276076679404,2.278482108613249,-8.083101574045298,2.7692437521023723,-3.3672071905890895,-4.308522395592505,280.30019155371707
352,5,5.774261276836062,-3.9697324195814847,1.8164040904829166,-15.575195039037586,2.2784400891747087,-8.074492954705072,2.7692455187159974,-3.3671768035121006,-4.30851844606445,280.30021144016786
352,6,5.7742907487947415,-3.969359914483175,1.8158661936265659,-15.56300024943422,2.2785096673714964,-8.063536420336039,2.7691799567780544,-3.367176467652522,-4.308401455594894,280.30017178225233
352,7,5.774264211837815,-3.9697151773640433,1.8158504138236575,-15.561294967369784,2.278452601537617,-8.081083365183423,2.7691686154175654,-3.367153958347829,-4.308386936999895,280.30015231471003
352,8,5.774274385928154,-3.9695627104193196,1.81644795138303,-15.587174148594167,2.2785370131964546,-8.075271721663464,2.76923162964636,-3.367170483721684,-4.308448379728211,280.30017089529554
352,9,5.7742557740909755,-3.9696316681316186,1.8163909663660514,-15.536755258237338,2.2784769670620837,-8.093880743345204,2.7692620946972832,-3.367184130933066,-4.308517592031098,280.30019668511613
352,10,5.774253467970549,-3.9695841416320228,1.8161647089196318,-15.58609086397609,2.2784629836989625,-8.080117194029881,2.769268984224432,-3.36718858488022,-4.308550676234726,280.3002003686281
352,11,5.774261107157222,-3.9696191354368624,1.8164003818241,-15.567683176582118,2.278531475062214,-8.077260071806295,2.769225897018909,-3.3671719700968192,-4.308421140935445,280.30016668300254
352,12,5.774264097107443,-3.9695457145269994,1.81549963103399,-15.582956308574866,2.27850340514765,-8.070971690049035,2.7692634071331392,-3.3671731286239703,-4.3084894185551486,280.3001845179817
352,13,5.774265270245675,-3.9696269274534726,1.8163706585323705,-15.539110563429482,2.278430480023796,-8.077085915598497,2.769234616445133,-3.3671837362657544,-4.308501440210549,280.3001769799573
352,14,5.7742696302215055,-3.9694874533341458,1.8156397916217755,-15.577856828975749,2.278448983672533,-8.066544739037141,2.769200907437449,-3.3671648494537356,-4.3084901949712595,280.3001784056481
352,15,5.774273272919512,-3.969411674246749,1.8156563937868095,-15.53170533099764,2.2784834187587983,-8.06828417911625,2.7692373732410456,-3.3671763901727174,-4.308414554056389,280.3001943255052
352,16,5.7742800002870815,-3.969476753522696,1.8162706296305866,-15.56293003134394,2.278476895770256,-8.078971274601102,2.769228685254328,-3.367190471405722,-4.308517434699251,280.30020049510955
352,17,5.774253564842816,-3.96926351487147,1.8158458434043645,-15.58022739743239,2.2784849193866843,-8.083621866739845,2.769247020678142,-3.367197813670513,-4.308453549572467,280.3002018332692
352,18,5.774232156180637,-3.969560255904381,1.8165571194195815,-15.546622295417436,2.278492551284831,-8.070125938838272,2.76926590130588,-3.3671815800475917,-4.30841698989713,280.30019139081674
352,19,5.774261207463777,-3.969337750057167,1.8163184129830916,-15.602866342475089,2.278493608697761,-8.068990991327817,2.7692270314301415,-3.3671853293976617,-4.3084774254864735,280.3001747030554
352,20,5.774262525256926,-3.9697472460727417,1.8159300247676116,-15.53828621512058,2.278475602816586,-8.080747216102019,2.7692445974356903,-3.3671773254568613,-4.3084916274616125,280.3001983391864
352,21,5.774293299804051,-3.969962742807791,1.816309008967598,-15.543965982133388,2.278469164043012,-8.075171543436806,2.769235311141459,-3.3671657169956055,-4.308471497672297,280.3001904080172
352,22,5.774286986911597,-3.96953216038522,1.8163723429256773,-15.542186748615757,2.2785372313244534,-8.079006690438177,2.7692762705550478,-3.3671785943129358,-4.308444999107081,280.30017436473776
352,23,5.774262441205537,-3.9694438654396085,1.8156626375695748,-15.583546854207993,2.27844719312193,-8.065284255313884,2.7692242240089984,-3.3671915465790336,-4.308540263128108,280.30021402366003
352,24,5.7742555379669644,-3.969047883210484,1.8153143084031382,-15.610443845768287,2.2784903036416084,-8.052276483338435,2.769160795347704,-3.367159979110966,-4.308359739794071,280.3002045491443
352,25,5.774264369634784,-3.9697252485979693,1.8165491466389074,-15.533262873477602,2.27849804745605,-8.074682900288781,2.76923313813774,-3.3671739357374997,-4.30848438468919,280.3002122239072
352,26,5.774271385289724,-3.969367612853702,1.8157483581894747,-15.57133916988195,2.278495766386377,-8.061619753642967,2.7692463951146533,-3.3671862467533473,-4.308425509796493,280.30021865696176
352,27,5.774264442645774,-3.9695067625029394,1.8158242893059284,-15.55244882734339,2.27842273437576,-8.066170414261851,2.769194853658419,-3.367178847250707,-4.308475858854753,280.3002071321925
352,28,5.774257596170858,-3.9698843633735716,1.8166341559190087,-15.55642974132231,2.2785223009680853,-8.089936105932678,2.769266198177056,-3.3671820653465234,-4.308531357207769,280.30023161738563
352,29,5.774282624527332,-3.9695776928336564,1.8160424349295072,-15.56630749208477,2.27847981747735,-8.076296368458685,2.7691896357984764,-3.3671647374347904,-4.308433757939234,280.3001826531443
353,0,5.7742760032960385,-3.9696148163343716,1.8162780259501081,-15.549792840125475,2.2785097921786712,-8.0705264220289,2.7691698829539426,-3.3671653097745886,-4.308323560650179,280.300176433259
353,1,5.774299760565137,-3.969581573139179,1.8160398090038596,-15.56060017194755,2.2785098011211224,-8.074435519073171,2.7692134714042664,-3.367168962516733,-4.308463561834911,280.3001842017648
353,2,5.774270692816701,-3.9695841743199494,1.8157145289682448,-15.561014945090797,2.278407501357505,-8.080589669802936,2.7692071637976077,-3.3671675089546182,-4.308530755225869,280.3001745676826
353,3,5.774273103042171,-3.9695376742102284,1.8160983151923902,-15.610611918562837,2.2784985086262273,-8.085919932927103,2.769269967180744,-3.3671781321594603,-4.308520828721504,280.30021745304276
353,4,5.774258987749913,-3.9695985209336913,1.8162697450074083,-15.562177091628286,2.2784887879222877,-8.07378087938372,2.7691834298028892,-3.367159259482716,-4.30842187210206,280.3001878609566
353,5,5.774266859750278,-3.969390301899567,1.816157471603733,-15.563774832124167,2.278501411304831,-8.082220903547263,2.7692367175564003,-3.367181832980047,-4.308462671927732,280.30017779304615
353,6,5.774296852031158,-3.9693208599808245,1.8166914378507664,-15.573044256777049,2.2784837391114157,-8.064726178112183,2.769188914712565,-3.367168773683106,-4.308412462933386,280.30015736089626
353,7,5.774274606202053,-3.969586680555573,1.8156503244031308,-15.585187828686928,2.278482387344712,-8.083690739819534,2.769251693046726,-3.3671747696410046,-4.308506138335866,280.3002154456178
353,8,5.774252325955155,-3.9696048487052065,1.8157699440173396,-15.589791023487123,2.278457605318994,-8.06897095990799,2.7692154578185493,-3.367176994192463,-4.30845134104555,280.3001741800851
353,9,5.774287905013787,-3.9694192870183223,1.816017210957654,-15.582588416055392,2.2784587447726965,-8.078428524577701,2.7692252175961225,-3.3671999213947057,-4.308399459876831,280.3002001742277
353,10,5.774278513963949,-3.9693806987564484,1.8162313574777875,-15.556696654475738,2.2784918301267427,-8.069793785243581,2.7692269866688903,-3.3671788565652307,-4.308427308259648,280.30018358671833
353,11,5.774282466709698,-3.9698089056713073,1.8167632935276106,-15.54759941208468,2.2784149174576696,-8.075836217135443,2.7691240951418115,-3.3671500477879683,-4.308403944624069,280.30020761710375
353,12,5.774257032508114,-3.969267604100184,1.8161958552574131,-15.611804218094868,2.278532770954096,-8.082421635868007,2.7692535339617566,-3.3671815154565445,-4.308504433891019,280.3001649343689
353,13,5.774280454803031,-3.9696211464558595,1.815886509214837,-15.535575146698726,2.2784875403487024,-8.079596388742619,2.7692371623152123,-3.36716183551802,-4.308469052264171,280.3001782083688
353,14,5.774269425594169,-3.9694741308263133,1.8157232870610247,-15.571070174494526,2.2784543631133984,-8.062652510412251,2.7691838421758135,-3.3671615079038646,-4.308418117993017,280.3001742512304
353,15,5.774247710066092,-3.9692347457029253,1.8156088441302154,-15.615292076422726,2.2785175787455074,-8.060608192848658,2.7692066265252615,-3.367170516979095,-4.308397088129925,280.30017900298617
353,16,5.7742767620085225,-3.9699303895492024,1.8156599390991124,-15.55651629615068,2.278448961244996,-8.082949630343242,2.7692406797356175,-3.367162537989333,-4.308501238446572,280.3001982196809
353,17,5.774257103520193,-3.969433200090854,1.8157068147152495,-15.574451455532184,2.27852807771871,-8.07345850605322,2.7692175560223706,-3.3671792212013005,-4.308417763562736,280.300206597797
353,18,5.7742932945629075,-3.9695842453713444,1.8159113786271004,-15.555545070043353,2.2784811025101517,-8.074219012502219,2.769268682496338,-3.3671981636283324,-4.308506963085647,280.3001860851791
353,19,5.7742544519188606,-3.96984914392693,1.8160421638268682,-15.576020438820601,2.2785006612431307,-8.08093049403087,2.7692473240921016,-3.36717741565943,-4.308478413434151,280.30019833378816
353,20,5.774284705330927,-3.9698288572153775,1.8161753140498549,-15.577327651609872,2.278599443590708,-8.08092145976456,2.76917487665828,-3.367165169608637,-4.308343921960207,280.30015373886204
353,21,5.774261823210985,-3.9693503582346845,1.8167134487807801,-15.563480388460235,2.278536180457301,-8.076919127148745,2.769195355437652,-3.36716372446814,-4.308389245419596,280.3002076274665
353,22,5.7742806145283145,-3.9692215488547764,1.8165924584405595,-15.567260844378557,2.2785198943795666,-8.069093037844535,2.769259658963637,-3.3671858438625564,-4.308478547218093,280.3001938846111
353,23,5.774271972999864,-3.9696642848436543,1.8160675859128452,-15.569319098963032,2.2784908491648435,-8.075604065387981,2.7692232309380542,-3.3671729074576215,-4.3085021732042765,280.30016360007437
353,24,5.774260022540961,-3.969679730873668,1.8164962067436792,-15.576968296474138,2.2784788488299554,-8.078655861166892,2.769276087322567,-3.3671820199896203,-4.308530151248997,280.3002094771963
353,25,5.774284282958036,-3.969483780219183,1.8165087772955555,-15.562556543514635,2.2785382736774933,-8.073699811616784,2.769216107186697,-3.3671725416514455,-4.30845001825053,280.30016581295456
353,26,5.774295409292797,-3.969452405120545,1.8161638215177194,-15.58144360346404,2.278527757171691,-8.078074764135549,2.769198470105347,-3.3671596080633828,-4.308373617709795,280.30018664836757
353,27,5.774262487206196,-3.9693954002797334,1.8166629190447774,-15.577299338596477,2.2785086095291414,-8.076710968859299,2.7691760721161414,-3.367155375568923,-4.3084455674476185,280.30020858349894
353,28,5.774263248174367,-3.969417846737472,1.8161742813887614,-15.604331580739327,2.278498125694863,-8.070282952343566,2.7692008070958347,-3.3671541336956503,-4.308397122215421,280.3001737744962
353,29,5.774272869591657,-3.9694368383658363,1.8156601144879354,-15.550541957054024,2.2785043352796346,-8.082711160430748,2.7692578065111024,-3.367175100690037,-4.30844746299956,280.30021217388406
354,0,5.774260762248173,-3.9694623269878444,1.8160944224082176,-15.584444590525965,2.278453616477277,-8.070894696782567,2.769225327698089,-3.3671549162065637,-4.308424887069106,280.3001738742094
354,1,5.774264831496087,-3.969662269473041,1.8159102969112222,-15.588675109739789,2.27852182830407,-8.0683782244574,2.7692114987510634,-3.3671663859918506,-4.308504740797561,280.30019527785487
354,2,5.774298780284182,-3.969473230224562,1.8163666164940073,-15.608936214019815,2.2785945650380524,-8.073708339217324,2.769210740723904,-3.367198447277738,-4.308430115423972,280.30023284098576
354,3,5.774279345315901,-3.9695498691411193,1.815396717044161,-15.568452012745501,2.2785217306001013,-8.066428294536733,2.769208021608646,-3.367160451251608,-4.308348985814505,280.30016148586117
354,4,5.774277480717819,-3.9693580842758593,1.8159599307265066,-15.608457102964765,2.278594075245981,-8.084715702517041,2.7692580044595374,-3.367184283903264,-4.30841826259806,280.30018969719595
354,5,5.77426246999106,-3.96955811902973,1.8161484397255208,-15.584639759710678,2.278533050683629,-8.073302021174948,2.7692143811681915,-3.3671501963541943,-4.30840216396652,280.30018273762647
354,6,5.774276716732806,-3.9694447975693543,1.8167816612238474,-15.62007350541061,2.27855372569068,-8.07308475378952,2.7691719608944414,-3.3671635516274256,-4.3083681296241,280.300203752603
354,7,5.774281958421234,-3.969631312675194,1.8161728556051717,-15.611895003239106,2.2785923747434356,-8.071775556947028,2.769217289552082,-3.367178779925216,-4.308445666818538,280.30015613023625
354,8,5.774237675034514,-3.969265761215851,1.8163836426577173,-15.594905958751,2.2785164886883744,-8.070970825321856,2.769233315506422,-3.3671727932306665,-4.3083975638056184,280.30020255086004
354,9,5.774291466558861,-3.969402466323799,1.8166611355073419,-15.570573246171193,2.2786074689919746,-8.066334967504167,2.7691859941638444,-3.367167251101356,-4.308387139438925,280.3001841977881
354,10,5.774259883676211,-3.9695754660683757,1.8159305407297337,-15.584302929617376,2.2784918227084137,-8.072807614855877,2.7692452950976394,-3.367185007105067,-4.308466780813205,280.30017755352833
354,11,5.774272212984219,-3.969512699208977,1.8162503021916403,-15.586118508495245,2.278545826699397,-8.073149144099396,2.769187824754479,-3.367161748762839,-4.308365133629056,280.3001949828979
354,12,5.77430858205986,-3.969471260082251,1.8164790985727433,-15.622245286380405,2.278614314556254,-8.068659423988361,2.769219413831849,-3.3671651287863553,-4.308419585065728,280.3001840979232
354,13,5.77430204921197,-3.969676692082939,1.8166700755476448,-15.571364477858621,2.278561678197642,-8.083522704835595,2.7691752387385526,-3.36715661181793,-4.3083692813856445,280.3001727228596
354,14,5.774279115490959,-3.9694937087871214,1.8165834987301124,-15.567043056610066,2.27852812207837,-8.074620624406412,2.76916841540666,-3.367167643937013,-4.3084155508243045,280.3001933421342
354,15,5.774290703262558,-3.9698972008978575,1.8162034733299515,-15.584908385276176,2.278527967089909,-8.075407653900967,2.7692029341566946,-3.3671654647137754,-4.308418668754475,280.300193035947
354,16,5.774258683754025,-3.9696882752859404,1.81597854856735,-15.591827130630243,2.2785079148428076,-8.07088300683527,2.7692117327665606,-3.367175068699642,-4.308455937707286,280.3002036722822
354,17,5.77427962497918,-3.96945503122253,1.8158441200716682,-15.605445900870583,2.27849317738751,-8.065479471664453,2.7691858229540656,-3.3671531812240136,-4.308446256387039,280.3002115379432
354,18,5.774258841809026,-3.969879128952451,1.8157859123562456,-15.54256106299091,2.27853196757109,-8.088808592328457,2.769194451923818,-3.3671509695758455,-4.308359243814407,280.30020004741255
354,19,5.774267170847238,-3.9693731522686937,1.8163697654234516,-15.58374411223559,2.278506391464888,-8.057778742867432,2.769180274460983,-3.36717098653517,-4.308403703084825,280.3001800337358
354,20,5.774289165886403,-3.969320182051665,1.8159001266503108,-15.583997524395787,2.2785144410878435,-8.060540931750985,2.7691850394461137,-3.367179496753407,-4.308410095059458,280.3001687611623
354,21,5.774277058895129,-3.9696533951469437,1.8164343345208593,-15.623570724857162,2.2784993827865065,-8.063218116868324,2.769149932896345,-3.3671634538663584,-4.308361876886319,280.30017972855774
354,22,5.774311931502576,-3.9693606843080174,1.8162556584053544,-15.573784868309472,2.2785770455185124,-8.070905664783496,2.7692104726205393,-3.3671881945031923,-4.308388403835564,280.3002062213004
354,23,5.774273334820532,-3.9695076941948035,1.8161897976450727,-15.601057062870543,2.2785642636572416,-8.078257817251115,2.7692002710220573,-3.367178509018012,-4.308433655236252,280.3001818579231
354,24,5.774261181407606,-3.9696268440860663,1.8161333637900403,-15.544283799295211,2.2784894031874807,-8.071322159486682,2.7691800610863075,-3.367172942594671,-4.308392181099727,280.300167439871
354,25,5.774283934254484,-3.9694899150183782,1.815785851927255,-15.568158017036323,2.2784735838604253,-8.072256273306875,2.7691575377017497,-3.367167953489444,-4.30832572556156,280.3001977009995
354,26,5.774275828275707,-3.969589061099599,1.8163211286800183,-15.562335656864368,2.278503844586388,-8.064182524301936,2.7692389820028187,-3.3671610701581964,-4.308423225078275,280.3001871720343
354,27,5.774315125828261,-3.969874003099643,1.8161649243253084,-15.542193665839429,2.2786072029343765,-8.084311056809696,2.7692453795635545,-3.3671673549384313,-4.308482452267107,280.30023158071333
354,28,5.774288318740238,-3.9697538340339755,1.8156362983237597,-15.55745030566025,2.278493853246942,-8.06490569061756,2.7691364461386936,-3.3671495987394136,-4.308318876891929,280.3002182616859
354,29,5.77427571340519,-3.9693753528227336,1.816623785140859,-15.582140187605894,2.278544231554569,-8.065846861006312,2.7691616044484038,-3.367157998704701,-4.308309926522602,280.3001812860491
355,0,5.774264014685629,-3.9694582181009417,1.8154809185469427,-15.580483856974192,2.2784739201986355,-8.070988622613838,2.7691528348019765,-3.367137060327137,-4.3083950801237725,280.3002113228399
355,1,5.774295218185958,-3.969470594955058,1.8157911118219423,-15.60503894840417,2.278532734934632,-8.066311127466953,2.769179851401714,-3.3671610915009875,-4.30840063742536,280.3001809107031
355,2,5.77429560946875,-3.969585959577483,1.8166513984589532,-15.564491908187462,2.2785091826883597,-8.06983131015688,2.7692083650613952,-3.3671708718867497,-4.308491285061409,280.3001945597275
355,3,5.774287281650834,-3.9693699244124736,1.8163172194846193,-15.558255837547254,2.278561037070573,-8.067568174474035,2.7692108403524807,-3.367167847633101,-4.308406468107261,280.30018430098244
355,4,5.774288136049218,-3.969734129157649,1.8159703982117297,-15.566177534063952,2.2786104112366354,-8.081152452479705,2.769212679476577,-3.3671586003407086,-4.308339346715576,280.3001958354546
355,5,5.77426921244436,-3.9694429769932538,1.8164625848939522,-15.588798610618975,2.278477015540164,-8.06617675507914,2.769149411103303,-3.367169836450195,-4.3084405600349305,280.30021172039966
355,6,5.774277106051463,-3.969577997683027,1.8159791567048988,-15.559661357156344,2.278476066827629,-8.070780555056691,2.769185323988084,-3.3671755131996277,-4.308436116973793,280.3001609265627
355,7,5.7742610023173695,-3.9694332595677646,1.8159438728471717,-15.603167918572362,2.278542327285134,-8.060692196960158,2.7691966823656267,-3.3671442696888336,-4.308345531930793,280.3001961242019
355,8,5.774278314646196,-3.9699494848536308,1.8156541870434717,-15.636127945482766,2.278498666209017,-8.082389252520604,2.769190927817776,-3.3671571502601583,-4.3084507436057775,280.3001898824434
355,9,5.774266835076138,-3.9696193459731863,1.8156865331713103,-15.56503811519662,2.2785217114585294,-8.07258806370619,2.769221908110356,-3.367184939043433,-4.308448546367721,280.30019885279603
355,10,5.7742986300728365,-3.969449021354961,1.8166865983633242,-15.601512966791066,2.278535508885509,-8.070061153502799,2.7692042515514874,-3.3671733632441803,-4.308449055361157,280.30017989947015
355,11,5.774281905835927,-3.9695020861529033,1.8169806345416255,-15.546849428232079,2.278487387258068,-8.066152764925766,2.7691563227443687,-3.367147248869577,-4.3083354458681455,280.3001984325415
355,12,5.7742480207379945,-3.9695447073886827,1.8160537624576172,-15.578116131881393,2.278508465002618,-8.074247423597024,2.7691861827569264,-3.3671652679157167,-4.308352154072481,280.30016147392973
355,13,5.774266901644565,-3.969705115751844,1.816091916063271,-15.619701749297581,2.2785246303002733,-8.068736648057582,2.7691697932287034,-3.367158229810415,-4.308410270868858,280.30019330271466
355,14,5.7742722102684105,-3.9695184961193495,1.8160491907181773,-15.557288422079276,2.278544166329507,-8.07583401676067,2.7692276429913205,-3.3671709152516005,-4.308433600237346,280.30019699745066
355,15,5.774260033709631,-3.969638354232197,1.8156081161978352,-15.581820368695167,2.278478023946099,-8.078467538511436,2.7692536688674294,-3.3671619394594314,-4.308463783512156,280.3002103307524
355,16,5.7742685161614755,-3.9698387205939283,1.8160422832932097,-15.613348914177873,2.278532146445071,-8.071316419242434,2.769222038549051,-3.36718282484383,-4.3084963424834815,280.3002048779317
355,17,5.774259894137737,-3.969681856154633,1.8159405376707431,-15.566963599647504,2.278561526507146,-8.062701889280635,2.7691576838954544,-3.36716661327603,-4.308334244094473,280.3002154009327
355,18,5.7743026683629415,-3.9698593369572683,1.8168338651620768,-15.542338901878141,2.278550938328798,-8.0779646536197,2.7692066749761337,-3.3671712999904604,-4.30841520440472,280.3001807295908
355,19,5.774276855506687,-3.9696207718835406,1.8164176432116528,-15.552590420195823,2.2785105800059995,-8.073247431365825,2.7691867989635974,-3.367171468968339,-4.308438327488161,280.3001737830807
355,20,5.774278366443789,-3.9697809041585623,1.8160248720266492,-15.5978983767107,2.2785871768074966,-8.075960258761292,2.769268710230079,-3.3671748977723,-4.308456549011502,280.30016731711515
355,21,5.774287773701016,-3.9694870498680106,1.816170343190942,-15.600194361220932,2.2785360882457795,-8.07369786039843,2.7692223561567917,-3.3671729322165875,-4.308392685051065,280.3001968457514
355,22,5.774278950752349,-3.9694666015885844,1.8160591106589534,-15.60305846783136,2.2785892869821804,-8.07613196793905,2.769215111480523,-3.3671644344873286,-4.308368069547007,280.3001786148764
355,23,5.7742813859060975,-3.9694612349205505,1.8166008765202377,-15.574323711910168,2.2785582535133546,-8.079308504829251,2.769249251691145,-3.3671680360095353,-4.308474348727116,280.3001897492467
355,24,5.774261427758405,-3.9695750096253986,1.81614452068904,-15.568514008442625,2.2785685961137383,-8.068645735818308,2.7692590464648896,-3.367189966127817,-4.308448417318238,280.30018902693286
355,25,5.774285068609701,-3.969601436762961,1.8165399883936904,-15.56302518684682,2.278567354669984,-8.080887676332162,2.769228582562695,-3.3671619501996157,-4.3084312257572694,280.30018336704796
355,26,5.7742892194513775,-3.969438743176289,1.8163520028756674,-15.591708404920722,2.2785158597480453,-8.059290952439454,2.7691708658648593,-3.3671719719867426,-4.308380685806964,280.3002057758733
355,27,5.774296092025051,-3.9697351440250657,1.8155942556440328,-15.60668189538739,2.2784678579438644,-8.05688809014655,2.769093934916585,-3.367144811328573,-4.308376007207253,280.3001713076659
355,28,5.77426056818952,-3.9695864312200473,1.8156283747576456,-15.603196376981428,2.278507554606088,-8.064843994355986,2.769150409368892,-3.367154928417407,-4.308368298216404,280.30020828724116
355,29,5.77430129303276,-3.969734299236201,1.8155394582482418,-15.626362205937502,2.27851750491599,-8.078202591940329,2.7691867685983067,-3.367171894459544,-4.308474065227109,280.30021085798523
356,0,5.774285724772707,-3.9696064522895194,1.816136881181371,-15.559739486454397,2.2785084180856923,-8.063226302439213,2.7692016861863773,-3.3671696956973696,-4.308418900453071,280.30021436118795
356,1,5.774292588119554,-3.9695257112706925,1.8159749736024866,-15.601414535452003,2.2784909284121078,-8.061786400091105,2.7691561976319004,-3.3671658148478754,-4.308452572788496,280.3001638247904
356,2,5.77430134584234,-3.9697965234138732,1.8161077525971012,-15.568561485953893,2.27856340936824,-8.070388662672366,2.7691903066690404,-3.367156623006275,-4.3084092189881416,280.3001625344669
356,3,5.774273540610486,-3.9694408059797035,1.8161823395345082,-15.589993669168805,2.2785287675464025,-8.065792332820894,2.7691994002777727,-3.367185170703316,-4.30841271451943,280.30020988768865
356,4,5.774272326579234,-3.969803755519388,1.8159289752508194,-15.584347294635306,2.2785021159132595,-8.082942587476222,2.769161205878314,-3.367164879693821,-4.308411877078018,280.3001865820314
356,5,5.774278226822893,-3.969668515756088,1.8164190710178958,-15.525788232931287,2.278504116934128,-8.075888602190254,2.7692082247312197,-3.3671739244498506,-4.308458534684058,280.30017028844145
356,6,5.774298598328056,-3.969628397669128,1.816446033261642,-15.590074181550518,2.2786226679482624,-8.071034379691747,2.76920708513694,-3.3671686201043816,-4.30838305333158,280.30018894840805
356,7,5.774262651975772,-3.969522238422506,1.815627719986361,-15.575602601930072,2.278495841389865,-8.072023152621295,2.76916627387372,-3.367165832832894,-4.308321979947983,280.30023570044176
356,8,5.774307958388601,-3.969755981206533,1.816107280459877,-15.574831152483645,2.2785793263992056,-8.068747429594154,2.7691903155921773,-3.367155957922422,-4.30840533506057,280.3001713108077
356,9,5.774289757449615,-3.969873751959901,1.816386079130922,-15.559928521980856,2.2785439907878744,-8.06918012671009,2.7691888831185896,-3.367157389276731,-4.308405245750562,280.3001838857904
356,10,5.774280252356466,-3.9695898076714973,1.8164445864754417,-15.550246040658976,2.2785256752947567,-8.07556082358344,2.7692331433747808,-3.3671756808884026,-4.308416886609965,280.3001874480623
356,11,5.774267493903215,-3.969704604668339,1.815941231192654,-15.611580713389776,2.278499650945705,-8.066142986737642,2.769201218795854,-3.367177789370144,-4.308442366269339,280.3001727210563
356,12,5.774260323829324,-3.969643274072319,1.8159727499657377,-15.578320261007594,2.2784769186548157,-8.072931681881283,2.7692254463697683,-3.367169666917884,-4.308477744650196,280.30016985372094
356,13,5.774262179066788,-3.9694656195176217,1.8167515312030051,-15.579381297766524,2.2785551490751916,-8.071689372063434,2.7692261570591357,-3.3671608459877924,-4.308389087974767,280.3001860430279
356,14,5.774277103709561,-3.9695993920937904,1.8159131989896393,-15.594041742812896,2.27845597385623,-8.067410143751271,2.7691554752539,-3.3671574826032984,-4.308395980277658,280.300157354525
356,15,5.774266164810041,-3.969752645317363,1.8159029341066635,-15.577434542634697,2.2785587423040528,-8.075582184131735,2.7692485739707635,-3.3671797237841856,-4.3084381977391715,280.3001757916129
356,16,5.774268305046856,-3.969404724577758,1.8161621680235585,-15.588827947993465,2.2785381509292666,-8.061759730012174,2.7691835404399634,-3.3671707652313714,-4.308364570029817,280.30018098601784
356,17,5.774282647909652,-3.9694697835544384,1.8167183532103486,-15.584950998215833,2.27853191098838,-8.067468530492123,2.7692052594559518,-3.367178960218938,-4.308447443157913,280.300195567488
356,18,5.774256737994828,-3.969563188213847,1.8163021822921992,-15.566077047072303,2.278489516161485,-8.079567703953641,2.769220152507138,-3.367172074001232,-4.308493266310101,280.30020576441893
356,19,5.774294348466721,-3.9698682839782893,1.816121449236281,-15.553736370039964,2.2785655920005103,-8.076201313050296,2.769269464467064,-3.367175919070984,-4.308458241353639,280.3001861969958
356,20,5.774278177399112,-3.96955345210874,1.8160134291987111,-15.583089088799158,2.2784878040019683,-8.06672994000851,2.769187430293409,-3.367176046234364,-4.308507442820394,280.3001738062371
356,21,5.774268677171725,-3.96942956903916,1.8165375473199763,-15.594466398991441,2.278556864349732,-8.071562429009393,2.7692289314203733,-3.3671816008992783,-4.30841185822257,280.30019737755777
356,22,5.774256079045388,-3.969564363130895,1.8160486585000153,-15.579855781321655,2.2785357870770526,-8.072681065603254,2.769199253460181,-3.367160570138465,-4.308349719198015,280.30018074481507
356,23,5.774301209780943,-3.9695659421526055,1.8162083797240298,-15.578807200040762,2.278493479737703,-8.059625943891168,2.769164981985012,-3.3671577946313813,-4.308403804859761,280.3002076035967
356,24,5.774287757162521,-3.9699421176545755,1.8163155143657304,-15.575158352034197,2.2786151812719875,-8.088954389585263,2.769183873142693,-3.3671693139247334,-4.308356410135861,280.3001932695924
356,25,5.774278790504564,-3.969647248433007,1.8162588403252569,-15.597625784037836,2.2784999950063183,-8.065393611437253,2.769171429237549,-3.3671636801089737,-4.30844326048573,280.30020201634204
356,26,5.774276462171023,-3.969590291488931,1.8162708519303963,-15.562580951155502,2.2784988764005534,-8.078153132758171,2.769237719738225,-3.367184486230639,-4.308456038165109,280.300187302908
356,27,5.774282491608197,-3.969560817044364,1.8161672026993383,-15.548033036267274,2.2785397032029837,-8.079196758649658,2.7692084658605185,-3.367165640778242,-4.308427162085201,280.3001472587801
356,28,5.774274821778816,-3.9696848633943818,1.8163813483288147,-15.58185196068499,2.278566179491507,-8.08585959900397,2.769221467209536,-3.3671689406501626,-4.308422988898448,280.30020452427925
356,29,5.774294321947329,-3.969599982605931,1.8157494488938724,-15.605833881708232,2.2785489921035063,-8.067221404229798,2.7691922804143374,-3.3671791471363037,-4.30841452621165,280.3001548542416
357,0,5.774264956764545,-3.9695833319959446,1.816292124593558,-15.57444154256939,2.278512460904124,-8.068090675392833,2.7692351403274733,-3.367184973850591,-4.3084767020634205,280.30019106499435
357,1,5.774282774653568,-3.969798940061597,1.816332768618354,-15.563604751668805,2.2785790741580496,-8.082281254622616,2.769208254603552,-3.367172381296427,-4.308438061626473,280.30016450965087
357,2,5.774271347246835,-3.9694083666817894,1.8158641284601507,-15.588106310279171,2.2784965625599187,-8.065197948910246,2.7691810539710175,-3.3671667970695482,-4.308401795226149,280.3002108083689
357,3,5.7742806956045305,-3.9696355827576677,1.8154798920585316,-15.61208782881824,2.278506834544588,-8.063282193825428,2.7691903442585093,-3.3671693433308265,-4.308444618731253,280.30015680084034
357,4,5.774283908688139,-3.9695968590606348,1.816183689259656,-15.570261217738215,2.2785286385324444,-8.067012914725575,2.769217684222292,-3.367167799859306,-4.308432750332647,280.3001341700336
357,5,5.774296548406596,-3.9695685666453087,1.816311229271234,-15.582930374219155,2.2786066458480305,-8.07920200253776,2.7692397187498807,-3.3671676591535844,-4.308463064739662,280.30019068202193
357,6,5.774286535267221,-3.969740906207706,1.8157634732172319,-15.56180058332074,2.2785588805945456,-8.074245591906854,2.7691701828439954,-3.3671591011720543,-4.308382118084484,280.3001874437924
357,7,5.774271968200703,-3.969453088119885,1.8162157982568243,-15.584372934543476,2.278515454811718,-8.071635401139961,2.7692566185098704,-3.3671689669258136,-4.308437615144473,280.30020061077806
357,8,5.774274564437088,-3.969554891664866,1.8160342818659732,-15.582239953666672,2.278579848300761,-8.074937115672089,2.7692061820827987,-3.367173377065824,-4.308400895807182,280.30018912342325
357,9,5.774273418482326,-3.9696808554294396,1.816021033636753,-15.59705906102225,2.2784931997735383,-8.066515511666553,2.769180618968857,-3.3671527504025494,-4.308446917192998,280.3001708364134
357,10,5.774278884510408,-3.9699793091729263,1.8158035764344702,-15.55674531271247,2.2784975467376722,-8.077428058418047,2.7691774790042816,-3.3671757469074026,-4.308411712268022,280.3002203777619
357,11,5.774306739718006,-3.969719291175996,1.8159176327877438,-15.564559245011294,2.278534231333372,-8.06503754635555,2.7691817930065636,-3.367156374401811,-4.30844150137471,280.30019232554775
357,12,5.774262060586386,-3.9698087080375077,1.8157308575326545,-15.604180214716823,2.278501334158645,-8.07618222248461,2.7692037634943985,-3.367168379597425,-4.308494156758829,280.3002051080947
357,13,5.77428058673239,-3.9699236072179724,1.8159315037975794,-15.547883500387735,2.278493985342543,-8.07788283829151,2.769221389743067,-3.3671732345663394,-4.308442365901859,280.3001602671204
357,14,5.774277946088105,-3.9694304665474305,1.8161053314945226,-15.589935465565903,2.2784606494590354,-8.062542598611893,2.769151900213656,-3.3671624168402885,-4.308461553061904,280.3001741196791
357,15,5.774261946985028,-3.969586873958504,1.8163306865745201,-15.59015705839172,2.2786023222361385,-8.068942299406572,2.7692185887120306,-3.3671571605334054,-4.308363766731708,280.3001744542174
357,16,5.7742746449587035,-3.9695482166153067,1.8162718355551457,-15.565414587632072,2.2785347190531664,-8.07114561133573,2.7692039081348496,-3.367171710305245,-4.30832298249556,280.300199588482
357,17,5.774273052522638,-3.9694156168803842,1.8162454624242055,-15.555427097546957,2.2785062561189333,-8.068269532671108,2.7692105370887616,-3.367168576250904,-4.308453990063974,280.30019821328483
357,18,5.774276801352295,-3.9695597683072723,1.8156561021908155,-15.573587890432684,2.278534386993893,-8.069340652144856,2.76915022101938,-3.3671460978281313,-4.30838578567394,280.30017730588054
357,19,5.774291193495447,-3.9697780533869906,1.816087930723456,-15.580619855471245,2.278508180979875,-8.076745702304487,2.769198049464937,-3.367170091935861,-4.308462654137821,280.30016787289514
357,20,5.774266899925951,-3.9698702421301797,1.816084036825055,-15.559906141927616,2.27851525471471,-8.072022788530274,2.769214985489317,-3.367164467508598,-4.308404636527109,280.30015076319376
357,21,5.774271108076754,-3.969781576248234,1.8159851932326072,-15.588541027808933,2.278520021438169,-8.07574550700096,2.769199017600957,-3.367163810109419,-4.308429722703223,280.30018263475984
357,22,5.774268282103635,-3.9694664554534755,1.8163290888086376,-15.559744550137607,2.278473324106519,-8.070512148848046,2.76920571354959,-3.367163015945011,-4.3084249133425505,280.3001638964056
357,23,5.774283851293809,-3.969605215945413,1.8160934275059166,-15.549884744537085,2.2785402658189984,-8.072814059758622,2.76924795417798,-3.3671834707827055,-4.3084335599974715,280.3001948526446
357,24,5.774280199226364,-3.9696669581124904,1.8159412348280863,-15.593089955625938,2.278559215901842,-8.07053490709881,2.769209709433931,-3.3671700501125486,-4.308397389815033,280.30016367952373
357,25,5.774274900718381,-3.9695081071514116,1.816277869205463,-15.581155189073083,2.278478248763937,-8.069544344674837,2.76921916934743,-3.367183970102752,-4.308458196229111,280.3001748462392
357,26,5.774277549158491,-3.969550929738159,1.815743357805655,-15.583996433954766,2.2785271466546146,-8.072286409079991,2.769210095363125,-3.367179359902591,-4.308479115520916,280.30020017381304
357,27,5.7743012343684335,-3.9697693325613046,1.8160864877152576,-15.57482219774597,2.278642093671229,-8.069184979333686,2.769201047554296,-3.367174690828549,-4.308371931846626,280.30018181363744
357,28,5.774297022609994,-3.969667181029297,1.8162598344375107,-15.564777571360276,2.2785084306922667,-8.07734728261173,2.769137889890946,-3.367157902240879,-4.308400247142503,280.3001707140387
357,29,5.774281509861185,-3.969526075525953,1.8164691128399084,-15.612117415059355,2.278504996749396,-8.060696924108933,2.7691946291085903,-3.3671793794626987,-4.308478626296798,280.300188439531
358,0,5.7742872580619915,-3.9696340927312246,1.8162976928140522,-15.5706630207216,2.278529684394725,-8.06902055733383,2.769197312756892,-3.367157476216464,-4.308439662413497,280.3001802765969
358,1,5.7742701930059495,-3.96959866809417,1.8159286462472697,-15.575657316928734,2.2784842039247977,-8.064286236599097,2.76917994535834,-3.367162181994397,-4.308424321172265,280.30019370413993
358,2,5.774295112949426,-3.9697493066278104,1.816468642883025,-15.555718396801604,2.278552592940317,-8.078118640109146,2.7692022897748947,-3.367158682878348,-4.308447103917843,280.3001726598167
358,3,5.774292355389548,-3.969619619321455,1.8161652097848273,-15.572834137572821,2.278483565394278,-8.067844144305568,2.769157083132442,-3.367162228238362,-4.308436592072828,280.30019317954077
358,4,5.774276448754899,-3.969848768456408,1.8159607918533447,-15.56764483665594,2.278468193715037,-8.0787599500687,2.769200687768065,-3.367154663509307,-4.308427415780985,280.3001616053366
358,5,5.774286695203174,-3.970009222663921,1.8160205008463894,-15.573901226307868,2.2785154346248153,-8.082626999243189,2.7692122729397983,-3.3671695840922578,-4.308450918556046,280.3001968600329
358,6,5.7742811468484625,-3.9699162168469027,1.8159311170365224,-15.537165749034108,2.2785366853603763,-8.080326333942253,2.769234436078215,-3.3671627627894143,-4.308441856414519,280.30016483950794
358,7,5.774284797197177,-3.969617335085919,1.815859235024354,-15.599728913039279,2.278555363905858,-8.067546779037723,2.7691964510392997,-3.367177030698796,-4.308394356520245,280.3002134197217
358,8,5.774284046292559,-3.9698223364165592,1.8159579358838922,-15.563894598826213,2.278445117435294,-8.076428846386923,2.7691913179040824,-3.3671537270707823,-4.308432420675909,280.30019166043974
358,9,5.77427940777065,-3.9699667663341915,1.8157335431215444,-15.56111515677433,2.2784670700266294,-8.072383198737658,2.7691661659726714,-3.3671639656606547,-4.308417034340148,280.3001834111753
358,10,5.774257467760805,-3.9695140053359173,1.8157040530828155,-15.58143655819477,2.2784860074670314,-8.076835464924004,2.769225986500015,-3.367177029611613,-4.308436884533373,280.3002195411801
358,11,5.774302716159123,-3.9699488155177582,1.8161168936062366,-15.570087895608545,2.278594700028496,-8.069112645193542,2.769167867115908,-3.367164905731802,-4.30836292467955,280.3001797330717
358,12,5.774269061983862,-3.969700030686441,1.8161362508324168,-15.581764736071765,2.2785670262362725,-8.071697707381526,2.769219837106693,-3.367169813343685,-4.308405956150572,280.30022748932987
358,13,5.774274172499815,-3.96978732105229,1.8159074363688927,-15.600551092715259,2.278537547703833,-8.070873269021918,2.7692206963689063,-3.367162185282071,-4.308463980185056,280.3001674555441
358,14,5.774307897018522,-3.969800080724416,1.8163457691351594,-15.568602880280975,2.2785971210221563,-8.070217510125852,2.7691767947567727,-3.3671690905258758,-4.3084438537559,280.30015372652645
358,15,5.774257039053071,-3.9696064948651055,1.8160697043921536,-15.56272630679939,2.2784963384125194,-8.073646477236597,2.769234471885316,-3.367173688482025,-4.30843584455112,280.30020502955904
358,16,5.774285861265248,-3.9698317074985745,1.8164061436842978,-15.562654609864373,2.278513592010178,-8.071692646835013,2.7691787632958267,-3.367167025950234,-4.30841935713641,280.30021438934045
358,17,5.774279545125547,-3.969636527068056,1.8160874457843246,-15.566175099141748,2.278516808454606,-8.066727621189834,2.769246966358275,-3.3671687404710022,-4.3084280505184145,280.3002055549901
358,18,5.774264639360105,-3.9695693248090986,1.8159617350384303,-15.597700540865006,2.27844776553858,-8.062976003656651,2.7691982365808845,-3.367167589468284,-4.308441059629184,280.30018642043154
358,19,5.774278677852325,-3.9696933335712985,1.816138466566735,-15.589572163320573,2.2785323853910024,-8.065307386294998,2.7692282888219943,-3.3671753193732075,-4.3084769862227645,280.30020115538514
358,20,5.774289698461951,-3.969975076645827,1.8162228295895435,-15.550351050175443,2.2785257612779968,-8.076439786274126,2.7692292044076443,-3.3671763633385923,-4.308463834862623,280.3001874970453
358,21,5.774298268570219,-3.9696626555930004,1.8158002983937165,-15.578817026369912,2.2785530583180824,-8.067240047873003,2.769159949910544,-3.3671505272358067,-4.308369439229397,280.3001805059512
358,22,5.774289892705588,-3.9697536882253277,1.8158347484923052,-15.605228585084411,2.2785259662554833,-8.068512478059679,2.769201458881951,-3.367169166299661,-4.308440088650011,280.30020431864017
358,23,5.7742791104819595,-3.9696267564597174,1.8162556313494607,-15.548059355202662,2.2785177923483615,-8.07685551075068,2.7692073896206173,-3.3671747344901144,-4.308453258190843,280.3002222966496
358,24,5.774274093678487,-3.969812460797965,1.8162007994634957,-15.598165414320722,2.2785906130946265,-8.076221636490574,2.7692140193513777,-3.3671587600569812,-4.3083774188359145,280.30015820030235
358,25,5.774278554240831,-3.969673202205209,1.8160316378685268,-15.58785129678295,2.2785402933158023,-8.073776563346106,2.769215965774283,-3.367167010978653,-4.30840216632297,280.3001769679284
358,26,5.774261864369617,-3.969506542035021,1.8162659671724788,-15.577003782061329,2.278544507563125,-8.068527960013519,2.76921979277841,-3.367169277802447,-4.308424580111005,280.30019120742315
358,27,5.774293926386203,-3.969718975792639,1.8159835867225675,-15.577742433357734,2.2785508804387815,-8.07627437928958,2.769178019452999,-3.3671571384193855,-4.308361172360926,280.3001393919428
358,28,5.774254234605448,-3.9697966462965555,1.8160813828845799,-15.57007013023437,2.2784721604173037,-8.073800141348208,2.769225400128458,-3.367179834558604,-4.30846068097975,280.3001750047615
358,29,5.7742744370233945,-3.9696663248979496,1.816031962716357,-15.563672041999123,2.278501056612801,-8.072802921020202,2.7691830206407326,-3.3671626537772066,-4.308400355096137,280.3001769129667
359,0,5.7743061962996185,-3.9700664466742364,1.8162685934216232,-15.551128608810968,2.2785583511686536,-8.081449110168936,2.7692026258638496,-3.3671577462505384,-4.308457134991192,280.30022173914205
359,1,5.7742804994431,-3.969782387358043,1.816803980387433,-15.565794997918326,2.2785717452348675,-8.083318608130808,2.7692199080276825,-3.3671648698078704,-4.308430636953393,280.3001756784789
359,2,5.774262769740313,-3.969654186087887,1.816196696953158,-15.576999224709306,2.2785399680744773,-8.08488676866911,2.76919089251599,-3.367157700031677,-4.308396528259967,280.3001901833768
359,3,5.774293834875467,-3.969475437138181,1.8161171663834805,-15.59193815405285,2.278587587944131,-8.071484004778274,2.769194186220198,-3.367156451433103,-4.308372725590143,280.3001633106247
359,4,5.774283702411345,-3.9696667428354138,1.8160750577763332,-15.578774157391472,2.278501326354156,-8.073598906192084,2.7692240828245107,-3.3671783912341797,-4.308484444746924,280.30018838218564
359,5,5.774307945786764,-3.9697191061135375,1.8162146847766716,-15.58438684187593,2.278567204998795,-8.065297079414501,2.769156655463902,-3.3671680348764825,-4.308407178320274,280.30018508525575
359,6,5.774306132914645,-3.9695637632527108,1.816593593535479,-15.569872316224732,2.2785657079417656,-8.083095561281825,2.769188904354956,-3.3671671902631513,-4.308412438743955,280.3002044844864
359,7,5.774290737183098,-3.9697991020863324,1.8161111374961922,-15.526437111844224,2.2785238946816895,-8.07363115516314,2.769160968941301,-3.367152186277434,-4.308346597426834,280.3001621571908
359,8,5.77427887846895,-3.969322887283543,1.8159559526184097,-15.578976237105293,2.278546186312843,-8.071142734210985,2.7691791048780896,-3.3671618039488127,-4.308346578166657,280.30015770224463
359,9,5.774295408474047,-3.9699027772939752,1.816106317223903,-15.57599983704104,2.278607294034828,-8.068931602132196,2.7692000856467525,-3.367156384981001,-4.308371778206342,280.300201170702
359,10,5.774291381020763,-3.969654313958989,1.8163847939845439,-15.588748383943585,2.2786331417843857,-8.076058090179576,2.7691917481833546,-3.367166142621238,-4.308306569383444,280.3001833907792
359,11,5.774262152016299,-3.9696765685172943,1.815685730071529,-15.566044835628377,2.278485196111594,-8.076409025717881,2.769216109620815,-3.367176347392096,-4.308450080539145,280.3001952688501
359,12,5.774294973001919,-3.969856795436928,1.8165734747721325,-15.534749948856087,2.2786093228489595,-8.078988660136671,2.7692240267711337,-3.367168897120735,-4.3084061275615415,280.3001929996263
359,13,5.774285569298234,-3.9697653981748235,1.8162316602226056,-15.548875604333817,2.2785468462600647,-8.076422771876075,2.7691996532289753,-3.3671647679482644,-4.308408263725093,280.3001597947377
359,14,5.774319182865997,-3.9697605643435043,1.8161383046708264,-15.571909486959047,2.2786376745169523,-8.075779403988356,2.7691561701329057,-3.3671599460049944,-4.308331944172641,280.30023971434514
359,15,5.774284535228286,-3.969720254401522,1.815860288491484,-15.565199599751029,2.2785672403039547,-8.073968766569257,2.7691971328792695,-3.367164030525697,-4.30836387857413,280.3002091642179
359,16,5.774263643664453,-3.96969668559376,1.8158315377041954,-15.57626524394881,2.278536403954285,-8.067738606311085,2.7692577425022784,-3.367176380881163,-4.308475681504959,280.3001896369309
359,17,5.774276222578315,-3.9697721487577997,1.8160878159003062,-15.605234891997352,2.278572800923871,-8.068418512992704,2.7692119648441205,-3.367155536855289,-4.308413923106288,280.30019600802166
359,18,5.774301474070967,-3.9698250541417166,1.8167079292775539,-15.57562326776964,2.2785665654581124,-8.076813053963448,2.769186587266376,-3.3671543292426187,-4.308437258166215,280.3001890506763
359,19,5.774283678398464,-3.9695635316728684,1.8162254748944358,-15.591149384408816,2.2784955869708217,-8.06400963837704,2.7691584837926144,-3.367163861530012,-4.308435893762782,280.3001754460531
359,20,5.774295109339495,-3.9699451569457667,1.8162626647858373,-15.541608345714403,2.2785871775779083,-8.07151141019641,2.7691659631592014,-3.367157016254168,-4.308375940096724,280.30020462687946
359,21,5.774302949132934,-3.9696019756433794,1.8161439576974632,-15.575111824812636,2.27857205067498,-8.068696012615481,2.7691646236594947,-3.36715540553763,-4.308400629819398,280.30016243495385
359,22,5.774296427012775,-3.9699187905875903,1.8169400703859124,-15.573508627588355,2.2786487791478427,-8.080450666418551,2.769220613958015,-3.3671686041181297,-4.308447542199734,280.3001773024066
359,23,5.774293484878051,-3.9698021165644155,1.815840006048191,-15.566120340037115,2.2785998027728755,-8.07189175242336,2.769185803810818,-3.367170100200372,-4.308366778004388,280.30016586765794
359,24,5.774274154955061,-3.9694568674149444,1.8162080111153427,-15.58652845809402,2.278513953516946,-8.072305141830395,2.769184229661389,-3.367165937568041,-4.308378944202596,280.3001735832438
359,25,5.774286538044468,-3.9696481517327644,1.8162657958039887,-15.567705160647693,2.2785223082844284,-8.06976543618349,2.7691818739301044,-3.3671565760510886,-4.308421187150277,280.30018817809935
359,26,5.774273715200089,-3.9695871486916623,1.815972161338597,-15.568046789020642,2.2785192935336296,-8.065501289574414,2.769171594471892,-3.3671631779007534,-4.308399547288262,280.30015634653705
359,27,5.774299937206027,-3.9699117704803455,1.816134748007188,-15.550901025801611,2.27851029788303,-8.082353863754152,2.7691966754612416,-3.3671606570858397,-4.308493004962524,280.30018790191633
359,28,5.774292474372435,-3.96973124649227,1.816300068352769,-15.584123459329565,2.2785850810708896,-8.082209655421027,2.7692498850764298,-3.3671686541282475,-4.308438201441531,280.30019398872076
359,29,5.774294243645193,-3.96967599697433,1.815900317953061,-15.594096153272313,2.278594881668749,-8.075245161524903,2.7691824944316252,-3.3671697676872534,-4.30840609202138,280.3001425003169
360,0,5.77427291459565,-3.969734158679983,1.8156791562627355,-15.587356776976653,2.2785066288821776,-8.079273403499144,2.769179272027783,-3.3671609610724693,-4.308438772592269,280.300190066351
360,1,5.7742918991802545,-3.9695293061401182,1.816522444155676,-15.547004751300262,2.2785411398002378,-8.06887915094185,2.7692348984351223,-3.3671637457201875,-4.308411375419216,280.30019459590545
360,2,5.774299383454221,-3.969931282845363,1.8163812705798696,-15.585492816587898,2.278645168909579,-8.079446289545864,2.769167577656072,-3.36714926160494,-4.308332521563618,280.3002207353018
360,3,5.774279374708671,-3.9691799091025217,1.8160251638046792,-15.60961388501411,2.278548297557841,-8.066617250117936,2.769243398753606,-3.3671942921547315,-4.308470872579197,280.3001651879367
360,4,5.77427786736711,-3.9698444132137913,1.8160977770449525,-15.51055857977432,2.2785441170151626,-8.072087955386703,2.7692190620462895,-3.3671678661868585,-4.308397561190146,280.30014920057283
360,5,5.774298969512217,-3.9695490147168293,1.8163384157483178,-15.577336531751165,2.27861806638117,-8.075273303203769,2.769166182309401,-3.367146534866548,-4.30837561576772,280.30020627547725
360,6,5.774269100640927,-3.9697156148410064,1.8159072099530684,-15.55334274808428,2.2785314790544082,-8.079755204269333,2.7692187671776263,-3.3671859305145238,-4.308471633578232,280.3001996934272
360,7,5.774263279075705,-3.9694012821059577,1.816182319872074,-15.54441784999794,2.2784274070024555,-8.07512654492726,2.7691941756267595,-3.367174380086148,-4.308486467309522,280.3002145144966
360,8,5.774289749302488,-3.9698821752180495,1.8161693239761478,-15.564417754997505,2.278564134946814,-8.07691575283343,2.7691590343547805,-3.3671386552752174,-4.308378692795965,280.30017811207557
360,9,5.774266862050317,-3.969626834062002,1.8157862791121948,-15.57146302402058,2.27846902980991,-8.075621737547726,2.7692071198757757,-3.3671770331694795,-4.3084325613715855,280.30020360941825
360,10,5.774268209670653,-3.9693383326678218,1.8156795592505686,-15.602697718070576,2.278623468034513,-8.071849235842066,2.7691772887248716,-3.3671520057445594,-4.3083000538403144,280.3002134424595
360,11,5.7743091358455745,-3.9697307200442777,1.8162307024470907,-15.591403356692467,2.27860105500072,-8.061372138610126,2.7691791662982794,-3.3671645106955768,-4.3083869300369635,280.30018315837094
360,12,5.774290017216084,-3.969406266895973,1.8157985389073505,-15.58073125199043,2.278617558209814,-8.062347200182531,2.7691538025997837,-3.3671776789118737,-4.308332409619568,280.3002086446246
360,13,5.774295065627091,-3.9697973774739856,1.816285020474987,-15.585685288079192,2.2786202376013605,-8.074635016178659,2.7691893413308772,-3.367153832803802,-4.308377003458208,280.3002096372563
360,14,5.774307319156195,-3.96960266319319,1.8164053640310382,-15.574295684519113,2.278630005749471,-8.067496020833342,2.76914306313563,-3.36715442778607,-4.3083542711682785,280.3002184239614
360,15,5.77429169719389,-3.969961569992749,1.8156280779128955,-15.55788871344898,2.2785302999673416,-8.071615060741674,2.7692105951795813,-3.367162216375298,-4.308422937814152,280.30018673870165
360,16,5.774274290766928,-3.9696713837773903,1.816270770703111,-15.582793143414522,2.278564884221664,-8.079574424306534,2.769217166420027,-3.367165184504618,-4.308395627695574,280.3001929710467
360,17,5.774277237235435,-3.969655082618799,1.8161740146947014,-15.54938223336467,2.278517914109162,-8.073547701401662,2.769219857207543,-3.3671696217204707,-4.308459055662107,280.3001561539895
360,18,5.774291903540921,-3.9695454310920555,1.8157496230962773,-15.582230069753027,2.2786082824472786,-8.061804460699342,2.7691139584087696,-3.3671673555277226,-4.3083295053675545,280.3002131937062
360,19,5.7742944068611,-3.9698815657180693,1.8157296491149715,-15.580990993563455,2.278581067543689,-8.079158566303368,2.7691824864919,-3.367159099939269,-4.308458213698269,280.3001797994888
360,20,5.774301896988852,-3.969659859770933,1.816273211848592,-15.579743703233936,2.27855580879433,-8.072366314981515,2.7691475695240206,-3.3671665254495964,-4.30842386568333,280.3002000445813
360,21,5.774298785872394,-3.9699761624246834,1.8160128079996625,-15.6015713225674,2.2785632178076374,-8.07093793185419,2.769206856163335,-3.367178086674051,-4.30845940148213,280.3001838982716
360,22,5.77427316474652,-3.9697473947085933,1.8158807331559854,-15.582991300489235,2.278556240597156,-8.079411302235297,2.7691619299716654,-3.367154826914247,-4.30836435488231,280.3001921693476
360,23,5.774266998082105,-3.9693927731409198,1.8163667052708556,-15.584589497454234,2.2785152657312113,-8.070189185636693,2.769180368526571,-3.367158558427811,-4.3083436765910115,280.3001563868572
360,24,5.774267731912607,-3.9694901600104036,1.8162743934857708,-15.55975808329391,2.2785729715956906,-8.072753158175013,2.7692394182346445,-3.367180022081477,-4.30846374081754,280.30019868043723
360,25,5.774262239699657,-3.9695244582331224,1.8158997736257152,-15.58399106055442,2.27846465919038,-8.07727090726204,2.7691910257939494,-3.3671605538585525,-4.308444863238673,280.30020285029633
360,26,5.774291258129456,-3.9697822101880824,1.8160120492532832,-15.570995593553839,2.278548947295576,-8.072998557737511,2.7691637322600555,-3.36715929432554,-4.308378935367905,280.3001290342552
360,27,5.774278083033913,-3.9699159336327914,1.816141605470114,-15.568559793263837,2.2785266175332892,-8.073836018372155,2.76920543775975,-3.3671688453303212,-4.308422112142685,280.300182070578
360,28,5.774283348984936,-3.9693822608632763,1.816131225973072,-15.548079117537002,2.2785507758966426,-8.069547271023234,2.769187124441798,-3.3671770092694646,-4.308394753752401,280.30014498697824
360,29,5.774272979336332,-3.969638584939675,1.8164664847214067,-15.559780787080141,2.278569003674509,-8.085201672567123,2.76921663094317,-3.367166807681151,-4.308390083058914,280.30020652358803
361,0,5.774276535546694,-3.9696345580802457,1.8161466605389762,-15.54188589278476,2.278517457188305,-8.07261271750301,2.7691981542133255,-3.3671655767374116,-4.308422248012477,280.30018008022034
361,1,5.774295570141917,-3.969627102932392,1.8161402207982456,-15.582829471558258,2.278557701661756,-8.070357800061545,2.7692034805187733,-3.3671786180445906,-4.308436447413571,280.3001751892491
361,2,5.774281991537038,-3.9697349509560453,1.8159147479433533,-15.5734203219542,2.278525154189199,-8.068449788340146,2.769210743854158,-3.367173383023177,-4.308479909200062,280.3001740936011
361,3,5.774281250659928,-3.9695219604557144,1.8160578767765254,-15.584351628853863,2.2786023947327343,-8.06970251206076,2.7692029634236994,-3.367174311684347,-4.308370362299917,280.3001757151153
361,4,5.774275609428574,-3.9693440013378973,1.8159266499309241,-15.575765612244258,2.2785533815622463,-8.066708774898052,2.7691456910383656,-3.367164238617921,-4.308300966206383,280.30013690953876
361,5,5.774278488709924,-3.9696043347791115,1.8159964644766875,-15.556788303501579,2.2785206313134516,-8.071176544192435,2.7691756182576164,-3.3671671395914142,-4.308391982112258,280.30018477692477
361,6,5.774292213600992,-3.9696188777752046,1.8158497783520913,-15.580048623651072,2.278513080229659,-8.064493305153746,2.7691429279750235,-3.367149775877938,-4.308377358649861,280.3001708744599
361,7,5.774323196559188,-3.969858070630799,1.816048543116007,-15.575322768958983,2.278596886823261,-8.070648158759278,2.769147458569133,-3.367160043723785,-4.308345947670568,280.30020587587927
361,8,5.774288394388781,-3.9698741884593955,1.8161714707078782,-15.53127649439525,2.278511027784873,-8.080343922747415,2.7692150044458868,-3.3671687550333447,-4.308474868124957,280.30019028362716
361,9,5.774284096056919,-3.969412546276392,1.815873511393279,-15.579229424378278,2.278579353168834,-8.075982874054857,2.7692264308496073,-3.3671902346655327,-4.308464172470245,280.30019419681025
361,10,5.774281533169265,-3.9697646372225384,1.815901016045471,-15.581658191609781,2.278481646910565,-8.066451750208312,2.7691485754662155,-3.3671656777412853,-4.308408119294514,280.300144507068
361,11,5.774288431854763,-3.9695686352933013,1.816187920065582,-15.552034353799502,2.2785331083609055,-8.064457012066901,2.769198018112337,-3.367164129659437,-4.308391654969449,280.3001545690685
361,12,5.774249809155189,-3.9693405051550648,1.8156924254684497,-15.598426294983803,2.2784919227119764,-8.061065287381677,2.7692311668872596,-3.367186829837962,-4.308437031851531,280.3001782378265
361,13,5.774288110416944,-3.969753984361556,1.8157785051315598,-15.562730834313868,2.27856653496903,-8.072457308454556,2.7691994847771984,-3.3671741480425537,-4.308385241855071,280.300199211116
361,14,5.774291369624733,-3.9696788358319304,1.8163786534895912,-15.568041207575822,2.278573713857878,-8.073042572187672,2.7691861463236953,-3.3671678096473685,-4.3084011095137384,280.30017119782667
361,15,5.774286033457287,-3.9695353649762732,1.81580096459612,-15.578521615871788,2.278488628285989,-8.068988500532997,2.7691272127680246,-3.36716404848029,-4.308381694905688,280.30020149374116
361,16,5.774276762033725,-3.9696815159745227,1.8162615907048996,-15.572535174967502,2.2785830519679338,-8.071825519423408,2.769160860446033,-3.3671474126911423,-4.308288845983077,280.3001664079428
361,17,5.774305180411137,-3.96984147276159,1.8161865048208192,-15.551090969427419,2.2785668430532793,-8.073874823301347,2.7691692002354364,-3.367160738467525,-4.308366698404501,280.3002027617391
361,18,5.774279261906207,-3.9696829140002197,1.8158870068000132,-15.57304679708381,2.278495727227897,-8.070102059562146,2.769196859436783,-3.367167004229148,-4.308418250868035,280.3001839571285
361,19,5.774291658334015,-3.9698089477825116,1.8158675527925061,-15.530443016727018,2.2785368516726368,-8.07721045635823,2.7692210456344206,-3.3671766009121993,-4.308465034252382,280.3001921305358
361,20,5.774300052630188,-3.9696732922222346,1.8164331386274672,-15.528643656897941,2.278539213285496,-8.072259211721573,2.7691843693592473,-3.367169152521233,-4.308407270904308,280.30018993289275
361,21,5.77427024997609,-3.9694096534229173,1.816119063447136,-15.566136474237192,2.2784762395276066,-8.06411133087782,2.7691892081051264,-3.367163392653458,-4.308367118751731,280.3001723310699
361,22,5.77426878723951,-3.969752418820691,1.8159537336209148,-15.545224144957027,2.2784990816585027,-8.067762379176056,2.7692203677319376,-3.367171690838869,-4.308440427502803,280.30018222844853
361,23,5.774280892529591,-3.9695383616336244,1.8160273836774017,-15.580436451632204,2.278551925388491,-8.063503766780567,2.7691649446679163,-3.3671757706375143,-4.308373266104117,280.3001856607982
361,24,5.774289011634048,-3.9697588072697774,1.8159775132072757,-15.587491793389342,2.2785744965546835,-8.075363826771156,2.7692050929208745,-3.3671707071813026,-4.308381198196033,280.3001628386869
361,25,5.774269596151763,-3.9697367723417822,1.8158820363511812,-15.58489219934611,2.2785300999016993,-8.072384209085614,2.769205083830641,-3.367167394825014,-4.308434209706308,280.30019034828297
361,26,5.774266888183882,-3.969365789898398,1.8161501481674793,-15.565061796684391,2.278528687781456,-8.072606934317344,2.7692004721124874,-3.367176111934889,-4.308429501847835,280.30017695073826
361,27,5.774297910103893,-3.969369897460251,1.8162969546605583,-15.55630671447297,2.2786057674122846,-8.069007291463913,2.7692193145402566,-3.3671793511740336,-4.308397895573597,280.3002238916921
361,28,5.774288134754079,-3.969408063599981,1.8158857686201606,-15.556125009606356,2.2785033913320376,-8.062335072155946,2.769153884687304,-3.3671767329367452,-4.308399224459263,280.30020539567033
361,29,5.774293495657119,-3.969914672262583,1.815760077828956,-15.56739961195388,2.278543121266202,-8.066350722947734,2.769142982884658,-3.367150754192956,-4.308354925251238,280.30015396464796
362,0,5.774261610422967,-3.969398447005562,1.8156259033787496,-15.604953281621148,2.278531648909263,-8.06197383248971,2.7691459155358507,-3.367174802298255,-4.308327084884077,280.30020388830576
362,1,5.774299381824692,-3.9696583061110116,1.8159658689407385,-15.558369988829044,2.278584144381783,-8.068466177351812,2.769152015080492,-3.3671541829590987,-4.308330414368643,280.30018022323236
362,2,5.774289513169052,-3.9698520173412617,1.8157280015721282,-15.566969546799065,2.2785297491466583,-8.069881254718359,2.7691446311124834,-3.3671496958806824,-4.30834211619773,280.30017460482156
362,3,5.7742836430674425,-3.9695141282108275,1.8162255836805212,-15.594294755434213,2.278555368156463,-8.070711534413348,2.7691584488670093,-3.3671613180637596,-4.308388820336693,280.3001749455506
362,4,5.774280446327035,-3.9696432452076262,1.8159756715033661,-15.586839284326146,2.2784771238299064,-8.065301189865146,2.769147573341994,-3.367158677379987,-4.308321288562354,280.3001313059494
362,5,5.774297879612324,-3.969992927519677,1.8158573224749035,-15.547100459933082,2.27851682809021,-8.074678496440226,2.7691601266135035,-3.3671445714819095,-4.308430186983636,280.3001972902489
362,6,5.774284766794693,-3.9697928918930847,1.815601096842174,-15.56666676118644,2.2785139360739817,-8.066511881309495,2.7692012556623578,-3.3671724429284455,-4.308406072222936,280.30021279323364
362,7,5.7742889722915915,-3.96968525920899,1.8159698450099022,-15.570236912750593,2.278595335084971,-8.062405039850999,2.769200886385262,-3.367158417349327,-4.308385432322981,280.3001731587533
362,8,5.7742892050291745,-3.9696486719397206,1.815983515052233,-15.566007762756543,2.2784815483619956,-8.067114031984975,2.7691570586492666,-3.3671659148103363,-4.308454204086859,280.30014819258963
362,9,5.774264853119291,-3.96961191786151,1.8160678909357553,-15.545566011482641,2.278554944454427,-8.070325738103152,2.769204546880023,-3.367166196185476,-4.308350095194244,280.3001805862328
362,10,5.774264291660063,-3.969436704925245,1.8161624080934602,-15.547692302569727,2.2785420829936145,-8.068644231581084,2.7692130528389303,-3.367168944917658,-4.30836787687539,280.3002002053845
362,11,5.7742966365065085,-3.969708625510478,1.8158403969276793,-15.579173332093935,2.278609627404549,-8.067436473447767,2.769163298018505,-3.3671485946006587,-4.30833474065187,280.30017185936447
362,12,5.774273035011098,-3.969725639765286,1.8158770112586502,-15.564012758449941,2.2785062217212038,-8.072251606443457,2.7691624035807876,-3.367159565676806,-4.308336605925631,280.30020050758503
362,13,5.774281915570895,-3.96969705899323,1.8153950136121968,-15.565206452004885,2.2785020775112135,-8.066749509780884,2.769163525479753,-3.367169453017107,-4.308333885806859,280.3002097052195
362,14,5.774300191954831,-3.9696719998454073,1.8161427062304583,-15.543734938221192,2.2786044598530997,-8.075349237386895,2.769176279055852,-3.367154506162997,-4.308298618654227,280.3001880985172
362,15,5.774290460488849,-3.969661263575484,1.8158474287416917,-15.545054673971208,2.278550785487331,-8.063376092351682,2.7691702169485297,-3.367155229898034,-4.308341380553723,280.3001796483405
362,16,5.77426940223383,-3.96965527495302,1.8162764396103812,-15.521672799447373,2.2784626543292585,-8.068168232823338,2.7691596492645982,-3.3671670765425583,-4.308373718200506,280.30020408402163
362,17,5.774291515409533,-3.969491867845699,1.8157921942504696,-15.597626044403539,2.2785035640899096,-8.06084289391619,2.7691342417757507,-3.3671520701935616,-4.308396927174418,280.3001716716083
362,18,5.7742859732426055,-3.9694904587899527,1.816546994669072,-15.574475500167896,2.2785935712769287,-8.077658405207575,2.7691747433797014,-3.3671606230316513,-4.308335273374382,280.30020040777356
362,19,5.774296422387241,-3.9694573575741154,1.8158290023978465,-15.588882014054255,2.278573461178945,-8.0694587895149,2.769174453254162,-3.367172682510671,-4.308400646761627,280.3001405531819
362,20,5.774265437718574,-3.9694200489131055,1.8158230304846616,-15.590668402524377,2.278521869220106,-8.062666784068544,2.769179581125083,-3.367171457632611,-4.308364964364202,280.3001885000738
362,21,5.774278311694059,-3.969620143241623,1.8159892360465932,-15.60250492832852,2.2784831016554996,-8.057228179838635,2.7691572553411654,-3.3671554423002954,-4.308371553721142,280.3002015556616
362,22,5.77428594364338,-3.9695963644554424,1.8158695771820315,-15.585458643916535,2.278535093400955,-8.05840585524309,2.769135033705699,-3.3671645689260292,-4.308370372991465,280.30018799950636
362,23,5.774277038544725,-3.969373853578431,1.8154698126257012,-15.571018856364086,2.2785381460808947,-8.070076615588636,2.7691481020016333,-3.3671470932648826,-4.308302683589784,280.3001845211309
362,24,5.774280398138184,-3.969664302548281,1.8160223657066146,-15.568395257785104,2.278511981147545,-8.07155800106543,2.7692061768226632,-3.3671635751403692,-4.308435050223114,280.3001870161386
362,25,5.774281865156104,-3.969698018793406,1.816346229199399,-15.565828768051094,2.278542141468922,-8.068710374919233,2.7691479446702676,-3.3671689970171075,-4.308320625848206,280.30017674345237
362,26,5.774283858172802,-3.9695123617159878,1.816044364213952,-15.565656942647305,2.2785053517838234,-8.061728959303107,2.7691192095257025,-3.367160815788565,-4.308358384782977,280.30017207162064
362,27,5.774287988011722,-3.9696012121398407,1.8159090018469872,-15.59653360957456,2.278506185970745,-8.059127700966748,2.769186672967786,-3.367161461643756,-4.30835809229145,280.3001786087455
362,28,5.77429405628114,-3.969612602530716,1.8153360554392373,-15.619589363962927,2.278583471329533,-8.060522453166646,2.7691419291205217,-3.367160280824924,-4.308362519852048,280.3001617849419
362,29,5.774277513919918,-3.969586165047475,1.8156547473256044,-15.57087863940872,2.2785636123108945,-8.071172092803417,2.7692036602938495,-3.3671622039553695,-4.3083656340265275,280.3001807175733
363,0,5.77430697548953,-3.9699836656877285,1.8153793892335603,-15.628751361530503,2.2785255662606487,-8.065746051164702,2.769134299695515,-3.367143419325999,-4.308410304162076,280.30020739910526
363,1,5.774294425034623,-3.9696298698456682,1.8155064086380717,-15.640865130161336,2.2785536505971575,-8.059258282009138,2.7691345911820053,-3.3671644072076043,-4.308407964769118,280.3001855262516
363,2,5.774291407417054,-3.9696642963679185,1.8159665131490819,-15.586279591281805,2.27847968162741,-8.069841904928184,2.7691244557984196,-3.3671525579418216,-4.308373765433365,280.3001466528425
363,3,5.774297619255813,-3.9695906477165255,1.8160861280817173,-15.58688600653793,2.2785709648906782,-8.065801478656194,2.7691795625843767,-3.3671577815399663,-4.308365602346659,280.30015867767304
363,4,5.774299333994021,-3.96975199075357,1.8157826132614667,-15.563599456029946,2.2784872324921874,-8.063708300548218,2.769171406985777,-3.367169572363011,-4.308417604704706,280.30019650135307
363,5,5.7742694487988855,-3.9695804703576507,1.8160554517767635,-15.586651071232309,2.278534026460469,-8.070402336316118,2.769167974599808,-3.367162058682669,-4.3084108314387155,280.3002064869151
363,6,5.77429412244133,-3.9694222384116977,1.816397697167966,-15.59017120840323,2.2785345428175723,-8.061140440592947,2.7691666550736738,-3.367164557744205,-4.30838728273399,280.3001805764843
363,7,5.774300351876955,-3.9694470742464163,1.8160133814364403,-15.592486379908907,2.2785966080242175,-8.065051880325242,2.7691497488463344,-3.3671683853075742,-4.308367639966866,280.3001909865405
363,8,5.774301092031561,-3.9697756241171573,1.8163013743976408,-15.576081620605972,2.2785481495044633,-8.064426097295387,2.769172691975917,-3.367169112363313,-4.308405371836512,280.30016462437163
363,9,5.774286793600431,-3.9699148648189375,1.815447486211641,-15.59654676595495,2.2785153675986685,-8.082551909531256,2.7691784274026423,-3.367146742213602,-4.308439383977006,280.3002225081898
363,10,5.774282333181848,-3.969500766007448,1.815915372877694,-15.598621087592937,2.2784778996920365,-8.06773274742006,2.7691252673315456,-3.367154176700694,-4.308396507588346,280.3001578497204
363,11,5.774275913671083,-3.9692644916465505,1.8158214914965904,-15.60510951939544,2.2784969018602617,-8.064467903930224,2.769151534537553,-3.3671750936751073,-4.308381419963034,280.3001913199357
363,12,5.7742869321536885,-3.9695094311804344,1.8161182062034218,-15.60588072310925,2.2785329774589655,-8.06471288382903,2.769121380903346,-3.367144186134191,-4.308333963170887,280.3001936721068
363,13,5.774282673291566,-3.9694684542017233,1.8155008654328517,-15.656153892769742,2.2785500200155906,-8.059349550317103,2.7691629545890817,-3.367165293005929,-4.308346343091935,280.30018265090337
363,14,5.77427512861881,-3.9696066896658224,1.816145226837912,-15.5582656707699,2.2785161606441027,-8.065865287544352,2.769158845391329,-3.3671406894956992,-4.308336860821729,280.30019236509673
363,15,5.774273161911264,-3.969474649581786,1.8161953563914905,-15.579581299440683,2.2784827394383473,-8.061089451928986,2.769189848272999,-3.3671870452547643,-4.308452070925238,280.30015696141623
363,16,5.774295074280773,-3.9699051245479495,1.8159695477590547,-15.545927461508494,2.2785787832106883,-8.079451139809432,2.7692084077409254,-3.367168195621701,-4.308423293166826,280.3001543513515
363,17,5.774286595095825,-3.9697627484666924,1.8159261346117854,-15.574879290017714,2.2785669706937344,-8.075076874302898,2.769171394505706,-3.367150690090256,-4.308363139942252,280.3001603834558
363,18,5.774274563553528,-3.969670536127909,1.8166064430916282,-15.5701656025235,2.2784837699828953,-8.066845449148934,2.769175759684731,-3.3671653534876054,-4.308405062715287,280.30020264469397
363,19,5.774299156247455,-3.969616334769214,1.8159285968846155,-15.612679981484035,2.2785855939115343,-8.069601237508113,2.769153684318808,-3.367164167410588,-4.308389893981084,280.30020111952894
363,20,5.774287931250943,-3.9694878531873132,1.8156145181765222,-15.60812097083231,2.278416910305161,-8.06222902149653,2.7691311536410823,-3.36716147025236,-4.308392041817768,280.3002066698333
363,21,5.7742922258161204,-3.9695259483163037,1.8161944109382064,-15.55014245900747,2.2784970068294146,-8.056433922906322,2.7691226862589486,-3.3671509018210246,-4.308352020219519,280.3001814525668
363,22,5.774276588780582,-3.969680815850657,1.8157246225175783,-15.578389551490408,2.278474735289955,-8.06266715521917,2.769162981962883,-3.367165682821757,-4.308420412706974,280.3001711835738
363,23,5.774266849875633,-3.969422570429301,1.8159464849593812,-15.617157509072838,2.2785443319591354,-8.068021203511625,2.769206124053908,-3.367177880311394,-4.308396650134728,280.30017507867205
363,24,5.774297497338559,-3.969669693397722,1.8160745522981598,-15.546476954517228,2.2785140120809633,-8.073303901311714,2.7691247960761616,-3.3671511756895596,-4.308354573002328,280.30017519664017
363,25,5.774278752027826,-3.969688016581403,1.815694311698786,-15.569326118118653,2.278510201002743,-8.056952949079093,2.7691074259144055,-3.367141862705389,-4.308313338141086,280.3001724456203
363,26,5.77428834517801,-3.9697101047075476,1.8159577154048039,-15.58661871672915,2.2785112108832912,-8.070456670693778,2.7691554563825425,-3.3671526698545127,-4.308387557952699,280.3001548558199
363,27,5.774294338643845,-3.9696118933703755,1.8156633889107592,-15.584303595382838,2.2785435499804936,-8.070424364405351,2.769195432770242,-3.367163162538833,-4.308432867841791,280.30016231206673
363,28,5.774287563705265,-3.969778475583987,1.8159257092891092,-15.580553086890053,2.278550514852418,-8.07192760136479,2.769205131544608,-3.3671767794600833,-4.308446008015371,280.30016959620446
363,29,5.7742925389744455,-3.969636479530152,1.8161245313321108,-15.568398214892081,2.2785526072746976,-8.063584879791595,2.769173256527823,-3.3671716251381554,-4.308370711455794,280.3001700735181
364,0,5.774280956954139,-3.96954953748014,1.8161836973760228,-15.56928656935709,2.2785067616971064,-8.06677113967732,2.769197313502722,-3.367180127317664,-4.308429259789638,280.3001813685564
364,1,5.774289927889823,-3.9698842348504884,1.81565368149436,-15.562101419652276,2.2785007237792394,-8.074315020041547,2.7691841559917343,-3.367168788482479,-4.308440270130775,280.30021772713036
364,2,5.774271969129691,-3.9697070480035412,1.8163861240748305,-15.58168608882493,2.2785426759984113,-8.073794517742243,2.76918470999557,-3.3671559549935295,-4.3083084987494065,280.3002076361388
364,3,5.774282029350774,-3.969786637714914,1.815790014116048,-15.566227537138722,2.2785391998938924,-8.06772372575157,2.769162362972105,-3.36715053697582,-4.308352241151094,280.3001661300759
364,4,5.774307429590913,-3.9696333719488615,1.8156908136121697,-15.579784578268162,2.278498942713647,-8.065845292358249,2.769138229816869,-3.367157773743977,-4.3083900829575255,280.3001735216609
364,5,5.774279203799399,-3.9695232396772853,1.815682998071246,-15.616398807997067,2.278452362168037,-8.059875601837188,2.769138653450088,-3.3671610652012234,-4.308410810539775,280.30017568394766
364,6,5.774289526416445,-3.969548195621922,1.8157673230127422,-15.59486927521446,2.2784930263026206,-8.06002378983224,2.769159782732188,-3.367160922316285,-4.308389564873616,280.3001665184246
364,7,5.7742969486915445,-3.9695374659608533,1.8156025987292699,-15.577739782311916,2.278462611300007,-8.066522090060808,2.769139249887237,-3.367168137954051,-4.308420276087823,280.3001904876
364,8,5.77429846405635,-3.969620265280352,1.8163891153279315,-15.58213097706813,2.278565033802844,-8.071606706905097,2.769164800203412,-3.367169003560168,-4.308377182270089,280.30019032731275
364,9,5.774268875342153,-3.96947152892757,1.816153516673636,-15.57578655605603,2.2784787117744387,-8.069041142436015,2.7691563847008513,-3.3671571262551208,-4.308464646605755,280.3001978210058
364,10,5.7742871442140435,-3.9694538677608886,1.815914343621995,-15.598736098788567,2.2784366281376056,-8.059454273079258,2.7690939742377045,-3.3671547797584878,-4.3083660583305265,280.300196408289
364,11,5.774278240523237,-3.9695638401232514,1.8162888022811172,-15.559135014572863,2.2785272434102644,-8.084123303434618,2.769186116629159,-3.367158327414894,-4.308410946019145,280.3001570931404
364,12,5.774285769983424,-3.9696216072089703,1.8160733759382162,-15.552378543939591,2.2785037538849853,-8.068801036599423,2.769194813460716,-3.3671714267417405,-4.308422074976872,280.30019985695577
364,13,5.774287107772169,-3.9697888818189515,1.8158589705175956,-15.58152096929855,2.2785391146384373,-8.073649043402979,2.7691602800071964,-3.367157469312688,-4.30838887474511,280.30021064171365
364,14,5.774290391579147,-3.969651271802648,1.8157607819865216,-15.610117526557486,2.2785271730048984,-8.06910295211613,2.7691250043430147,-3.36715764652099,-4.308384679194056,280.3001571857143
364,15,5.774287483369125,-3.9695823406673245,1.8158707291616447,-15.59412416877281,2.278481647598477,-8.066951002374347,2.7691300607318934,-3.3671489644300583,-4.308394693765458,280.30021184986026
364,16,5.7742907122999725,-3.9695076525015596,1.8157841037652274,-15.586705698925142,2.2785352413347613,-8.073058887229985,2.76920623211561,-3.3671749572941265,-4.308427981400982,280.30020582587883
364,17,5.774289337707312,-3.969480120718817,1.8160120707433614,-15.601569554367337,2.2785277057120537,-8.062134925038611,2.769136076266633,-3.3671688550092154,-4.308346913420283,280.3001450047509
364,18,5.774298801509631,-3.9700091655654792,1.8162367342159202,-15.577703851307191,2.2785470605495672,-8.07115974531511,2.769126657957521,-3.3671524638049015,-4.308373038325896,280.30019259634935
364,19,5.774299253174904,-3.969741980647439,1.816695776891878,-15.573807291131889,2.2786319686266414,-8.072581484854185,2.7691849401170128,-3.36716630681623,-4.3083661691524355,280.3001681597239
364,20,5.774286476962682,-3.9698144666672452,1.8155790534626477,-15.58509750265625,2.278486096539425,-8.07157566396356,2.7691400554024495,-3.36714856396033,-4.308368165240516,280.3002146918077
364,21,5.77429821641055,-3.969753593830168,1.816395421226136,-15.574488163884809,2.2785337734760955,-8.078357255344365,2.769169930623207,-3.367150841728352,-4.30844550496323,280.30016403430614
364,22,5.774279049318243,-3.969816979631122,1.816007967238448,-15.587251341872406,2.2784968055625354,-8.077328247015295,2.7692040425179236,-3.3671713404244357,-4.3084735980951345,280.3001900590303
364,23,5.7742869902641285,-3.9698295168649853,1.816205463092077,-15.561192133229792,2.2785097550335576,-8.076646680090098,2.7691824804869305,-3.3671666994527643,-4.308410701224105,280.3001893862097
364,24,5.774293136419333,-3.969576164252566,1.8159994242713113,-15.5812748474968,2.278491087410759,-8.05996636289599,2.769125800075211,-3.3671529425326647,-4.308313064600684,280.30017626449774
364,25,5.774290039370002,-3.9695187590195116,1.8159395323946346,-15.553086396035606,2.278485975377426,-8.065853287544051,2.7691471584815663,-3.3671617547589916,-4.3083538041733656,280.3001531508841
364,26,5.774290402777521,-3.969552700766371,1.8163237343238356,-15.58717411362194,2.278522258084046,-8.065351142020692,2.7691866271274854,-3.367177321113649,-4.308428605279864,280.30020933299886
364,27,5.7742985977935275,-3.9695882143158796,1.8158941616941966,-15.576924219818036,2.2785014464730504,-8.06790718433002,2.76912462186874,-3.3671493247860864,-4.30836520148638,280.300193889879
364,28,5.774267658911412,-3.969597381284897,1.8158246931180837,-15.590288518807089,2.278460751178931,-8.06531489673299,2.7691300557607508,-3.3671443417976232,-4.308343715161983,280.3001908122512
364,29,5.774291156520429,-3.9695897606618984,1.8155482402308116,-15.602082136484807,2.2784809117091056,-8.058368612149676,2.769139273477584,-3.367156384852389,-4.3083962225014725,280.3002037754625
365,0,5.774289203851879,-3.9694206574509443,1.8161164222558204,-15.618475189388269,2.2785654328036316,-8.067124291047277,2.769116601547602,-3.3671605873402437,-4.3083537187868375,280.3001881749055
365,1,5.774276366456747,-3.9696239601485375,1.8160624933368334,-15.559622646396436,2.2785465495768724,-8.081919505073554,2.769224706858364,-3.3671699828389885,-4.308454929124463,280.3001668787653
365,2,5.774286825051612,-3.9697183971847934,1.8157611964535363,-15.574938600424243,2.278486182877107,-8.073069509900908,2.7691755752194456,-3.36716858257989,-4.3084589805007765,280.3001884959747
365,3,5.774285602995187,-3.9697892691506924,1.8158431459006972,-15.59779855609537,2.278568083465013,-8.076223781571404,2.7691989907335746,-3.367179763246981,-4.308429767806677,280.30024280611707
365,4,5.7742664506237125,-3.969499014870121,1.8159791714198485,-15.568767836794802,2.278515983940835,-8.064115085406058,2.7691440970906176,-3.3671570839165534,-4.308324624628247,280.300184230848
365,5,5.7742809813556555,-3.9695141747797087,1.8160872416009366,-15.588632435564998,2.278534170459646,-8.066354367790256,2.769169259916805,-3.3671555975817165,-4.308369252776213,280.30015737452703
365,6,5.774294423106046,-3.969661990477211,1.8161224412697132,-15.577263339848406,2.278559909659548,-8.072109233707199,2.769171635440868,-3.367161556952106,-4.308383232473115,280.3001786230299
365,7,5.774277528674203,-3.9695182768649007,1.815975470837721,-15.605712185244007,2.278490638511808,-8.064618192109437,2.7691469234258728,-3.3671567361262,-4.308390695140708,280.3001423834781
365,8,5.774286843337568,-3.969625217639564,1.8162248630332891,-15.560464755493587,2.278551855465247,-8.075981279104196,2.769178588008436,-3.3671554515279927,-4.308375927957977,280.3001835003206
365,9,5.774288865440443,-3.969687278998573,1.8159200745259698,-15.601450447320858,2.278540244370795,-8.072443070748795,2.7691897689898264,-3.3671661832425306,-4.308433673137134,280.300154340314
365,10,5.774294285154524,-3.969391912900184,1.8158740423900552,-15.623383193892936,2.2785118828044455,-8.062652835261057,2.7691292539001053,-3.3671687200616494,-4.30836196809221,280.3001711092193
365,11,5.774300993655409,-3.969544140439474,1.8156565270109692,-15.571410213351214,2.278517945667112,-8.062894371412265,2.769116122094269,-3.3671602960082216,-4.308415691001669,280.30019897273155
365,12,5.7742780906689015,-3.9694003346170463,1.8160711829783145,-15.586499302500954,2.2785204514614965,-8.0632895166104,2.7691175360382867,-3.3671492037621022,-4.308290420012332,280.3001866912823
365,13,5.774290023817881,-3.9697150845993274,1.8160271210191394,-15.583788261765958,2.2785390725443913,-8.075486342915958,2.7691814544473488,-3.367160760973993,-4.308410459201126,280.30015052603324
365,14,5.77430420429747,-3.9696063098130905,1.8158783864710213,-15.557249891183279,2.278541103180745,-8.063932373276636,2.769131838786057,-3.3671466828883023,-4.308336709882145,280.3001816727358
365,15,5.774296419229547,-3.9699272058404764,1.8157114268585337,-15.577707744984975,2.2784778396953667,-8.067897068424617,2.769149576637064,-3.3671549365171964,-4.308404425048805,280.3001817623302
365,16,5.77428118797185,-3.9696588237610415,1.8161099528604088,-15.586413182346842,2.278479637720962,-8.072816131001467,2.769153060838155,-3.367152586396584,-4.308366205992373,280.30018127944743
365,17,5.774278971169088,-3.969532373841777,1.8159925699283586,-15.593339763288615,2.2785330769109176,-8.07136650632995,2.769164034561578,-3.3671605784380554,-4.308390194791316,280.30017755946335
365,18,5.774304491155623,-3.9697478333379093,1.816279468608933,-15.574613267326058,2.27855685933951,-8.075184363032667,2.769155878428198,-3.3671621717748836,-4.3084191042474815,280.30019059353134
365,19,5.774289108730423,-3.969678948343299,1.8161759349468967,-15.567731458368655,2.2785556670890146,-8.074879430913548,2.7691769985045553,-3.367160287589581,-4.308358927414844,280.3001780941928
365,20,5.774288627958159,-3.969543856814236,1.8162816381081228,-15.595992390908952,2.2785670248364873,-8.06382072683873,2.7691297906226167,-3.36716611372349,-4.308295151279325,280.30022558971393
365,21,5.7743003083849995,-3.969581311397046,1.8163676002525808,-15.572626592484593,2.278524043219947,-8.070928752137348,2.769131107217071,-3.3671579224324604,-4.308359365718342,280.3002073494339
365,22,5.774290881980428,-3.969552736097316,1.8157775121262958,-15.598914622255451,2.2785208568821007,-8.07450183900374,2.7691451349674563,-3.3671524629963336,-4.3083802766916355,280.3001626869112
365,23,5.774294752117359,-3.9695952219541333,1.8163239000284963,-15.553434664302099,2.2785143216861323,-8.072635877757971,2.769179503840493,-3.3671730841639937,-4.308445979386162,280.3001916806187
365,24,5.7742740708961025,-3.969291415602865,1.8160180289826564,-15.586783807877998,2.2784627288429533,-8.064453894954813,2.769147048769464,-3.367162234804731,-4.30832419847437,280.3001610107139
365,25,5.774296087542295,-3.969597500415395,1.8159752449864524,-15.555324964902557,2.2784534972351187,-8.070694542123949,2.769131338169194,-3.3671465243064795,-4.308397844618246,280.3001635488975
365,26,5.774278429008293,-3.9694923615180575,1.8158127246310958,-15.592339063218821,2.278526406062637,-8.06966903960389,2.769164930988857,-3.3671556419750237,-4.308375557499919,280.3001938460918
365,27,5.774304933628087,-3.9696949136393163,1.815706881679489,-15.58946105567926,2.2785264958144484,-8.06702985034156,2.7691272024322338,-3.3671516373956014,-4.308365100158138,280.3001804053433
365,28,5.774282399352387,-3.9697198564112144,1.8160909290563645,-15.601729482556815,2.2785357446105934,-8.07210108085023,2.7691485884754217,-3.367150953381077,-4.308341537014114,280.3001519571018
365,29,5.774281902189157,-3.969554041076277,1.816139375725064,-15.562899109244583,2.2785104019732887,-8.065444765721573,2.7692004703553974,-3.3671673587010873,-4.308437457114467,280.30017509226275
366,0,5.774283350610338,-3.9695692834430307,1.8159866702529095,-15.63023436195284,2.278518973428838,-8.066057452395512,2.769156204157399,-3.367167192328393,-4.308380033160129,280.30015563805205
366,1,5.77427287978362,-3.969589231111238,1.8157944456314778,-15.573330261926829,2.2785259495039014,-8.072550950275902,2.76914773885071,-3.367147385436291,-4.308370281822239,280.30021747131275
366,2,5.774275714838234,-3.9692372535605593,1.8156220554600477,-15.637200390045612,2.278525919574661,-8.062508585710733,2.769150560265546,-3.3671602159802467,-4.308359791556636,280.3001701976036
366,3,5.774269629846621,-3.9693572493054647,1.816019870887299,-15.593977439317733,2.2784966210397912,-8.074137542500255,2.7691712346331268,-3.3671628477234368,-4.308372841503281,280.30018336451525
366,4,5.774282464296931,-3.969781764743847,1.815874186642628,-15.59503240698088,2.278522192753365,-8.077566016202214,2.769167671623906,-3.367140455784119,-4.308359178458955,280.30020258675853
366,5,5.774280394338339,-3.969337622973696,1.8161961703690779,-15.566758171547473,2.2784881998154036,-8.070318679441378,2.7691352764709025,-3.367158895983151,-4.308394275530053,280.3001940848766
366,6,5.774268932267729,-3.9693349511399765,1.816405251495767,-15.615218467798393,2.278486321311374,-8.069681123426076,2.7691750881345305,-3.367179087101153,-4.308445608573596,280.3001965682016
366,7,5.774285438663469,-3.96946863337026,1.815988091845527,-15.582319139574155,2.278528771348276,-8.067402187986971,2.7691681847822167,-3.3671640240477605,-4.308404397389887,280.3001554403985
366,8,5.774291373587101,-3.969521504798965,1.8156955509221748,-15.572546027952686,2.2784822942700442,-8.071109015722998,2.769129581083525,-3.3671454451882274,-4.308348055742693,280.30018788268893
366,9,5.774285993522508,-3.9695058697446344,1.8158782573444139,-15.60607343405929,2.278536760190342,-8.067958537167739,2.7691562756164974,-3.3671669115510436,-4.308363720830961,280.3001966302645
366,10,5.774275596021061,-3.9696140955955315,1.8162248590529515,-15.579726696990033,2.2785149319707068,-8.073220744804349,2.769190823995319,-3.367163960497177,-4.308433851494548,280.30017867504904
366,11,5.774282449069405,-3.969472530219904,1.8160451345883264,-15.590247698042027,2.278471460827856,-8.056148327624753,2.7691133154695295,-3.367149897555561,-4.308343518739618,280.3001728139669
366,12,5.774261951651178,-3.9697485580520535,1.8158625840100666,-15.606218967658748,2.2784751532324834,-8.065129768728978,2.769158751930923,-3.367160045299875,-4.30840862114071,280.3001897986901
366,13,5.774284290357142,-3.9695546589945776,1.815884158615424,-15.6015987457416,2.2785319179821286,-8.07379774021155,2.769166387382148,-3.3671540100876274,-4.308369095620894,280.3001893789123
366,14,5.77428337123633,-3.9696735704233643,1.8163355124460898,-15.589914124236332,2.2785422390633143,-8.081264373449512,2.7691639033156874,-3.3671518946100867,-4.308359562571227,280.30014273206575
366,15,5.774287831290163,-3.9696276775201893,1.815732415530122,-15.59317473258928,2.2785251072998216,-8.067034428180035,2.7691680434192283,-3.3671766566614587,-4.308365412072825,280.30019615071524
366,16,5.774292437225456,-3.9695920649576313,1.8162313719277792,-15.594858518885687,2.2786209630243928,-8.070392542500565,2.7691595963439632,-3.3671642105114836,-4.308346153120664,280.3001597743031
366,17,5.774294257623728,-3.9696578892242185,1.8156798082502605,-15.618163677062268,2.278506754791884,-8.07113516202602,2.769135556490156,-3.3671551386570235,-4.308458093211899,280.30019464665486
366,18,5.774289267842598,-3.969504917616744,1.81594137772136,-15.580676809073305,2.2785670832243676,-8.05996229045945,2.7691766400339204,-3.3671719884159343,-4.30841344391193,280.30015612422727
366,19,5.7742811076702845,-3.9693440533712985,1.815772202835425,-15.611949907780152,2.278519150800397,-8.065497243925552,2.7691170248715937,-3.3671584488633934,-4.3083674389897855,280.30017852657795
366,20,5.774281625064298,-3.9695555054740908,1.815928011563488,-15.598912163428217,2.2784953554677343,-8.066580255339874,2.7691501948057846,-3.3671602898300623,-4.30831847391566,280.30014453465213
366,21,5.774279759075124,-3.969689823066918,1.8159938792734287,-15.586054904181157,2.2785201175981715,-8.06695266735904,2.7691927089901234,-3.3671625724356002,-4.3084074797561955,280.3001845079358
366,22,5.774283955884642,-3.969474461054689,1.8157446312338816,-15.615919077662953,2.2785631032788323,-8.059763916350605,2.7691638968922967,-3.3671681758163956,-4.308378198769207,280.30019065942486
366,23,5.77429263357977,-3.9696483492229406,1.8160157761838012,-15.582694472897643,2.2785220010181706,-8.075433893066133,2.7691622379649754,-3.3671601875313013,-4.308380218460733,280.3001497475499
366,24,5.774276747164715,-3.9695891042344638,1.8160572893120857,-15.573799110985625,2.2785253632204903,-8.077688334628006,2.769171146736954,-3.3671590466371693,-4.3083912080730755,280.3001733464562
366,25,5.774290568040129,-3.969499973661331,1.815850659370477,-15.622317821278395,2.2785170293733112,-8.065646784898307,2.769124963469445,-3.367155743851041,-4.308358259398478,280.3001837869271
366,26,5.774278867798124,-3.969616046822178,1.8161722299483323,-15.574855653156112,2.2784632479494626,-8.066933224014791,2.769171793239616,-3.3671553457291004,-4.308425127190042,280.30019267130444
366,27,5.774289479885796,-3.96969052578579,1.8157597056678638,-15.601901765209332,2.2785266720848583,-8.071520685699664,2.7691678769097945,-3.367161618670964,-4.308429551990957,280.3001742009682
366,28,5.774296254420807,-3.9696307347550044,1.8157669319060863,-15.58483070741066,2.2785121472834104,-8.067808153823806,2.769157903304052,-3.3671560693226668,-4.308391586089732,280.3001601276783
366,29,5.774277680841092,-3.9693310760469096,1.8156455740061155,-15.600874652031347,2.2784507969611485,-8.060781224548544,2.7691449109392314,-3.367156949799067,-4.30837423887258,280.3001543943036
367,0,5.774265598262392,-3.969374360036346,1.8159553350712812,-15.612735964104754,2.2785106771953587,-8.06610134991544,2.7691984669962357,-3.367162998795223,-4.308386740424131,280.30017093040146
367,1,5.774279461022988,-3.9695255627956554,1.8159812522879126,-15.579039076834428,2.278470796625621,-8.072238348411684,2.769179404009949,-3.3671625260591105,-4.3084393211097565,280.3001699135748
367,2,5.77427961794086,-3.969580792964622,1.8156220430457468,-15.623172257163283,2.278524322244472,-8.066440628677308,2.7691563027295882,-3.3671557662785516,-4.308387249982613,280.3002150489897
367,3,5.774271442268801,-3.969425389164226,1.815666981643937,-15.619232345793703,2.278533877102207,-8.06881220398788,2.7691586252485356,-3.3671677353464204,-4.3083365257405495,280.30020331180924
367,4,5.774279008652841,-3.969418171750267,1.8159049799333142,-15.58944507095122,2.2785282830779496,-8.065155715415209,2.7691439855677897,-3.367165951344182,-4.3083161937969,280.3001707575877
367,5,5.774283525328089,-3.969287597866416,1.8158083349865424,-15.603905060176636,2.2785553413220545,-8.063269266990288,2.769142347427857,-3.3671616900281944,-4.308320231400221,280.30018608507976
367,6,5.774275726343271,-3.9695699728789515,1.8158909513648167,-15.609942977423332,2.2785221790655257,-8.074276278763737,2.7691829675535318,-3.367161241764824,-4.308407930303302,280.30017772788574
367,7,5.7742912373242925,-3.969554957409773,1.8162983133905282,-15.590371039424275,2.2785488067121387,-8.066537377744126,2.769178888414375,-3.3671628303449594,-4.308392651974445,280.3001813986318
367,8,5.77427445621602,-3.9694839295744377,1.8162308402881948,-15.581130487903664,2.2785149419246205,-8.08065651550239,2.769207800706264,-3.3671658180999744,-4.308433096267444,280.30019454383734
367,9,5.774283454611823,-3.9696181038272362,1.8162650152276514,-15.582501117925496,2.278497709084825,-8.077293322883653,2.769186396313544,-3.367158025262676,-4.308454766042047,280.3001560932525
367,10,5.774293131332917,-3.9698320118575148,1.8162110175271664,-15.573106946672665,2.278568308509297,-8.075952093329335,2.7691753855482406,-3.3671635141273044,-4.3084109061166584,280.3002175500426
367,11,5.774275873162938,-3.969682380429365,1.8159982454509311,-15.591857697298796,2.2785302626060018,-8.073037337577643,2.769229222107904,-3.3671687191588986,-4.308477154253351,280.30019333495756
367,12,5.774297092167206,-3.969457342558143,1.8160808242641602,-15.587684317584307,2.2785095462375495,-8.072828083778392,2.7691560423561783,-3.367155661490095,-4.308398645124134,280.3001427528561
367,13,5.774286951735665,-3.9698130428282776,1.8159912100487452,-15.564368845788495,2.2785500169785826,-8.070976426921726,2.769150125465849,-3.3671480456728866,-4.308360541992887,280.30015620585124
367,14,5.77429946994149,-3.9694735732312227,1.8157642309918656,-15.602478473551752,2.2785093687849343,-8.074580075450072,2.769177394229532,-3.3671744693173196,-4.3084572814419895,280.3002158340548
367,15,5.774280320824545,-3.9695312366007376,1.8157044091584138,-15.587157920504094,2.2785369262136146,-8.066904504962276,2.7691849843347476,-3.3671713497346687,-4.308374515815898,280.30019128871464
367,16,5.77429290110334,-3.969597388353707,1.8158328405737088,-15.579571234301383,2.2785298213332443,-8.069820902680858,2.769159446586688,-3.367155316921489,-4.308360170129124,280.3001694791622
367,17,5.774295347171576,-3.9695909602803985,1.8163400414694428,-15.595983856233829,2.2785960733557786,-8.077873976855244,2.769205825546715,-3.3671601686250727,-4.308425340369262,280.30020196238786
367,18,5.774285227762454,-3.9694300435182703,1.8158609518000266,-15.621804433178552,2.2784978651344687,-8.06497987388849,2.769146939238296,-3.3671613013769286,-4.308391574489369,280.3002051868824
367,19,5.774271638814838,-3.969560787963519,1.8159674114901379,-15.605919069416077,2.2785555654314824,-8.068245238803904,2.7691991569589174,-3.3671603067034255,-4.308343537157074,280.3001782198636
367,20,5.7742708267438765,-3.9694694399503314,1.8158286918542177,-15.59352687103121,2.2785287005030965,-8.078472857526762,2.76919993322826,-3.3671697067819957,-4.308394009549003,280.3001932749081
367,21,5.774276443320075,-3.969417709560897,1.8155881472517237,-15.605311461163176,2.278551347581951,-8.066915904812516,2.769177611363944,-3.367163946615752,-4.308347213862855,280.3002110614648
367,22,5.774279119185181,-3.9697192824941707,1.8161190465105717,-15.612071103778797,2.2785349948574294,-8.072590161625289,2.7691897260166303,-3.3671727825969584,-4.308460112261316,280.30018444649625
367,23,5.7742822817520585,-3.9695628782191945,1.8160426674680472,-15.57762536314001,2.2785351371662963,-8.070238458172634,2.7691630135090786,-3.367160916671554,-4.308341000138489,280.30014376903716
367,24,5.774271146588022,-3.9697037736905636,1.8159908899668462,-15.59476489386409,2.278528113241537,-8.07464536504955,2.7692105110643532,-3.367163620537298,-4.308390929134928,280.3001749231805
367,25,5.774271215052613,-3.969450596738083,1.816112254200541,-15.61543687575514,2.2784791283109063,-8.070424807533648,2.7691393987791604,-3.3671588324742787,-4.308308685854834,280.3001837429578
367,26,5.774284803162473,-3.969607157135408,1.8158566235244462,-15.609432787435862,2.2785088830104745,-8.067512927671377,2.769159420957355,-3.367160465594297,-4.30836748699836,280.3002072309874
367,27,5.774282271552048,-3.969490764569232,1.815953117126069,-15.599598925874535,2.278547502817441,-8.071201761695887,2.7691871399374675,-3.367162388618717,-4.308359789450677,280.300156054632
367,28,5.774277479808975,-3.969506883438627,1.8158443150364485,-15.624757543817767,2.278496176193183,-8.067140271407514,2.7691112728680385,-3.3671522314419255,-4.308334359787712,280.3001774685571
367,29,5.774296829669141,-3.9694993874310724,1.8159802419757634,-15.627795267609358,2.278567537611267,-8.0677244434806,2.769140224522419,-3.367152650999798,-4.308322028310322,280.3001718784682
368,0,5.774293553115762,-3.9697213186553855,1.8160183294724583,-15.582835567525027,2.278587471173047,-8.085027786695123,2.7692163814803443,-3.367161319719186,-4.3084426562435585,280.30017281664584
368,1,5.77428162545193,-3.969504038554744,1.8158763894402838,-15.608612173569544,2.278588548137974,-8.075852269849799,2.769202530817755,-3.367162678593951,-4.308329759583329,280.3001692399225
368,2,5.774283959979346,-3.9695888323238964,1.8159564819622092,-15.57716486717173,2.278504059026978,-8.07240161810122,2.769150141751777,-3.367155700211276,-4.308361281647737,280.30015492453987
368,3,5.774300487732914,-3.9695729585788895,1.815848503729322,-15.626396982938543,2.27847025383679,-8.07271352020825,2.7691047099315242,-3.367152040282428,-4.3083995485937345,280.300192231991
368,4,5.774267016688662,-3.9693228551151503,1.815984875073184,-15.594279375875297,2.2784687782931696,-8.07163924385975,2.7691923520063693,-3.36716347236312,-4.308407086969492,280.30018994896017
368,5,5.774283517026391,-3.969450878084008,1.8161467464379095,-15.586985694235402,2.278571672184816,-8.07587807066479,2.7691727596325526,-3.3671624855936293,-4.308353197077449,280.30016023427305
368,6,5.774303005562115,-3.9696796077394545,1.816056910924986,-15.593039134342,2.278539520819718,-8.083999084111733,2.7691501657223063,-3.3671474952136746,-4.308332012048673,280.3002271237081
368,7,5.774294434386882,-3.9697173328833504,1.8160510784352926,-15.614337269500199,2.278478158306431,-8.063488131973612,2.769134773589502,-3.367153244213754,-4.308393351554717,280.30016600236263
368,8,5.774281835234201,-3.9697023785896466,1.8161122302372243,-15.578438139206824,2.2784922969891936,-8.072586037259214,2.7691642350806576,-3.3671598810696883,-4.3083583466635185,280.3001813558991
368,9,5.77428378810615,-3.9696512538123527,1.816032047961596,-15.596413692334236,2.2785409892790818,-8.066274084128933,2.7691602784488456,-3.367160146174312,-4.308373455308057,280.3001436432718
368,10,5.774292206440096,-3.969691373600506,1.8161284391879882,-15.551024758488447,2.2785771205064322,-8.069424133558178,2.7691848308219464,-3.3671613156221576,-4.308393749147502,280.3001666818311
368,11,5.77428256379325,-3.9693838017219627,1.8160888851057486,-15.597927963225073,2.2785602092952773,-8.069651878329674,2.7691715780463393,-3.367162758303012,-4.308358069787573,280.300150066449
368,12,5.774277456285227,-3.9695163046642086,1.816216310776245,-15.589759911521664,2.2785042422635065,-8.075184312187021,2.7691597944500286,-3.3671614795281517,-4.308392711672294,280.300185171987
368,13,5.774271316700529,-3.969685729777634,1.8162332854904568,-15.559802209769368,2.2785173471818565,-8.075990386861582,2.7691893952494575,-3.3671646223941356,-4.308414530084915,280.30019407880764
368,14,5.774288840432072,-3.969631488523376,1.8159422620310208,-15.612395081641225,2.27850016546656,-8.074771772990124,2.769114563137964,-3.367142950468728,-4.308355956980383,280.3001432433226
368,15,5.77428030558053,-3.969545638335903,1.8158509832246603,-15.618826438040523,2.27853317470099,-8.069645032067863,2.7691454043334405,-3.3671505411841647,-4.308343982262404,280.3002143675462
368,16,5.774298922144007,-3.969672116209415,1.8159662853865517,-15.575645397075663,2.278513780600671,-8.07428862343086,2.7691664917664394,-3.3671660329544046,-4.308453858758752,280.3001718917464
368,17,5.774296269265949,-3.9699003793525445,1.8158538469974697,-15.608744991466983,2.2785635438335494,-8.06863765081917,2.769164609204981,-3.367159748015059,-4.308362219597547,280.300146228751
368,18,5.77429455199168,-3.9693219323989086,1.815979849492048,-15.596720745823523,2.27853160127727,-8.067760543092216,2.769126839943921,-3.3671508266215953,-4.3082988310174555,280.3001510401341
368,19,5.77428115767781,-3.9695399662832074,1.8159298834594766,-15.592581550575794,2.278570295398102,-8.069810011454207,2.7691663348458273,-3.3671597060302205,-4.3083427994827,280.3001853345139
368,20,5.774286419465461,-3.969535992414983,1.815970960406035,-15.584246005238594,2.2785121832935307,-8.075988718504588,2.7691899539204354,-3.367167650354751,-4.308460722931506,280.3001785873394
368,21,5.774288337355528,-3.96939911651369,1.8160056301032454,-15.597277124329127,2.2785220285113144,-8.073182905141167,2.769124315111444,-3.3671560856949423,-4.308364761024184,280.3001504042395
368,22,5.774288416569204,-3.969494610966149,1.8158206364687315,-15.626904281919145,2.278548126406598,-8.065121329749072,2.769143681195365,-3.367154281462557,-4.3083445570712975,280.30020210040857
368,23,5.77428884992476,-3.9694292125106507,1.8158287603760757,-15.580128717960134,2.2785642757382956,-8.072041478433347,2.7691968401467135,-3.3671663260498095,-4.308372452553274,280.300185082807
368,24,5.774293811179582,-3.969644542352747,1.8159729418254993,-15.583796205008404,2.278561248540797,-8.076164487262385,2.769150969366604,-3.3671542057851616,-4.308301195522046,280.3001616914207
368,25,5.774283139446986,-3.9694896211265243,1.8160546613834199,-15.5822846209386,2.278541231372324,-8.075411158810413,2.769204923839012,-3.3671615559457684,-4.308402302247731,280.30018513883147
368,26,5.774281705023591,-3.9694803794341547,1.8159894597405424,-15.600309901646694,2.278519764483519,-8.065507548147226,2.7691269396605174,-3.3671561953190605,-4.308303450227823,280.30018831317057
368,27,5.774285241917405,-3.9695926450843784,1.8158099503521588,-15.57321775812505,2.2785321370634115,-8.070309791804393,2.769179163408347,-3.3671604405099163,-4.308343957844598,280.30021300427865
368,28,5.774287105647468,-3.969498287941922,1.8161618768610226,-15.584603177596053,2.2785477959046427,-8.073805011427314,2.769173163001569,-3.3671607857565053,-4.308380658729838,280.30017550615435
368,29,5.774291738286016,-3.969521076436535,1.8160794486405911,-15.58660585705883,2.2785368312510106,-8.076297180742747,2.769183951951533,-3.36715985095896,-4.3083809056626965,280.30016691357054
369,0,5.774270046167939,-3.96988975961918,1.8159214594515194,-15.59214799046282,2.278512828895431,-8.071201242517668,2.7691876973427245,-3.3671624801270013,-4.3083659226993385,280.300205568092
369,1,5.774281294420655,-3.969462031020807,1.815751058824469,-15.605884658232208,2.2785692021656656,-8.068336171287845,2.7692093720225524,-3.3671751918823154,-4.308399128652649,280.30020638426544
369,2,5.774296821137212,-3.9696379782604168,1.8160196557430484,-15.587653557516266,2.2785061735035597,-8.069304561137937,2.7691340138939555,-3.367152402721427,-4.308366664531617,280.3001839243274
369,3,5.7742885707688965,-3.9695962640282625,1.815918074551416,-15.612361568486461,2.2785123441405197,-8.069280427610803,2.7691488158653907,-3.367157605540503,-4.308365903195292,280.30014124368216
369,4,5.774280965701183,-3.9694762464225133,1.8161698465860816,-15.607053627227,2.2785684759071665,-8.071223663539028,2.769152355404668,-3.3671626802372585,-4.308365561767556,280.30017414423185
369,5,5.774283894276684,-3.969549518306105,1.815861106951342,-15.604906174467848,2.2785389463012504,-8.07152145122919,2.769127800069598,-3.3671544205331907,-4.3083229586747445,280.3001789529378
369,6,5.774288832380553,-3.969561973551759,1.815869181317203,-15.614968931503311,2.278481948333158,-8.070403413052675,2.769137553394272,-3.367149932085912,-4.3083772092308825,280.30016925018685
369,7,5.774280138158517,-3.9695084976325905,1.8158761176734406,-15.600732499299488,2.2784835551022646,-8.069785663450551,2.76915068355413,-3.367160643896273,-4.308424707795616,280.3001846865676
369,8,5.774299477008993,-3.969901047930286,1.8160321025184738,-15.582428067195092,2.278574572944628,-8.07477430260659,2.769188692313112,-3.3671586015845176,-4.308424837086501,280.30016508889855
369,9,5.774282645562039,-3.969562895078498,1.816175298077894,-15.607343705377652,2.2785237603898025,-8.077163694635342,2.7691597896063658,-3.367146848766288,-4.308369318662694,280.30016448239815
369,10,5.774295832923412,-3.96967943029626,1.8159931052838723,-15.584181855302537,2.278546506969977,-8.074483949811173,2.769130279958143,-3.3671443245539856,-4.308366542915728,280.3001547860704
369,11,5.774300102539854,-3.969625951341167,1.815956584525707,-15.59683046837773,2.2785271454014087,-8.071822245608299,2.7691225283570575,-3.367142257785545,-4.30837447524979,280.30019313542937
369,12,5.7742869236790915,-3.9695501581240933,1.81594200570095,-15.586405595492282,2.2784960766303315,-8.073464389174065,2.76916047066226,-3.367159058759931,-4.308399328778761,280.3001696545514
369,13,5.774289144455186,-3.969649850447162,1.8158889575210773,-15.599059534009838,2.278491371943136,-8.075644578089928,2.769140342239847,-3.3671488238207594,-4.308382417014111,280.3001575254526
369,14,5.774290980363404,-3.9695200221858205,1.8159574203067657,-15.606534252567355,2.278589278838157,-8.077126518385299,2.7691699752161716,-3.3671546130810013,-4.308363272018096,280.3001771995624
369,15,5.7742873836186295,-3.9697238852524883,1.815956729443915,-15.581487337331968,2.2785364582025,-8.076629844243138,2.769127189182259,-3.3671505332924423,-4.308310430354394,280.30016978382355
369,16,5.774298441408176,-3.9695816051060966,1.8159284062855598,-15.601767369798004,2.2785568997661856,-8.065128246963297,2.7691526723961015,-3.3671612947633274,-4.308363757096305,280.3001631545819
369,17,5.774303607444896,-3.969700847826486,1.8156086267984153,-15.61686265336149,2.2785221378308154,-8.067679258116707,2.7691157259366785,-3.3671456874889345,-4.308328658734795,280.3002154886913
369,18,5.774281575754579,-3.9695327605749973,1.815936973855914,-15.602322746112089,2.278516567904406,-8.065295865648192,2.769152240186597,-3.3671565768799296,-4.3083702055747,280.3001814632497
369,19,5.774270785897649,-3.969564233705405,1.8159219088387333,-15.59620947012861,2.2785471385208553,-8.063037628622537,2.7691496434753535,-3.3671559123033314,-4.308335818185544,280.30016609702255
369,20,5.774286166573338,-3.969617447520734,1.8159690858985489,-15.592903384051683,2.2785668295921426,-8.069482438504942,2.769151698895044,-3.3671491375729983,-4.308316789297502,280.3001700023839
369,21,5.774279099615548,-3.969627560396427,1.8159505137694618,-15.60811565753328,2.278500218699621,-8.072154615000153,2.7691550629455035,-3.3671592643173436,-4.3084058980970665,280.3001809484772
369,22,5.774292549257098,-3.969434462166908,1.8159641556133796,-15.595915078521013,2.278518393989393,-8.065557150048352,2.769124724117451,-3.3671566922734173,-4.308343153077396,280.3001547371083
369,23,5.774279038192923,-3.9696881697204347,1.8161497852952138,-15.595400773800083,2.2785264932160474,-8.078723638649626,2.7691410594333736,-3.3671539352420616,-4.308367096630128,280.30016017314904
369,24,5.774285214214557,-3.969639302751294,1.8160843606261896,-15.601732542052016,2.2785019752042044,-8.069621975228577,2.7691300588001364,-3.367150903014111,-4.308361329209805,280.3001860921837
369,25,5.774294402446442,-3.9695178636044437,1.8158392916452721,-15.58724526973918,2.2784724335171562,-8.06806557521427,2.76915985477235,-3.3671619179962793,-4.308384036543672,280.30014211494165
369,26,5.774282786205042,-3.969738870399922,1.8158898471210254,-15.58890569469356,2.2785225477722637,-8.079133258637711,2.7691601959801573,-3.367148878463789,-4.308382104125601,280.30017644132533
369,27,5.77429123110827,-3.9694844143041785,1.8157800184889936,-15.62945021173799,2.278547981391324,-8.068054789193322,2.7691193660838946,-3.3671515857339633,-4.308325889426109,280.30016712906246
369,28,5.774295270949191,-3.9697411600911545,1.8160478396317001,-15.601576295438857,2.2784960213126437,-8.078726780624114,2.7691589238510423,-3.36715291396269,-4.3084307868279295,280.3001679025891
369,29,5.774286439521338,-3.9696721515002786,1.815804606472824,-15.626668507804204,2.2785467238752304,-8.075510474387203,2.7691712587774866,-3.3671563882262556,-4.308403130566636,280.3001980983538
370,0,5.774294587953723,-3.9695838864307937,1.8158765080313697,-15.592926988173607,2.2785054965299962,-8.064538883427653,2.769152280015261,-3.367157332564956,-4.308370086321687,280.30015377970943
370,1,5.774283297993421,-3.9695333293273594,1.8161614695414523,-15.576863078793425,2.2784904155598964,-8.07302140613388,2.769180066169292,-3.3671644033369756,-4.308358099658504,280.30015728051194
370,2,5.77428675307643,-3.969748800153776,1.8161863111320802,-15.589723644969098,2.278514045474245,-8.079726921752693,2.7691623461985,-3.3671559973963276,-4.308388041987993,280.30020265890766
370,3,5.774289666319863,-3.969477125976978,1.8158980611213094,-15.57428344457372,2.2784953629074485,-8.069690727806915,2.7691486955266837,-3.367149371190282,-4.308360647930856,280.30016521053506
370,4,5.774286238923248,-3.9697005691837886,1.8163424640257853,-15.602304338099568,2.278519817940487,-8.082807919845445,2.7691722866047432,-3.3671500230367077,-4.308400036781305,280.3001862876485
370,5,5.774282091830054,-3.969585102217693,1.8158805768321442,-15.59785488361705,2.2784927429347617,-8.070749493313409,2.7691481131371627,-3.367158038179582,-4.308385988565189,280.30015186218463
370,6,5.7742927235992365,-3.9694404898453715,1.8159813434220715,-15.562551431950252,2.2785186687471737,-8.069206978972908,2.769145122137523,-3.3671521145948105,-4.308365962037091,280.30014687655574
370,7,5.77430465918302,-3.969586635910565,1.816079841140453,-15.598579772195626,2.2785619988807073,-8.071129574703562,2.7691665963270404,-3.367158234779575,-4.308413407368422,280.30016839958284
370,8,5.774289381475512,-3.9697817906293085,1.8158013706869434,-15.596968860719098,2.2785101269575345,-8.067349944358984,2.769144887467117,-3.3671564535012823,-4.308377633456547,280.30018235074016
370,9,5.7742955886970355,-3.9695925733949773,1.8157944862578361,-15.596549334161129,2.278545480816348,-8.067645617563723,2.7691652743483313,-3.3671548928949133,-4.30837726453115,280.3001549330086
370,10,5.774286368524923,-3.96963336743195,1.816044889812779,-15.598071765477563,2.2784867074168265,-8.075403452712326,2.769153949667329,-3.367150245201671,-4.308367850286532,280.30016730196286
370,11,5.774286595243358,-3.969445841757786,1.8159711806292338,-15.60436791636686,2.2785289409002183,-8.068123540656844,2.7691605840183597,-3.367163523816521,-4.308349880465942,280.3001761324153
370,12,5.774291411528539,-3.969751323178023,1.8160499348109618,-15.601594218319741,2.278493206106883,-8.078916015782164,2.7691225568869666,-3.367145820493433,-4.308378257700706,280.3001536607311
370,13,5.77428051523975,-3.9695254055148745,1.8157235160951755,-15.606645072930691,2.2784380434294227,-8.066319264111701,2.7691306376618434,-3.367158060004755,-4.308396944730369,280.30015977627465
370,14,5.774293760649599,-3.969716716420257,1.815999663123113,-15.577498137356802,2.2785344597584642,-8.074549364077214,2.7691747417421597,-3.367156606805044,-4.308409321712401,280.3001533857598
370,15,5.774290639099796,-3.969284025789227,1.815664701579984,-15.609513001446114,2.278490431579725,-8.060656042701028,2.7691461219164846,-3.367164031798706,-4.308418605692234,280.3001931846882
370,16,5.774291269452707,-3.9696215198611644,1.815630603997848,-15.61441552188299,2.2784596150555614,-8.068901743276022,2.769102207845348,-3.3671513996748805,-4.308373900292176,280.300186840491
370,17,5.774287874792196,-3.9697279009354496,1.8160016577775722,-15.596874605611774,2.2785164153943245,-8.07453111773659,2.7691245579556396,-3.36714827724403,-4.308361648800143,280.3001575559949
370,18,5.77429245888872,-3.969341954570685,1.8159868436120996,-15.589733242665446,2.2785112455492915,-8.072988475522417,2.7691634269276997,-3.3671567560965943,-4.308382105202285,280.3001490385835
370,19,5.774288168493818,-3.9695481544743005,1.8158115391548264,-15.57566156821723,2.278502371904425,-8.06866747594532,2.7691411602223672,-3.3671544634050803,-4.308362553169309,280.3001764733692
370,20,5.774291079997262,-3.969601792792541,1.816108096178184,-15.578162387657631,2.2785860789912746,-8.073809705757133,2.7691513276498014,-3.3671561242428156,-4.308347764270401,280.3001630628397
370,21,5.77428634748871,-3.9695213352834138,1.8161102793236437,-15.610658587021893,2.2785480127074473,-8.076185116051905,2.7691829196084115,-3.367161388478874,-4.308376380317126,280.30019188307625
370,22,5.774297928663776,-3.9694851600316357,1.815888314081341,-15.604858376829686,2.2785462811331585,-8.068142247707986,2.7691318457485035,-3.3671564597180264,-4.308378252657138,280.30015580621284
370,23,5.774288480067273,-3.9696983168321363,1.8159374091308493,-15.581297281547949,2.278491429045929,-8.072467634561741,2.769161172583194,-3.367150862366851,-4.308407777240534,280.3001523431549
370,24,5.774291669205652,-3.9695829674600875,1.8158053193630486,-15.624008737652048,2.278516430426735,-8.071216824041217,2.769182676763958,-3.3671627325247693,-4.308415581256668,280.300169084916
370,25,5.774283212567056,-3.9694651731021167,1.8158885732429433,-15.626301750605068,2.2785192803174916,-8.065834851849994,2.769179400924678,-3.367167913733517,-4.308355651463288,280.30017784432573
370,26,5.774284376314564,-3.9694770345238104,1.816113947195223,-15.590728598162286,2.2785194699051305,-8.06575377057461,2.769156173408237,-3.3671550282260845,-4.308370716911169,280.30018973573965
370,27,5.774285851737267,-3.9695603964315733,1.8159981537733287,-15.58079289504959,2.2785691508386594,-8.068658137872179,2.7691571673190962,-3.3671549317138436,-4.308342419383756,280.3001805438323
370,28,5.774299337204061,-3.969613267485009,1.8158689050507273,-15.578357530315005,2.2785621911440104,-8.068053334225382,2.7691587337922114,-3.36716105544145,-4.308378903501134,280.30017254117723
370,29,5.774287955514576,-3.9694275593755806,1.816111747248694,-15.593347093757854,2.2785312826814135,-8.06709676215629,2.7691465909962516,-3.3671582016901125,-4.30835473565697,280.30018417479295
371,0,5.7742939062417,-3.9696132403245645,1.8161211344136,-15.60015618545836,2.27855735585986,-8.07788959133384,2.7691755949027024,-3.3671578001594957,-4.308408937444343,280.300158993938
371,1,5.774283388266545,-3.969585994748709,1.8161026167624215,-15.5752982277207,2.2784815675337566,-8.075886480586565,2.7691769738499,-3.3671538058627544,-4.30839931127235,280.3001928145223
371,2,5.77429442061332,-3.9695506387257233,1.8160483864813153,-15.586570392456055,2.2785131750124723,-8.074522234795463,2.769156845563212,-3.3671568870181896,-4.30839800870332,280.3001816564879
371,3,5.774288147180862,-3.969444694767288,1.8158442607123815,-15.603967814934709,2.2785507211258276,-8.072334245721581,2.7691279968817915,-3.3671462536945547,-4.308358932189769,280.3002018001205
371,4,5.774286988365802,-3.9696908512936675,1.8158782958899387,-15.574877531619228,2.2785410535251183,-8.07244773736149,2.769163359640608,-3.3671539937957204,-4.308344847005442,280.3001731961654
371,5,5.774300627719205,-3.9693992319165563,1.815944595639797,-15.560125091001916,2.2785075540817896,-8.07081869201364,2.7691344995742018,-3.3671425645165796,-4.308355572500154,280.3002059285127
371,6,5.774294630660602,-3.9694787743294446,1.8158666150856928,-15.578611752496894,2.278462953435966,-8.063054064163659,2.7691447574538217,-3.367155197834856,-4.308404224601374,280.3001586494795
371,7,5.774297352726498,-3.9695236245403467,1.8160793879882529,-15.559421045398468,2.278481632615631,-8.075670633227922,2.769143504345872,-3.3671517779149065,-4.308390977657598,280.3001969119185
371,8,5.77429537132169,-3.9697373895267503,1.8159731229706708,-15.59786171159061,2.2784990026237764,-8.073083332696362,2.769141010409356,-3.3671552267354,-4.308401552282763,280.30018524819127
371,9,5.774288069243067,-3.9694864213641123,1.8158225604399205,-15.587168510289493,2.2785250113458853,-8.071401842489571,2.769121573545414,-3.367145543892416,-4.308292114571294,280.30019603977064
371,10,5.774292659857522,-3.9694951518561576,1.816124246176153,-15.592247000579016,2.278535024263849,-8.075102325049363,2.769142419183478,-3.367150599703691,-4.3083708656490645,280.30016566020214
371,11,5.774288279176662,-3.9695715915474836,1.816031834990774,-15.580644179348313,2.278526072029347,-8.066322348917677,2.7691327794208,-3.367155158061957,-4.308355721899628,280.300159950689
371,12,5.774287638085533,-3.969849198526271,1.8162992024291023,-15.560026595964636,2.278528890941693,-8.080180895113049,2.7691823757515404,-3.367152823502184,-4.308369008669399,280.300181658694
371,13,5.77428697369352,-3.9695237754748587,1.8158641446216235,-15.569348961523676,2.2784950806937005,-8.074832031403645,2.7691576196232264,-3.367149086602095,-4.308349215262949,280.3002077570279
371,14,5.774304073956867,-3.9698675584643226,1.8160289023892942,-15.590798610628637,2.278581149976975,-8.078046439181168,2.7691746916929176,-3.367153929068605,-4.308412087628587,280.30019298192354
371,15,5.774293899249952,-3.9697476744232647,1.8160277396273299,-15.554491443903103,2.278503520961598,-8.071497406217928,2.7691661740134648,-3.3671494526096866,-4.308378912988913,280.30015514562564
371,16,5.77427766523984,-3.969574950147214,1.8160323519006665,-15.555642621468504,2.278498849636396,-8.074392763748627,2.76919176830488,-3.367156869215878,-4.3083955071351685,280.3001835731816
371,17,5.7742962703910505,-3.9695287011744935,1.8160933879578742,-15.588333446256698,2.278509686256586,-8.072713721636326,2.7691299381352867,-3.367145564554822,-4.308349323408299,280.300146188677
371,18,5.774287155450323,-3.969456692857918,1.8160529080303964,-15.591304765194872,2.27849730778426,-8.0721386095803,2.769177735192427,-3.367162686562406,-4.3084307396200945,280.3001758257665
371,19,5.774297621453637,-3.9694342391441815,1.816093929072377,-15.5738314942708,2.2785477512346346,-8.067753094460594,2.7691430380222193,-3.367155911790722,-4.308377334118613,280.3001497585185
371,20,5.774298709649174,-3.9694105810909526,1.815834414233629,-15.608585206237834,2.27852162587792,-8.064444310865577,2.769166079757856,-3.367166032195198,-4.308402382169159,280.3001935342086
371,21,5.774291881077134,-3.969545904101215,1.815983056426497,-15.574592453100799,2.278535258899352,-8.074559223558438,2.769162766194961,-3.3671480061183914,-4.308352323654761,280.3001369998011
371,22,5.774288856350793,-3.96954235056328,1.8160630788854117,-15.601770518510016,2.2784653963845476,-8.071562610148215,2.7691336354240805,-3.3671491134796994,-4.308409198615674,280.3001695723923
371,23,5.774276809304294,-3.969338193713974,1.81630725248466,-15.565857492956605,2.2785205019368453,-8.072262354413782,2.769180671594972,-3.3671595483373626,-4.308366459183155,280.3001911631485
371,24,5.774282592585752,-3.9695273507575233,1.8160653341129869,-15.590053404727142,2.278490971941524,-8.068395413518983,2.7691532749742125,-3.3671632407624204,-4.308390420294371,280.3001480996808
371,25,5.774301593274174,-3.969554247019232,1.8160434333696005,-15.58942108235359,2.2785611023221377,-8.065174443877977,2.7691614596140597,-3.3671564829237264,-4.30837287612342,280.3001644023011
371,26,5.774298483612423,-3.969578027967089,1.8157584022380628,-15.603243856822365,2.278498479009884,-8.069597662743488,2.769128471260321,-3.3671550650262123,-4.30838965776009,280.30016390754724
371,27,5.774293233170968,-3.9697878662392676,1.815985229945561,-15.574474529045787,2.2785394128888603,-8.071998226909457,2.76916984340938,-3.367149997340479,-4.308388105470792,280.30017374692386
371,28,5.7742928924815455,-3.9696349193612037,1.8160753973333654,-15.57368964418142,2.278514224381647,-8.07553826349263,2.7691597549946425,-3.367149710474182,-4.308358186073881,280.3001679738227
371,29,5.774289900107453,-3.969570792890366,1.8158405066937144,-15.601246598774942,2.278557385022218,-8.064351526024561,2.769115072963467,-3.3671530867421002,-4.308284479843534,280.3001814058733
372,0,5.774302565695931,-3.9695786609580486,1.8159785131938742,-15.572657593106127,2.2785335236068027,-8.070658800128255,2.769154194154958,-3.3671508282335596,-4.30836398484118,280.30021439216415
372,1,5.7742865110427575,-3.969561146749052,1.815961271721815,-15.59050104169367,2.2785269456275814,-8.071991481703797,2.769177311099335,-3.367168654328826,-4.308384963755326,280.3001780027646
372,2,5.774295871112327,-3.969618283283518,1.8161613540911927,-15.605445820233141,2.2785414542875437,-8.072064784644766,2.7691452497556823,-3.3671498806493942,-4.308376066661543,280.3001898793741
372,3,5.774292534281054,-3.969486970814803,1.8160363692626962,-15.568019819068377,2.278538850467756,-8.06833108964482,2.769121643827133,-3.3671486079548925,-4.308289045329622,280.300144172548
372,4,5.774272928398331,-3.96963435501965,1.8159843206239041,-15.598763524694968,2.2784680424856574,-8.068734190349517,2.7691495693406316,-3.367148624829042,-4.3083613743203095,280.3001934098355
372,5,5.774291207118672,-3.9694809522452665,1.8159542901712016,-15.60063438063334,2.278511484210106,-8.067400461016115,2.769131541849632,-3.367154129364389,-4.308373128211381,280.3001694753509
372,6,5.774297266762495,-3.969667617070772,1.816276697036961,-15.557880963610735,2.2785521740414887,-8.071951424729491,2.769145255971929,-3.3671465031854555,-4.308354725913891,280.3001973905685
372,7,5.77429697223778,-3.969632265156479,1.8159825571378194,-15.574335782238661,2.278511925221315,-8.073281878756209,2.7691706319562024,-3.3671505569944267,-4.3084078571414866,280.30015897593177
372,8,5.774295710967384,-3.9696660658688248,1.815774874949696,-15.602695704108118,2.2785348980087736,-8.069346086615187,2.7691432304257204,-3.3671487283928174,-4.308396648250321,280.3001860887749
372,9,5.774288751260822,-3.9694936259804523,1.8159914456735058,-15.573485906266965,2.2785024755210284,-8.069527342408335,2.7691688287020493,-3.367159094183952,-4.308401471776123,280.30015585535307
372,10,5.774286706052403,-3.969643319192994,1.815937505889009,-15.601948498412295,2.278494258449497,-8.07899046462897,2.7691769384174294,-3.367149208741901,-4.308409139561911,280.3001985873774
372,11,5.774291315513103,-3.969620944710408,1.81591603265963,-15.588138747134634,2.2785279325093573,-8.071327297732699,2.7691402561481016,-3.367147887536139,-4.308353013020028,280.30015461381527
372,12,5.774280989480408,-3.969418096851895,1.8159484070496503,-15.590469048982802,2.2785530490694925,-8.068994196965239,2.769160116061089,-3.3671601354582443,-4.308352327584221,280.30017372867474
372,13,5.774299993501737,-3.96944099299379,1.816007415858998,-15.576406119205139,2.2785455534559214,-8.066542787628558,2.7691360720168827,-3.367153270028704,-4.308352889213637,280.3001975032371
372,14,5.77428999412736,-3.9694763175483825,1.8160124317599566,-15.6072492533131,2.278503691009833,-8.068258311795438,2.76912519140983,-3.367153406992531,-4.308328002127377,280.30015110363945
372,15,5.7742884424515255,-3.9694933695725494,1.815912867722867,-15.606442713538527,2.278535373094979,-8.067598443247752,2.7691742189191575,-3.3671532809490583,-4.308376112785015,280.30015436563053
372,16,5.7742908454196,-3.9693487572697266,1.8158938969400404,-15.586142334033122,2.278517750362064,-8.065213559606027,2.769165692783488,-3.367168767048943,-4.3083765562052605,280.3001729151257
372,17,5.774295555226822,-3.9696464718952127,1.8161342377596998,-15.572389324334633,2.2785739498626016,-8.078909016774219,2.7691771024700573,-3.367155342161909,-4.3083893222095035,280.3001947597802
372,18,5.774295319503314,-3.969539250129657,1.8158548503809577,-15.561407476878585,2.2784815089107573,-8.06948001434528,2.7691679607297695,-3.36714929480364,-4.30842515591922,280.30015667166407
372,19,5.774289440346423,-3.9694821497751733,1.815889751761225,-15.590235258779227,2.27848402467827,-8.074989896165878,2.769117446021034,-3.367147756060552,-4.308356943012286,280.30014945588437
372,20,5.774293451565554,-3.9696903215918673,1.8159664347302795,-15.577807401374917,2.2785151232943406,-8.072712623994438,2.7691429783334125,-3.3671442812358077,-4.308355033848864,280.30016591886084
372,21,5.774287368262648,-3.9696220553953707,1.8162104106499275,-15.607423847305734,2.278574704849543,-8.077780016451849,2.7691445988686776,-3.3671480593280814,-4.3083711410460825,280.3001968103653
372,22,5.774295502703381,-3.969463373709991,1.8161449200175999,-15.577914489902126,2.2785397395664426,-8.07371827549413,2.7691231665217195,-3.367141679443659,-4.308338111413283,280.30017849137164
372,23,5.774304071159334,-3.9695671536850354,1.8160486615451321,-15.565750516093122,2.278528008367529,-8.06755807179216,2.7691224819798452,-3.3671480309948723,-4.30834657962742,280.3001729812719
372,24,5.774287887918684,-3.969516888301634,1.815914682008048,-15.57981247769577,2.278488397375004,-8.068719429605977,2.769157281407346,-3.367159248309736,-4.308374079271055,280.300161210841
372,25,5.774292330244023,-3.9695826047277847,1.816056757995324,-15.569080592267593,2.27854028706298,-8.075658583421575,2.769159328287647,-3.367152026121661,-4.308381223784968,280.30015835136743
372,26,5.774307758212453,-3.9694841444267173,1.8158735448021506,-15.58273359125635,2.278518366450013,-8.072066478946795,2.7691325670179707,-3.3671389233013236,-4.308334096763135,280.30018361965506
372,27,5.774294265896126,-3.969608216116039,1.8158219472776278,-15.585704743721651,2.278529406829334,-8.07169170723921,2.7691320790091685,-3.367141348204672,-4.308326197455322,280.30016906278524
372,28,5.774287754786007,-3.9696577012845715,1.8162047019306173,-15.557917362265501,2.2785225474130573,-8.072998629683472,2.7691816996293057,-3.3671551116767757,-4.308405857015074,280.3002171415112
372,29,5.774286176617872,-3.969619061533729,1.816102622656234,-15.579261182582176,2.278510839383163,-8.073255409283718,2.769165322742005,-3.3671552765209674,-4.308357639833417,280.30020459082414
373,0,5.774297525950415,-3.9697477646677664,1.816221892556544,-15.574216944147333,2.27855441977028,-8.07600181017498,2.7691339916121027,-3.367142986805269,-4.308306478603975,280.30019075649454
373,1,5.774288399485723,-3.969666784578443,1.8160198227568287,-15.570818940260052,2.278538622439457,-8.07779282815431,2.7691655372967836,-3.367150277282102,-4.308374085496214,280.3001493893678
373,2,5.7742947544862995,-3.9696120802654256,1.815833360023958,-15.588637276413955,2.27851797349162,-8.069347902594012,2.7691437520291897,-3.367147923123036,-4.308349992313821,280.30015119275043
373,3,5.774303431519998,-3.96968934830226,1.81592535003234,-15.57665718680382,2.278540433288893,-8.07320217485873,2.7690930899153448,-3.367134280455241,-4.308306773710495,280.3002061732398
373,4,5.774294965710841,-3.969435965988338,1.8160076194015455,-15.602328319013075,2.2785344603286672,-8.065510697320324,2.7691097570527416,-3.3671439666509206,-4.308320801068326,280.3001777413827
373,5,5.774288503181003,-3.969810097206336,1.8159284235095157,-15.590147874561158,2.2785162719365686,-8.078285446192861,2.7691642654178037,-3.3671568488300805,-4.308396422107253,280.30015600397473
373,6,5.774286215197151,-3.9695521748828853,1.8159367636730226,-15.582211366795315,2.2785386775064147,-8.070554327334937,2.7691378139749965,-3.36715409795986,-4.308339182082643,280.3001489184107
373,7,5.774290063040423,-3.9695102930516057,1.815997292566827,-15.578451716629967,2.278538409592179,-8.068425145242461,2.7691501116910966,-3.367157805903607,-4.308353813107591,280.30014093798246
373,8,5.77428632735962,-3.969419160892484,1.8161048877470352,-15.598746989778501,2.278514983909657,-8.070335950144075,2.7691318644168947,-3.3671522962986775,-4.308367008707809,280.30018320815054
373,9,5.774291276816138,-3.969536479271317,1.8157359860584885,-15.578692754119578,2.2784865674085304,-8.065977183272413,2.769113253962445,-3.367150851201951,-4.308334800763135,280.30020303743385
373,10,5.774274042503212,-3.9694957916612545,1.8159007639003228,-15.581496281769114,2.2784678096304027,-8.068655847214247,2.7691252399572313,-3.367150491414477,-4.3083543324161475,280.300197932936
373,11,5.7742819495114475,-3.9695494612701316,1.8159252333534939,-15.587269090845837,2.2785256587294995,-8.07068868982037,2.769148549897326,-3.367154659228416,-4.308325258852312,280.3001358391265
373,12,5.774282026138281,-3.9696932100832,1.8159023015547984,-15.62255871602952,2.2785257726996564,-8.074043941409965,2.7691112734554433,-3.3671454916267094,-4.308318006471426,280.300138368617
373,13,5.774289614274494,-3.969574900522059,1.8161424654462512,-15.5952895115365,2.278476361676421,-8.078899467096273,2.7691177527650424,-3.3671474214188044,-4.30838829934941,280.3001651237638
373,14,5.774299257025055,-3.9696802192127616,1.8159153147378329,-15.566927086063947,2.2785602715833924,-8.068311978437611,2.7691649366140765,-3.3671492020637874,-4.308361084811194,280.3001684609082
373,15,5.774295562993855,-3.969480485912539,1.816015365997372,-15.615233049293733,2.27853305900951,-8.068690302834305,2.7691435218145832,-3.367146961287918,-4.308339006175232,280.3001887345531
373,16,5.774281578467551,-3.969534658170895,1.8161732610614714,-15.581155659703823,2.2784939632536747,-8.07323631258794,2.7691797420009725,-3.367152772336767,-4.308380660053504,280.30018922972044
373,17,5.774284011020563,-3.96945699885491,1.8158447879419943,-15.592865846042153,2.27851323144868,-8.069058784390082,2.76913006808476,-3.3671540941235802,-4.308360671166731,280.30019550210875
373,18,5.774301042161667,-3.969518115141646,1.8159560134580275,-15.573506342163702,2.278529232559452,-8.068427755348482,2.7691168328592926,-3.367140932703742,-4.308287847530793,280.3001859821571
373,19,5.774285089683921,-3.969570794709714,1.816082361034354,-15.56274939859102,2.278515866520828,-8.073067771293848,2.7691532295993473,-3.367149419973122,-4.308329787158912,280.3001846713337
373,20,5.774284262111537,-3.9694220611000564,1.8160749457561354,-15.567217674267951,2.2785305110464327,-8.071870546270327,2.769142974695793,-3.3671518243482783,-4.308302489591942,280.3001755980814
373,21,5.774293302785042,-3.9696204442546112,1.8159344404300939,-15.585692390291673,2.2785342069230436,-8.069431138212932,2.7691617441245433,-3.3671546262552785,-4.308400323468116,280.30016913677275
373,22,5.7742985119031545,-3.9694062510812036,1.8160607470943504,-15.543237154395596,2.278521944506319,-8.073791673828948,2.7691619524089908,-3.367148383750725,-4.308389964966687,280.3001836426712
373,23,5.774293467509203,-3.969484034834479,1.8160051997251736,-15.566882460183871,2.27855157971186,-8.075519994244788,2.7691417296594536,-3.3671493546243845,-4.308335256897555,280.3001507136818
373,24,5.77429015396043,-3.969442672198139,1.816107197354341,-15.556293381610674,2.2785000837890474,-8.076486145080857,2.769163025810109,-3.3671503627801034,-4.308396800793495,280.30015261883176
373,25,5.77429100124549,-3.9694075328262888,1.8159277583554925,-15.543280354189713,2.278466908914432,-8.072664285499505,2.7691598762605762,-3.367148992091635,-4.308405464553781,280.3001725825713
373,26,5.77428435869289,-3.969514194267645,1.8160562056534366,-15.592465942046841,2.278528570883118,-8.068933532683932,2.7691365722748844,-3.367156048761615,-4.308353576671415,280.3001560926989
373,27,5.77429447295823,-3.9696703198809478,1.8161389764952078,-15.58444528281728,2.2785605870414067,-8.075757249840802,2.7691363595640186,-3.3671433250539984,-4.308339669636931,280.30016372228897
373,28,5.774284306571475,-3.969409689334391,1.815979839050528,-15.594726711292804,2.2785298880672786,-8.072492774259558,2.7691599862216223,-3.367152577580929,-4.308369146227256,280.30015555103796
373,29,5.774292533156029,-3.969394480512937,1.8157723657360627,-15.616548005391705,2.278566915195285,-8.066075299293974,2.7691570759512887,-3.367156107603069,-4.308320303806892,280.3001706635465
374,0,5.774284932714331,-3.969616464180812,1.8158953613411737,-15.604409790103238,2.2785169381590693,-8.068819456060218,2.76915281310512,-3.367158146735874,-4.308382139781156,280.3001780568294
374,1,5.774285669008639,-3.9695918169090314,1.8158443672218576,-15.586154727202635,2.278521928437067,-8.075596851617036,2.769143763507747,-3.3671435563648973,-4.308343194837261,280.30021412383326
374,2,5.7742751109425265,-3.9693554258740367,1.816141453699408,-15.57428337483923,2.2785262530630908,-8.076615813871632,2.769152019755164,-3.367148411033653,-4.30831563538526,280.3001959932751
374,3,5.774285181751235,-3.9695331015373796,1.816007960604239,-15.593030160249887,2.2785398561153776,-8.072002807932742,2.769117584706322,-3.3671505068440375,-4.308304151617813,280.3001949215085
374,4,5.774286507977361,-3.9696088992996015,1.8157810436585755,-15.599803571284527,2.2784910867973047,-8.074817182638588,2.769133279075659,-3.367151902440026,-4.308382498466658,280.3002017657469
374,5,5.7742791578117885,-3.969731163358785,1.8158824210318614,-15.595952650991512,2.278510107641691,-8.072809461302114,2.7691046145120812,-3.3671465378603487,-4.308315625633384,280.3001604711901
374,6,5.7742857606212,-3.969555047610658,1.8160394587383146,-15.563045695120984,2.2784719705800627,-8.07220546590888,2.7691503890311546,-3.367145019098632,-4.308383708837573,280.30017935131076
374,7,5.774282938130612,-3.969618359078929,1.8157882456167593,-15.596697090221488,2.2785245606826403,-8.075400842836926,2.769132095635669,-3.3671418786783622,-4.308340013830738,280.3001843294922
374,8,5.774278381709653,-3.9694904618592606,1.8159556914295152,-15.592122086343338,2.278497123834013,-8.06794065884068,2.769156956498054,-3.367153547276764,-4.3083925398451965,280.3001676614308
374,9,5.774292231380654,-3.969541458451973,1.815923601765454,-15.569044805601639,2.278548676923619,-8.064375001729813,2.7691232020189496,-3.3671519329143162,-4.308258253509504,280.30016713931036
374,10,5.7742841221870655,-3.9695000919144348,1.8159407779976382,-15.577021681687498,2.27850344110203,-8.067457449783724,2.769161457996162,-3.3671552254749395,-4.308370953279057,280.3001704749751
374,11,5.7742843635640195,-3.969622876863131,1.8157954250239843,-15.583744959838933,2.2784826021211697,-8.07089266767923,2.7691102172324658,-3.3671476565455616,-4.30834155636371,280.3001710363957
374,12,5.774292151305405,-3.96975733491813,1.8160458076617725,-15.588074381817831,2.2785239612958605,-8.071310179848899,2.769100487361359,-3.3671521083186793,-4.30834141883584,280.30018258423746
374,13,5.774295113674631,-3.969562300010864,1.8160548349821424,-15.582113501589411,2.2784941287898475,-8.068348751360027,2.7691203930553203,-3.3671533986131155,-4.308362309876054,280.3002053330598
374,14,5.774289087815663,-3.9695256888329458,1.8159118207478346,-15.584878542364127,2.2785224073166432,-8.073416339933766,2.769138683621634,-3.3671512884068666,-4.308343282056548,280.30016452436587
374,15,5.774292661772405,-3.9694695955558084,1.8160531204383639,-15.59966551294004,2.2784911390472566,-8.072949017216658,2.7691424629360637,-3.367147154278002,-4.308362727422925,280.3001819137183
374,16,5.774290296327976,-3.969635123612954,1.816001664291432,-15.578190434203819,2.2785184608997446,-8.075895971415813,2.7691454658426777,-3.3671484641663625,-4.308347152347364,280.30014427685865
374,17,5.774286074457939,-3.969680320784437,1.8157062346501363,-15.579683126016311,2.2784708727196685,-8.069397700607553,2.7691386345606466,-3.3671534146294877,-4.308371451531913,280.3001879130013
374,18,5.774277106198428,-3.969571431805175,1.8161432375801345,-15.58100641924707,2.2785266626080274,-8.072399082079627,2.769155008694902,-3.36715897243863,-4.308331511920877,280.3001650147945
374,19,5.774284885542139,-3.969677353608808,1.81605514846857,-15.561262379743372,2.2785557526571787,-8.073046487363031,2.769175830990201,-3.367158517707421,-4.308414281267475,280.3001912975105
374,20,5.774292606523812,-3.9695331961175024,1.815948026732102,-15.602646178082358,2.27852658183074,-8.06412139688124,2.769118941589142,-3.3671469671708136,-4.308338451974916,280.30018279298275
374,21,5.7742860725285485,-3.9694610901552068,1.815984274734645,-15.592278316696929,2.278502245060375,-8.066370316978954,2.769134765664989,-3.3671538076133176,-4.308358742591875,280.30019320215877
374,22,5.774276439729205,-3.9694531528808876,1.8158119336544676,-15.603087621798245,2.2785003936308725,-8.0634197499457,2.7691248513005102,-3.36714942869267,-4.308321318314673,280.3001895867884
374,23,5.774290736181967,-3.969661531399494,1.8158180883012565,-15.630685999019159,2.2785238536866625,-8.069507839555998,2.769102406636614,-3.367149069654186,-4.308305158653909,280.30019642791166
374,24,5.77428060052597,-3.969775115514322,1.8159928971401693,-15.579923531550119,2.278534017184119,-8.072875238634566,2.7691684157951952,-3.367157021350634,-4.308358898438047,280.3001512213531
374,25,5.774275174825917,-3.9695066692638408,1.8158591319448998,-15.612944254712028,2.2784973599681857,-8.065903401321156,2.76912595268258,-3.367149536117101,-4.308297107035945,280.3002052289361
374,26,5.774288039853154,-3.9697679530054377,1.8157603294335243,-15.628703227846351,2.278509505233475,-8.075290041482804,2.7691348564321387,-3.3671470989344687,-4.308383684146134,280.30019019173164
374,27,5.774276720538413,-3.9695307967715454,1.8161357212592306,-15.580882231814915,2.2785322994283823,-8.078568641094549,2.7691375421534925,-3.367154670223047,-4.308348380669446,280.30017905999915
374,28,5.774292610456475,-3.9694534498992686,1.8158897750132188,-15.614128913109674,2.27844664861846,-8.064492520510669,2.7690554547840875,-3.3671333080814896,-4.308283163901861,280.30018444953527
374,29,5.7742889661292445,-3.9694180362983698,1.8158186327294732,-15.605440388671248,2.278521609002834,-8.072013859781949,2.7691293593314206,-3.3671501901115746,-4.308343945657681,280.3002006014224
375,0,5.7742847172438125,-3.969528029488929,1.81588672730275,-15.58232965513677,2.2785253906820953,-8.069402605783361,2.7691714725152674,-3.3671592868057485,-4.308382310018609,280.30017861415934
375,1,5.774278261578091,-3.969493292654267,1.816167341333875,-15.565048357855446,2.278499293713869,-8.07369481290623,2.7691574123438305,-3.3671540819954773,-4.30836340838609,280.3001732529026
375,2,5.7742821372977815,-3.9693541500641536,1.8157554899181199,-15.584003860295702,2.2784465454488005,-8.070972066308684,2.769128432148557,-3.3671480496699804,-4.308370035090428,280.3001608344919
375,3,5.774286531348416,-3.9698645198557907,1.815975062481531,-15.572007815783698,2.2785680297116047,-8.074900247820606,2.7691643487472724,-3.3671525321651634,-4.30831931294901,280.3001813200892
375,4,5.7742810113492835,-3.969627344007208,1.8162951988623721,-15.58801402505274,2.2785012955236468,-8.071750201676547,2.769147197953143,-3.3671592999103352,-4.3083892180158685,280.30019687352285
375,5,5.774293939383332,-3.969700933820294,1.815877424722546,-15.58277166693284,2.2785870499058936,-8.072227919751542,2.7691479932733336,-3.3671534331471618,-4.30833191826135,280.30016704624
375,6,5.774280163357292,-3.9697784296932053,1.8158601722355943,-15.585846970790826,2.278507549701131,-8.078881280155725,2.7691624970520503,-3.3671562083137836,-4.308379842632347,280.3001965030196
375,7,5.7742910399366645,-3.969634258883931,1.8160532725589116,-15.593423364618443,2.2785873899816997,-8.076822704647673,2.769156581274816,-3.3671624014270565,-4.308363320116615,280.3001681347913
375,8,5.774274312737291,-3.9697001046577287,1.8160434414218678,-15.602867473699051,2.278477214517605,-8.073411766128705,2.7690968685060975,-3.3671428401566383,-4.308317890679074,280.30015937306314
375,9,5.774290982322057,-3.9695683230368854,1.8159786144543462,-15.589122860930035,2.278534900142542,-8.071921538176532,2.7691314551838797,-3.367152064530527,-4.308355826383434,280.30015198848844
375,10,5.774294165950661,-3.9698300452869186,1.8158483631168771,-15.604563824109482,2.278527890393641,-8.082713231539769,2.7691383917530072,-3.3671415382883794,-4.308380023910952,280.3001752835887
375,11,5.774273994683816,-3.9695963992256,1.8160076080520073,-15.58211317966688,2.2784656402758565,-8.074901151449737,2.7691095663076433,-3.367146343483304,-4.3083174690901656,280.30018201718923
375,12,5.774279629102949,-3.9696707631958565,1.8160428143763259,-15.600735954612333,2.2785204018398195,-8.07270299211062,2.7691394831958744,-3.367151275574448,-4.3083302087747635,280.30019762743586
375,13,5.774287762486355,-3.9697721084693547,1.8158550579683403,-15.579694878727906,2.2785173776572862,-8.073885561245344,2.769169290842815,-3.367154067296808,-4.3083804087322095,280.30020092255876
375,14,5.774288603360597,-3.9697101581065604,1.8159115477842873,-15.561804032042119,2.278557816328123,-8.078512626142903,2.7691803963655883,-3.3671505834819135,-4.3084072927112995,280.30017146970545
375,15,5.774262252706412,-3.969629670118327,1.8161116459528421,-15.591987106387577,2.2785179828068394,-8.081314880265765,2.7691675813828125,-3.367161144008914,-4.308364948510314,280.3001783544941
375,16,5.774283820930206,-3.969587470369744,1.8158877819078787,-15.583923006810686,2.27849327953086,-8.078111101755878,2.7691377805004467,-3.3671426328607375,-4.308352862023629,280.30018637128114
375,17,5.774273647610962,-3.9697555957029382,1.81597553526172,-15.586214153747687,2.2785513827489248,-8.07281514110726,2.7691294903816015,-3.3671544240485014,-4.308302853336969,280.3001736082473
375,18,5.774279070018457,-3.9696665303368213,1.815938476242521,-15.588670831958009,2.2784845254061867,-8.07139568712336,2.769132418186655,-3.367148157957761,-4.3083198268890825,280.30017076990964
375,19,5.774289406419911,-3.9695957617785265,1.8159610342393637,-15.579286506419884,2.2785248522704364,-8.07638825747191,2.769099792302346,-3.3671415367565567,-4.308291771342778,280.3001678493574
375,20,5.774282748016991,-3.9695867596569587,1.8158056670377785,-15.606110074129084,2.2784849749140768,-8.069230229293465,2.7691057572483784,-3.3671455517161317,-4.308336235947303,280.30019322956645
375,21,5.77428936926165,-3.969682566718387,1.815965388674893,-15.589901869988095,2.2785802723028508,-8.069046642146736,2.769113248324068,-3.367142096046139,-4.308263635289663,280.30013681006363
375,22,5.774288178377998,-3.9697350439673924,1.8160279317696657,-15.578451388650059,2.27853868682882,-8.075793541642902,2.7691359799226607,-3.3671436557169256,-4.308320706007021,280.30018085687107
375,23,5.774272515604491,-3.9696698223585978,1.816055522575931,-15.58612228795061,2.2785349943304145,-8.065075324230278,2.769143144607608,-3.367150246437007,-4.308308228102568,280.30021209525916
375,24,5.774293826869903,-3.9695088347071588,1.8159354448454637,-15.570449962078353,2.2785044347295993,-8.071731773755333,2.769119924014836,-3.367142355138842,-4.30828565501094,280.300159220819
375,25,5.774288348916145,-3.96978699044596,1.8158191759083118,-15.597153205330613,2.2785276643348134,-8.073630866292076,2.7691330594869368,-3.367151769097489,-4.30834346913377,280.30019857568766
375,26,5.774285733830507,-3.969534788732155,1.8159880196239104,-15.576645375097279,2.2784777128537845,-8.06684318510102,2.7691199235857913,-3.36715398643039,-4.308340765643725,280.3001778297763
375,27,5.774294386825801,-3.9699440180782952,1.8157658686340483,-15.592732869115414,2.2785677328181446,-8.07677985540837,2.7691300438589046,-3.3671394020996694,-4.308330325105768,280.30016232447684
375,28,5.774285720793265,-3.96945091383918,1.8160622142960758,-15.580508327565667,2.2785439390075926,-8.07419506886901,2.769109356251447,-3.3671494191594884,-4.308282414683407,280.3002120399773
375,29,5.774285330537424,-3.9694607529559365,1.8158057067134323,-15.581492666167078,2.2784183894698384,-8.076375326714473,2.7691121089905573,-3.3671424055449712,-4.308379910871885,280.3002198403509
376,0,5.774286116568031,-3.969561535548583,1.8157644292902473,-15.586586497354947,2.2785598740204813,-8.069937579826446,2.769120045445102,-3.3671511557961042,-4.308271366703347,280.30019793447843
376,1,5.774293240549569,-3.9696421996974403,1.8157896762816086,-15.57796247679962,2.2785513314788526,-8.070413855881691,2.7691418462608435,-3.3671422824354096,-4.308353675781163,280.3001935035836
376,2,5.7742946146774985,-3.969636819525159,1.8158196795845962,-15.558204197416545,2.2785352314638856,-8.076347229417681,2.7691112259952373,-3.36713728437179,-4.308330008202154,280.30018716070356
376,3,5.774288814776019,-3.9695414815378753,1.8160971588277943,-15.579191846698233,2.2785573488877855,-8.080008068285782,2.7691608768450378,-3.3671539454189015,-4.308372557575799,280.3001752537948
376,4,5.774286632071727,-3.9697183692447933,1.8159998962249404,-15.579319412445994,2.278532241409364,-8.079014116126196,2.7691529572586564,-3.367148096953019,-4.308370328095045,280.3001659029947
376,5,5.7743058666465865,-3.9698381182152223,1.815966427089808,-15.56973888633706,2.2785505692041963,-8.073499170938572,2.76915560815591,-3.367152530176497,-4.308401380298418,280.3001956192529
376,6,5.774285037733375,-3.969627259386861,1.8159817383116321,-15.605685670516333,2.278543926871346,-8.077114966026526,2.7691165853955533,-3.367145293386716,-4.308299753368517,280.3001623826676
376,7,5.774294467437588,-3.9695150233013767,1.815593139041693,-15.598920761707463,2.278514451553367,-8.061356915504666,2.7690712147335628,-3.36713703267698,-4.308234748152967,280.30019851293105
376,8,5.774287175079806,-3.9695776571994386,1.8160378549521874,-15.588545480688449,2.2785785161201813,-8.074543860687053,2.7691061635648677,-3.3671384621636884,-4.3082923147550005,280.3002109728341
376,9,5.774289403294305,-3.9694548813650457,1.8161120208628896,-15.584980403067362,2.2785062066901154,-8.070652277815181,2.76915751369841,-3.3671541352070062,-4.308364387875229,280.30017957201864
376,10,5.774294200781298,-3.9694489453042405,1.8160448933149314,-15.600706964626385,2.2785480199377695,-8.06602712430604,2.7691002615050637,-3.3671462705775737,-4.308233188500584,280.3001916411978
376,11,5.774282142338863,-3.9697353567191493,1.815906056366864,-15.593234942162482,2.2785238122397136,-8.070002589212182,2.7691034641244414,-3.367139051724768,-4.308265070519432,280.3001408943349
376,12,5.774292890116678,-3.9695585516322143,1.8157878671676888,-15.584533440995308,2.278517242433207,-8.072658379216879,2.7691579951675886,-3.3671479473856407,-4.30839372171463,280.3001696409939
376,13,5.774287587025405,-3.9695468390697664,1.8158416178396564,-15.582037899441914,2.27850325731959,-8.074226652051111,2.7691052670983773,-3.367147660190761,-4.3083237271533665,280.30022664358864
376,14,5.774283676298954,-3.969592036692012,1.8158629719593873,-15.603739993116545,2.2785519370144383,-8.074025222472375,2.769125698982771,-3.367146987885764,-4.308316334590747,280.30018907640385
376,15,5.774292199554401,-3.969913625591681,1.8157376165974906,-15.573002758494017,2.2785353655696676,-8.07141796353965,2.769118546974929,-3.3671421294789137,-4.308306076341268,280.3001845569753
376,16,5.774283631183961,-3.9697743763226794,1.8160411753939008,-15.576388241498783,2.2785180590230745,-8.07642878333713,2.769156975345157,-3.367149267874886,-4.308381986274675,280.3001711352482
376,17,5.774285617672718,-3.969288728447579,1.8157456379340184,-15.606756882509417,2.2785429265227437,-8.069221526872607,2.769149086279328,-3.367154860018213,-4.308345273856092,280.3001881270697
376,18,5.774290280543275,-3.9694756405877105,1.815846510017927,-15.581366089209991,2.278540038683393,-8.069401627906013,2.7691195736627523,-3.367153447753498,-4.308305457821416,280.3001656421197
376,19,5.774283909198015,-3.969617699564454,1.815925595862339,-15.57743039476008,2.2785312998763363,-8.075193260973418,2.7691517008083335,-3.3671555073933823,-4.308339425226724,280.30015047329783
376,20,5.774280949152425,-3.9694180530271286,1.8160487748869714,-15.618187933527592,2.2785120953445914,-8.068236376972127,2.7690957159314697,-3.367147892990252,-4.308294099189864,280.30017929589474
376,21,5.774284492989953,-3.9696550734770684,1.816014937615445,-15.57137299612058,2.2785213398033775,-8.072908669839418,2.769124697212488,-3.3671393816144333,-4.3082895245291875,280.3001881734214
376,22,5.774289745303265,-3.969417048455483,1.8158133740305782,-15.600571685960361,2.27851298528894,-8.065277516227578,2.7690931976423263,-3.3671548324409124,-4.3082977039705295,280.3001923263488
376,23,5.774289445016365,-3.9696020021870764,1.8159652893610738,-15.584506132548096,2.278540403203767,-8.072689609427307,2.7691357407837263,-3.3671569667578076,-4.308344294143256,280.3001603345171
376,24,5.774282495120341,-3.9697255279946404,1.815997787063899,-15.605307849182887,2.27851149242753,-8.071912734887707,2.769101830555399,-3.3671453080830056,-4.308305026483701,280.3001605162314
376,25,5.774287242461411,-3.9698030554685766,1.815686333195069,-15.635186259157036,2.2785188003545396,-8.074732878562731,2.769069285322856,-3.3671365539542992,-4.308290889146375,280.30019276596977
376,26,5.774288466503952,-3.9698011474869204,1.8157713591556972,-15.602021134661204,2.2785633489393815,-8.074096706308097,2.7690970548056604,-3.367143428544676,-4.308319900016081,280.3001970396765
376,27,5.774304736648612,-3.9694405496928726,1.815823925815096,-15.588027655170679,2.278565105079274,-8.067587480068559,2.769124680103356,-3.367137348534985,-4.308304201314994,280.30015149967903
376,28,5.77428997964331,-3.9698575569570433,1.8157339744351817,-15.603850038592876,2.278503232150662,-8.072898835447301,2.769114721114021,-3.3671363270668424,-4.308363646399466,280.3001809288591
376,29,5.77427653369114,-3.9695825544760526,1.815816898987044,-15.586856601483845,2.2785076024698236,-8.065851437590474,2.769123597832,-3.367156660295102,-4.308317441901585,280.30016644992725
377,0,5.774295309277992,-3.9695040195394404,1.8160651091676006,-15.54602023815007,2.2785834843921298,-8.072366717224277,2.7691414634580873,-3.367148023062489,-4.308316108641311,280.3002034426616
377,1,5.774291232210408,-3.9695750827163807,1.8160903756456719,-15.586058114404635,2.2785210129848195,-8.070028443292804,2.769158876701288,-3.367156427466369,-4.308381479215548,280.30016332670107
377,2,5.774282414513762,-3.969481693677687,1.8159334396233033,-15.608728007396687,2.2785371932269687,-8.073046558254537,2.7691141310788607,-3.367152072405092,-4.3082808849851295,280.30013319050715
377,3,5.774275953777164,-3.969512479793514,1.8158233787464835,-15.603178682965558,2.278501110199795,-8.07647574085029,2.7691132832329064,-3.367153402055752,-4.3083056864012015,280.3001741226254
377,4,5.774289396272134,-3.96958869340724,1.8157852758799127,-15.592331144258777,2.278544033396944,-8.074184493243335,2.769129958368703,-3.3671446955756936,-4.308311174224099,280.3001773720656
377,5,5.7742951951968955,-3.9696273896633354,1.815989579068976,-15.602458732190023,2.278523910435553,-8.076436808169982,2.7691396820360232,-3.367149724050654,-4.308346828192888,280.30016741459644
377,6,5.774293252698084,-3.969569784374173,1.8159249990142319,-15.591053589557822,2.2785653955229046,-8.074486761344529,2.7691240491994247,-3.3671394847174256,-4.308319300876019,280.30015949797365
377,7,5.774282925144538,-3.969401963227834,1.8160471962492095,-15.593739622076399,2.2784942562624417,-8.075812949308501,2.7691402786578854,-3.3671579268863927,-4.30836251292405,280.3001659209032
377,8,5.7742848321082425,-3.96965633716896,1.8160738977294844,-15.58613008685299,2.2785296698552324,-8.07641592713058,2.7691407106579646,-3.3671468643350373,-4.308373275416324,280.300178486789
377,9,5.774291835003091,-3.969600502957903,1.815963557995849,-15.595612543133392,2.2785208043091316,-8.075134906285243,2.76911716737872,-3.3671446741587077,-4.3083392660864845,280.3001656396502
377,10,5.774292383359031,-3.969453884462264,1.8160720005263178,-15.597733341404615,2.2785373355021923,-8.074702912776347,2.7691096032944333,-3.3671436319250074,-4.308279677248851,280.3001735526053
377,11,5.774271803448488,-3.969653711623975,1.815946350685594,-15.585308436854465,2.278529806393354,-8.074626912031949,2.7691263163842534,-3.367158136019742,-4.308318101271768,280.3001786423252
377,12,5.77429667740746,-3.9695525699176257,1.8159556613857033,-15.598339097188683,2.27856850025925,-8.072602204815212,2.7691088345464885,-3.3671419923413293,-4.3083004463355925,280.3001974005357
377,13,5.774290467327268,-3.96954690618254,1.8158958709053779,-15.593914307807632,2.2785263165074445,-8.070778727195261,2.7691311636234213,-3.367139611870027,-4.308319213705908,280.3001584434521
377,14,5.774291061886988,-3.969720957115913,1.8159611236165392,-15.582355614405971,2.2785358013046286,-8.075950911364222,2.769104041085029,-3.36714394769139,-4.308275626023134,280.3001734644911
377,15,5.774292221464614,-3.9697586765803625,1.8157840789202744,-15.574767448743735,2.2785445241061466,-8.070799713018703,2.7691406239246974,-3.3671457548125665,-4.308332909066714,280.3001596320963
377,16,5.77429118113189,-3.969630752451605,1.8157370067576337,-15.56829447984202,2.278574887988473,-8.07144022030483,2.7691405948640453,-3.3671485271476143,-4.308296493574458,280.3001798542778
377,17,5.774287047388511,-3.969803065595642,1.8160317410199094,-15.58871917330525,2.2785492458639425,-8.076289209128992,2.7691400513708695,-3.3671473083097934,-4.308347290518876,280.3001749244571
377,18,5.774294297862571,-3.9694722842047385,1.8158516532014728,-15.58257547822096,2.2784865161244108,-8.067717901002522,2.769104752603256,-3.367148324781445,-4.308322974475748,280.3002064980522
377,19,5.774280819805888,-3.9697765007043926,1.8160236225636235,-15.594599854294374,2.2785507165195726,-8.074016208368427,2.7691376226937687,-3.367145262251679,-4.308315027082483,280.3001476884523
377,20,5.774287968452763,-3.969720211403768,1.8159712786043354,-15.591806147607707,2.278519996111788,-8.074670180454612,2.769119042914291,-3.3671381094595354,-4.308312066926522,280.30016144605463
377,21,5.774286650237978,-3.969504959155572,1.8160407131605567,-15.590618025161177,2.2785864913875282,-8.07135554656606,2.7691577055057675,-3.3671574603594348,-4.308314500724325,280.3001633221972
377,22,5.774288298345922,-3.969483731381677,1.8159367276970289,-15.573534044346275,2.278512462060764,-8.068760601500259,2.7691255594095616,-3.3671460429401416,-4.308330600597235,280.3001597868521
377,23,5.774290355199054,-3.9696371920099116,1.8158737476245341,-15.607316950134097,2.2785376207864,-8.07080360777509,2.769141894445806,-3.3671515044730937,-4.308317879649064,280.3001489309846
377,24,5.774288540885961,-3.969763347071438,1.8160011981604107,-15.601798744396246,2.2785429108041897,-8.079656050746488,2.7691505549078315,-3.3671467643240263,-4.308360915638251,280.3001655484351
377,25,5.774282716146083,-3.9695877776420407,1.8159504227908696,-15.573815311643296,2.2785042809886003,-8.076935024527907,2.7691328976648655,-3.367146868344751,-4.308335686651044,280.3001528581015
377,26,5.774281835531157,-3.9697120072455436,1.8159478240177187,-15.602202562331007,2.278493778136857,-8.06998303480954,2.7691314032231054,-3.367154685891701,-4.3083472869223565,280.30013042948315
377,27,5.774296471745172,-3.9696490482749227,1.8160026460412022,-15.587051668397645,2.2785273544680638,-8.074837702202576,2.7691537305085108,-3.3671436089188624,-4.308371317107096,280.3001649526549
377,28,5.774297964068628,-3.9695571228285558,1.8158785743844883,-15.56775116975949,2.2785124242586843,-8.06921568761976,2.7691505092744273,-3.3671535100995373,-4.308354336921335,280.3001571975852
377,29,5.774287134112438,-3.969790313132041,1.8158738712906684,-15.576003148493772,2.278474017848939,-8.075339965972946,2.7690988034140824,-3.3671327332164465,-4.308345086251326,280.3001795671807
378,0,5.774281450059627,-3.969833491299636,1.8160540603774165,-15.588848269799879,2.2785500164303243,-8.075104698476,2.7691626804254468,-3.3671522103410996,-4.308365313188933,280.30017159224553
378,1,5.774287099345376,-3.9696147401924695,1.815934260470947,-15.572104261249955,2.278547626638383,-8.070133539763868,2.769154567406184,-3.36715177815702,-4.308347123906263,280.30015402697745
378,2,5.774287117263307,-3.9697048348470694,1.8160223343101365,-15.56388935105382,2.2785302501411517,-8.075231998506442,2.769179605591775,-3.3671605269151144,-4.308371325787123,280.30015258494643
378,3,5.774292764141984,-3.9696006179242205,1.816068454208754,-15.58450029377017,2.278527771302736,-8.07201294532162,2.7691257801477422,-3.367144569517089,-4.308336718238336,280.300175983883
378,4,5.77428587201859,-3.9697568964318455,1.8159625053457762,-15.590229591047413,2.2785580040124467,-8.072279297225931,2.76916134754043,-3.367152355352443,-4.308342873877002,280.3001650126312
378,5,5.774285861553793,-3.9697349545369205,1.8159205380261672,-15.599132307006206,2.2785242719718557,-8.068193129490254,2.769111459337847,-3.367139865851841,-4.308284034510555,280.3001630628611
378,6,5.774284099558312,-3.9698796005481505,1.8159527137709592,-15.587799382547379,2.2785471524442316,-8.073829606589689,2.7691377853088595,-3.367143654948751,-4.308324410214182,280.30019605167365
378,7,5.774283409603611,-3.9695615305123235,1.8159400098086793,-15.583990532846006,2.2784970626097034,-8.074612067736592,2.769121208270587,-3.3671539808628155,-4.3083273031106755,280.3001584859884
378,8,5.774282009243341,-3.9695831302289633,1.8160314950101542,-15.609507924630003,2.2785552253885126,-8.074057184174322,2.769111126520028,-3.367144763009614,-4.3082794787796495,280.30015799378987
378,9,5.774282856190016,-3.9695487115399795,1.8159506766333091,-15.60462347588334,2.278480932530587,-8.071662197885384,2.769119108175844,-3.3671501012409433,-4.308331186690945,280.3001550915983
378,10,5.774287933681775,-3.9694902875582208,1.815882720210067,-15.577991351146837,2.2785005297286003,-8.068410329548668,2.7691229417082077,-3.3671490202686276,-4.308319533390384,280.3001699976543
378,11,5.774282783870097,-3.96939288805611,1.815810618782085,-15.598170976358167,2.278509784884222,-8.06690571060035,2.769109203703982,-3.367147546092543,-4.308258380474198,280.3001732897241
378,12,5.7742902090170105,-3.9695678704867614,1.8159665706597043,-15.59718184746664,2.2785694599954214,-8.07350356536034,2.769156857760047,-3.3671522849616053,-4.308342700343274,280.30013670941383
378,13,5.774286887341708,-3.9696305193238524,1.8160029577122703,-15.598468574235513,2.27851657400326,-8.07091171582621,2.7691546457997847,-3.3671530129798697,-4.308361756443821,280.30016840724517
378,14,5.774290380580171,-3.9695896361464453,1.8159781462927866,-15.606111088100311,2.2785565625152353,-8.067568953225567,2.76915921357089,-3.3671628037801304,-4.308361000536255,280.3001344783968
378,15,5.774288479884827,-3.9695026507594986,1.8161660590474689,-15.577128542189664,2.278528813755139,-8.074308890726504,2.7691725266777985,-3.3671607782046653,-4.308369122501552,280.30018431304296
378,16,5.7742900894564615,-3.969618613453695,1.8159163054965748,-15.59714391792626,2.2785257697025063,-8.06676230413361,2.7691212271263743,-3.3671477129837317,-4.308306541006126,280.30015868633967
378,17,5.774275135380818,-3.9696964171362086,1.8158644143031606,-15.621099729349977,2.278506898048933,-8.077769068844049,2.7691308366751657,-3.367147817947098,-4.308325409453318,280.30016805132516
378,18,5.774291583656163,-3.969658806274251,1.8159010438331984,-15.600849043422878,2.2785483715749613,-8.070904928781454,2.7691311275278707,-3.3671481192780433,-4.308309521974788,280.30015682650384
378,19,5.774286862890448,-3.96980802819816,1.8160117774432472,-15.58244875343502,2.278502788828673,-8.072007136541174,2.7691273861020034,-3.36714946953949,-4.3083245280112825,280.30019487100196
378,20,5.774290632054609,-3.969556634569031,1.8159149415171445,-15.576485080689805,2.2785132062165974,-8.072390142360572,2.769139223349563,-3.3671443144535145,-4.308366593627204,280.3001542711709
378,21,5.774287498491662,-3.96975538184894,1.8159342426338638,-15.586634698628298,2.2785534516817827,-8.074618647164634,2.7691557944552674,-3.367150947586575,-4.308347438967772,280.3001533119736
378,22,5.774286669388959,-3.9695740181678105,1.8158746714763305,-15.601677151361542,2.2784830051590226,-8.065169606470121,2.7691327552260474,-3.3671582927390906,-4.3083450827661105,280.3001890702865
378,23,5.7742894502499125,-3.9695697987528593,1.8160335311363733,-15.582581431889189,2.278530360461926,-8.080734584937524,2.7691311912046177,-3.367145181629114,-4.308315072150737,280.300153334663
378,24,5.774283635879603,-3.969698769299457,1.8159439804198716,-15.607002979537748,2.278530804757954,-8.070461664135419,2.7690880304654124,-3.3671373613459235,-4.308251902234904,280.300150970434
378,25,5.774283701628325,-3.9695516777380013,1.8160090240643008,-15.597488734543287,2.2785214582819187,-8.072810725554472,2.7691345798293243,-3.3671594959074103,-4.308331827540116,280.3001914326267
378,26,5.774294628558532,-3.969423279181519,1.8160574825306017,-15.589460282560697,2.2785351540218794,-8.068241224257383,2.769144821470641,-3.3671538405602037,-4.308341691800767,280.30015443152007
378,27,5.774296431991227,-3.9695352078521484,1.8159886367676037,-15.586770673667806,2.278569076189191,-8.074547054413049,2.769140983102823,-3.3671457012387758,-4.308322620735305,280.3001474115486
378,28,5.774275199917928,-3.969566366874193,1.8160668401107185,-15.599469331200787,2.278521903868672,-8.071324235345893,2.7691616912482924,-3.367162260337987,-4.308364900492034,280.30019343624065
378,29,5.774287769420314,-3.9695898436216264,1.8159858800707158,-15.610890715264087,2.278512856628123,-8.072398176400634,2.7691352453415394,-3.3671479811932628,-4.308325585247144,280.30016761047364
379,0,5.77429130755002,-3.9697099742363124,1.8158554094696995,-15.58445083686383,2.278554874185693,-8.06794167676691,2.7691746284925993,-3.3671550405272628,-4.308365996855409,280.3001653556057
379,1,5.774290012630477,-3.9696768414649313,1.8157786234447018,-15.601810050888966,2.278545230934726,-8.073923621544898,2.7691174072302296,-3.367144728585556,-4.308272072194623,280.3001622634016
379,2,5.774284208826272,-3.969535530027199,1.816055471812271,-15.592150357574345,2.27848485266848,-8.076864433333583,2.7691703192809296,-3.3671580784620088,-4.308395817580433,280.3001637703859
379,3,5.774292963444903,-3.96958879498077,1.816013565585774,-15.602029359981984,2.278530455661052,-8.069769424480617,2.769116608898987,-3.3671530400658405,-4.308337682121333,280.30015151642476
379,4,5.77428822625441,-3.9695638916995915,1.8160840381413403,-15.614520085622917,2.2785330101768513,-8.074677332922443,2.769141881011837,-3.367149672061409,-4.308315635617789,280.30020733274733
379,5,5.774294765454019,-3.969577111929854,1.8159641145869236,-15.61722742346238,2.278560543057911,-8.0757239603751,2.7691466219818084,-3.3671455133873835,-4.308333578411381,280.3001396794883
379,6,5.774288171328293,-3.96951982935711,1.8159167420124789,-15.610480737619275,2.278580516138656,-8.076276423369395,2.7691504488454717,-3.3671549709875674,-4.308328138141191,280.30018054654926
379,7,5.774292477626479,-3.969810751986902,1.8160110938637515,-15.592414697669053,2.2785437289239785,-8.073229991515108,2.769128873474354,-3.367143988539708,-4.308344726670127,280.30014473091
379,8,5.774300113407574,-3.9695539223896907,1.8159852954798341,-15.585480151429696,2.27859438406822,-8.073718974544462,2.7691782636363054,-3.367158152238481,-4.308363352230834,280.30019030490604
379,9,5.774295913236846,-3.969383428746621,1.8160435885032569,-15.61574392938658,2.2785510903417,-8.073823836941678,2.7691104869278576,-3.3671422334860894,-4.308302084568803,280.3001918708142
379,10,5.774289478437515,-3.9697501817396814,1.815972685070134,-15.587808454234134,2.278545447205643,-8.074281626585714,2.7691451646830805,-3.3671458325474286,-4.308358715188808,280.3001520945428
379,11,5.77428648436533,-3.9697336075415284,1.8159662514437007,-15.590226020594198,2.2785301540397644,-8.070558857288843,2.769145612856302,-3.367155919486902,-4.308341379544295,280.30017229935936
379,12,5.774290339260617,-3.969723462979065,1.8160020148290839,-15.584932233139364,2.27854174069877,-8.071161978050892,2.769151107352314,-3.3671571162587193,-4.308366231938267,280.30014256551794
379,13,5.774288751371478,-3.969581139265591,1.816038641708652,-15.593254009172444,2.2785215268927232,-8.069210030896409,2.76912983751276,-3.367149489900162,-4.30833317477104,280.30014794814934
379,14,5.774289714422857,-3.9695797374043065,1.8160701418654488,-15.582276108938752,2.2785416009442168,-8.071106354125634,2.7691544140535322,-3.367158236530011,-4.308329163796898,280.3001592825063
379,15,5.77428003601708,-3.969676943717463,1.81594219176685,-15.598225770538566,2.2785307924701375,-8.07136220812515,2.7691350022128542,-3.3671568520599675,-4.3083171444473,280.30014614175013
379,16,5.774286952329945,-3.9695894583095,1.8159582776203167,-15.583756178110765,2.278529564763187,-8.073707914371829,2.7691548668618773,-3.3671535530433094,-4.308340170820922,280.3001790217422
379,17,5.774283136908828,-3.969591773129388,1.8158976205207902,-15.590262093760082,2.278549854638949,-8.075820936850178,2.769173776856143,-3.3671483971062486,-4.308349237001499,280.3001582785274
379,18,5.774295427918327,-3.9696968897649567,1.8159619107150844,-15.604891963450006,2.2785955567884866,-8.078414387288397,2.769109481349666,-3.367145301658967,-4.3082906097257245,280.3001651845914
379,19,5.774286436306743,-3.9696555626974073,1.8160256851106626,-15.59977923686927,2.278548115108406,-8.072175159815512,2.769130058273071,-3.367149268800053,-4.308322838115408,280.30017314824715
379,20,5.774292827338466,-3.9696463666216477,1.8160216173781674,-15.598593752786618,2.2786079868662,-8.073530450322995,2.769152910246457,-3.3671643780025957,-4.308315971474468,280.3001673791956
379,21,5.774299137973088,-3.9696563050130655,1.8159099990293004,-15.588524450167807,2.2785469863178465,-8.069406511780608,2.7691721369072293,-3.3671528236123422,-4.308368468648758,280.3001986850416
379,22,5.774288414643974,-3.9697219530144565,1.815809900974006,-15.592686254876172,2.278532614132947,-8.069019275998583,2.7691319234552787,-3.367150155152916,-4.3083365721573434,280.3001741539634
379,23,5.774290371260432,-3.9695472200797233,1.8159865310421315,-15.575739329642003,2.278535549800546,-8.071329242924564,2.7691339871389933,-3.3671468754243423,-4.308304024214233,280.30015703746733
379,24,5.774286990260456,-3.969520515259705,1.8158566931655704,-15.597436030485055,2.2784999055479456,-8.070435865761842,2.7691388815696025,-3.3671539755484736,-4.30836720654188,280.30021022057974
379,25,5.774299336822858,-3.969665337008194,1.8160966992943661,-15.582245111873279,2.278566496361421,-8.079662380866178,2.7691558348042498,-3.367150755327159,-4.308350534920549,280.30015592635095
379,26,5.7742860875421185,-3.969567513555912,1.8157793137884144,-15.614135566457076,2.278526582691728,-8.065921095743201,2.7690937385276686,-3.3671406957550394,-4.308282128663848,280.3001927360591
379,27,5.774290152187334,-3.9698733974547173,1.8159944606875502,-15.591632804399568,2.278552892016744,-8.073587658187067,2.769153823147387,-3.367147746878683,-4.30833448737134,280.30013418079193
379,28,5.7742901622834735,-3.96952070813657,1.8159748346592317,-15.612906687918489,2.278556138832217,-8.065694952162147,2.769157007565172,-3.3671584101356125,-4.308354150404893,280.3001250557678
379,29,5.774286120299936,-3.969574549703994,1.8159940921992852,-15.589669145112381,2.278517254155652,-8.073610783704122,2.7691363385697794,-3.3671477304432957,-4.308351910948431,280.30018236781996
380,0,5.774287746562569,-3.9697870752802062,1.8159501585032647,-15.608698761687899,2.278537723973071,-8.071364185520125,2.7691245733263923,-3.36714513793719,-4.308282306273111,280.3001481119883
380,1,5.774302332746306,-3.9697931807246576,1.8160051511951345,-15.602040524192699,2.278562349678651,-8.068833387520845,2.769150656091843,-3.3671475490070737,-4.308361587803257,280.30016758764475
380,2,5.774289083028839,-3.9696028127021874,1.8159288622069065,-15.596537364776955,2.278545822733501,-8.074904505452851,2.769130888686812,-3.3671450205932287,-4.308294680670081,280.3001550291069
380,3,5.774288137254627,-3.969855037497134,1.8160099721235967,-15.61728013858882,2.2785562647868582,-8.067060250826604,2.7691604430442274,-3.367157321435414,-4.308338530078445,280.300133278659
380,4,5.774278485189641,-3.969865266440259,1.8158899267977935,-15.593189243863305,2.2785006659671314,-8.075936761742424,2.7691105400068534,-3.3671444237257524,-4.308340553541664,280.30016325207765
380,5,5.774287136941177,-3.969681494906406,1.8158873455120697,-15.593049183873244,2.2785498987383064,-8.074445118293612,2.769142273363238,-3.367143246556524,-4.308315437422265,280.30017413477333
380,6,5.774282867203679,-3.9697989260704185,1.8161039744066396,-15.594864576171501,2.2785484033342813,-8.080569810920968,2.769163854634076,-3.36715113601657,-4.3083367712233445,280.3001679879875
380,7,5.774289321667355,-3.9693389800660404,1.8161690483882351,-15.614251801181558,2.278583190996367,-8.067510868782952,2.7691774716285553,-3.367170603098763,-4.308380837528682,280.30020835757495
380,8,5.774297040140739,-3.9694572492513736,1.8160187209891399,-15.551965977200103,2.2785383281170417,-8.072303450109441,2.7691646700109436,-3.3671541765095223,-4.3083753742324715,280.30016817347007
380,9,5.774283735487998,-3.9696883384926926,1.8160932982041462,-15.632669243606005,2.2785384646716835,-8.07619227989378,2.7691618813158385,-3.3671562994729953,-4.308381187608982,280.30017062029947
380,10,5.774293287495038,-3.969663305222672,1.8158166186454667,-15.608802416708198,2.2785413817248905,-8.07246388998543,2.7690969306784754,-3.3671345649666984,-4.308264756206048,280.30018446572046
380,11,5.77429508920638,-3.96963894094072,1.8161275715931016,-15.596763440574561,2.278585505562636,-8.072675275551244,2.7691609979313023,-3.36715995385693,-4.308337305721806,280.3001985095375
380,12,5.774300662894961,-3.9696258025583098,1.8161919815807777,-15.606523469515286,2.2785619852570544,-8.071903176060054,2.769128634496303,-3.3671543227180867,-4.308329098023209,280.30016769151473
380,13,5.774293233850327,-3.969627878775781,1.8159307751374796,-15.613641589113929,2.2785423457426233,-8.07430943754562,2.769152926147294,-3.367148014834126,-4.308344756376443,280.30014067335446
380,14,5.774292791329573,-3.9696274390010755,1.8161419560481622,-15.592240149158942,2.278558016576463,-8.07226268510637,2.769179194015187,-3.3671581620452806,-4.308379900544547,280.3001655834594
380,15,5.774292061496062,-3.9696248701265495,1.8160281610916003,-15.59149286405412,2.2785344148234232,-8.076461082414635,2.7691951068371585,-3.3671638389693745,-4.308436664518494,280.3001765142757
380,16,5.774287478995207,-3.9697524501348798,1.8161076251005301,-15.581252378194053,2.2785182023599053,-8.073886593358495,2.7691491204566665,-3.367155600496012,-4.308361530584306,280.3001906165697
380,17,5.774281502656569,-3.9696805078881074,1.8160240721642915,-15.587941135695191,2.278478505232126,-8.074532202984374,2.7691292821179716,-3.3671491581759776,-4.308329154332084,280.30017493059347
380,18,5.774293157162017,-3.9696351771455816,1.815898143757217,-15.599726444857104,2.278532561238901,-8.071959065405748,2.769125084188156,-3.3671488883747007,-4.308328699677027,280.30017484992226
380,19,5.774287694124245,-3.9696639896529047,1.8158610545743967,-15.620253607066442,2.278513573070486,-8.065881221554223,2.7691368977682362,-3.3671499283073665,-4.308311757398335,280.30018430967345
380,20,5.774288514014049,-3.969553577725372,1.8159935183605145,-15.567974131022881,2.278548648215237,-8.07608596876285,2.7691897751413412,-3.3671589386105216,-4.308405938494965,280.3001525795497
380,21,5.77429050710617,-3.969779219001613,1.8160093365142265,-15.60006105008942,2.2785702446805742,-8.078939508642975,2.7691521613560033,-3.3671442246736882,-4.308341350489414,280.3001510149457
380,22,5.7742899098007445,-3.9698295596152082,1.8158814556450054,-15.58565901561254,2.2785357159489266,-8.0800229979618,2.7691442030767015,-3.3671447107232266,-4.308329831826498,280.30016970561365
380,23,5.774287382560412,-3.9694555506297013,1.8159930315194568,-15.606643057593466,2.2785439314545255,-8.063043196580493,2.769154673782979,-3.36716020650364,-4.308323484541479,280.3001743512281
380,24,5.7742839997642905,-3.96958135820024,1.815934871801355,-15.5908087346236,2.27849494914846,-8.072699115672213,2.7691655875011523,-3.367151851471872,-4.308375401754861,280.30017724371004
380,25,5.774288123964847,-3.9697229467469652,1.816138247371378,-15.575222274402096,2.27855247389441,-8.075821167437013,2.7691610063319625,-3.3671565791493294,-4.308366594074278,280.3001751560741
380,26,5.774282249043805,-3.969403911270707,1.8160119900228124,-15.61216107096226,2.2785127325236094,-8.069224491319538,2.769122018416994,-3.3671502238062714,-4.308336128359233,280.30016355410885
380,27,5.774281548449418,-3.9696233709644058,1.8160166249178447,-15.59543111326958,2.278553001830518,-8.072527200890963,2.7691474975837123,-3.3671532487750624,-4.308322781884243,280.3001524800324
380,28,5.774270836745212,-3.9697386673007884,1.8159158671964946,-15.623678247278757,2.2784939825917476,-8.066832279488722,2.7691392844689604,-3.3671479325566436,-4.308354180886088,280.3001725264488
380,29,5.7742960722895695,-3.96947433198236,1.815940324550606,-15.58796414839468,2.2785272915274346,-8.067793701348325,2.769131497777251,-3.3671459375223898,-4.308321954634028,280.3001769144046
381,0,5.774293565189309,-3.969763364695452,1.8158816708476226,-15.610231558308898,2.278559898621317,-8.066246005718735,2.7691012577757648,-3.3671425109308886,-4.30828481156412,280.3001577070278
381,1,5.774286021008664,-3.9697384929174215,1.8161211811210147,-15.622307492532796,2.278537465658818,-8.076834128211717,2.7691268697081197,-3.367147213105838,-4.308331529865014,280.3001667910337
381,2,5.774279663064091,-3.969888727358829,1.815918708584379,-15.606396192968557,2.278521897247173,-8.070824106593872,2.769162682591876,-3.3671486350346247,-4.30836924502433,280.30021496451263
381,3,5.774295873520877,-3.969948245259955,1.8160277568260914,-15.596396707983487,2.278566690063265,-8.076485024335714,2.769098307346809,-3.3671311824394516,-4.308255996455716,280.3001871863694
381,4,5.77428432506525,-3.9695611635001478,1.816002744512652,-15.615002884431243,2.278521644402768,-8.074215488905905,2.7691323415954052,-3.3671492742606737,-4.308296820712522,280.300183960782
381,5,5.774285728882035,-3.9698428877184755,1.8158612263053606,-15.610766045020595,2.2785840177069874,-8.073392904232948,2.769171717835637,-3.367156896176126,-4.308340879545524,280.30019673744494
381,6,5.774287396764524,-3.969604803474736,1.8160307738201424,-15.587085810586016,2.278535035918452,-8.077414127186561,2.769131410163325,-3.3671441528745842,-4.308294822245254,280.3001884579236
381,7,5.774292343750406,-3.9696171980354347,1.8159805955698887,-15.597060173165966,2.2785171225133642,-8.071936422788168,2.7691477498496777,-3.367149792288611,-4.308349794178829,280.30014890190245
381,8,5.774292904528501,-3.969835376867107,1.816012676305668,-15.599484764507828,2.278577811686506,-8.076347585686852,2.769130954359656,-3.367137190046425,-4.308269447674481,280.30015405835144
381,9,5.774292684228172,-3.9697036251787465,1.8160805510453357,-15.60371222507076,2.2785768884989013,-8.069346373359197,2.7691782398997553,-3.3671554334373766,-4.30833515852829,280.3001808441745
381,10,5.774278558389177,-3.969675632138318,1.8161063546910519,-15.589943910798999,2.27852095818477,-8.073457618233551,2.7691555414208118,-3.36715322918649,-4.308368795473335,280.30017944566634
381,11,5.77429507556801,-3.9697882974264544,1.8157895456106616,-15.605494524109636,2.2785572232947224,-8.06776842968999,2.7691721064151675,-3.367155663293775,-4.30836825695062,280.3001778596481
381,12,5.77428657131459,-3.969704129130939,1.815831138738336,-15.628348151281891,2.2785689111716096,-8.07413728198541,2.769147974963424,-3.3671512493647673,-4.308337477878295,280.30020071288
381,13,5.774288096383441,-3.9696890820371666,1.8159610244131756,-15.6147536713109,2.2785375344211403,-8.069110344827834,2.7691269353934387,-3.3671482338046057,-4.308322820585512,280.30018601460006
381,14,5.774269400032947,-3.969803599237283,1.815838611418244,-15.573970134381705,2.2784777393447295,-8.069305285162892,2.769108503228778,-3.3671429440780174,-4.308279603673365,280.3001944143998
381,15,5.774278034735286,-3.9695269269385984,1.8158649285163597,-15.61179123869764,2.278477352569805,-8.06909610505302,2.7691543646998342,-3.3671603838099684,-4.308362886583661,280.3001723819801
381,16,5.774286014607426,-3.969901070302642,1.8161011400056537,-15.59100853532335,2.2785737637176187,-8.07526086307073,2.7691484904796884,-3.3671465196758654,-4.308305821663465,280.30020194322094
381,17,5.774280879169539,-3.9698205311380823,1.8159411708256947,-15.627487700085853,2.278496712157027,-8.076338742954656,2.7690674485081765,-3.367134645943652,-4.308240848428259,280.3002067706519
381,18,5.774283108372777,-3.9697265249074767,1.8159349515870264,-15.612810155009953,2.278564280126797,-8.066881394032519,2.769147805418507,-3.367152267548618,-4.3083074593713135,280.30017289106934
381,19,5.77429851047668,-3.969831207541035,1.8160184959560863,-15.615191709197699,2.278565493098598,-8.077521161805677,2.769164233642833,-3.3671506646681535,-4.308354380648171,280.30013488535974
381,20,5.774295607609071,-3.9697520694202773,1.816006122549499,-15.61945490353572,2.2785566669228094,-8.073992237209696,2.769146126000338,-3.367144597743075,-4.308348777382677,280.30018101311
381,21,5.774275379285068,-3.969669214474462,1.8160694641073865,-15.622258201013999,2.2785464050677104,-8.074564162943425,2.7691563620523185,-3.367162600155912,-4.308326041850442,280.30017328946667
381,22,5.774291221499399,-3.9696946074913004,1.8160574772530709,-15.615379330634557,2.2785578547320777,-8.073169676568176,2.7691712302824625,-3.36715997354885,-4.308398895363519,280.3001456950879
381,23,5.774288601752604,-3.9698022359163505,1.8159664538202847,-15.63137575715885,2.278582870081258,-8.068028643099021,2.769165974211107,-3.36715464800888,-4.308338245501724,280.3001946460144
381,24,5.774283803647207,-3.9699638165241597,1.8160326955188866,-15.600433263644268,2.2785361520601612,-8.075911806057894,2.769160159251537,-3.3671552826945086,-4.308372802701441,280.30016317511365
381,25,5.7742846599639,-3.969750463994079,1.8160361696955727,-15.608643431979356,2.2785762732607022,-8.067452648690814,2.7691912005468895,-3.3671643612321134,-4.308356064199519,280.3001671825042
381,26,5.7742893794734815,-3.969804172000523,1.8159692392155165,-15.595211760197921,2.278519829957919,-8.072623598188581,2.7691321132681885,-3.367142504448825,-4.308332926803119,280.3001562124898
381,27,5.774288125165624,-3.969602593070921,1.815990822429246,-15.599846629045402,2.278541795491663,-8.07320466225447,2.769141267020855,-3.367146365697164,-4.30830367028976,280.3001690558625
381,28,5.774288304434867,-3.969704045211068,1.816014919871438,-15.617161992637472,2.278521929186583,-8.06893373406369,2.7691600762925335,-3.367156763978682,-4.308339479442316,280.3001539728123
381,29,5.774293302335322,-3.9695627717280697,1.8159542965303663,-15.587856023293343,2.278537305641016,-8.065902473536704,2.7691590661853467,-3.367159730010823,-4.308327512186951,280.30015619189476
382,0,5.774299608878111,-3.9696147668147255,1.8162512644558546,-15.600283817157425,2.278544662213862,-8.071941887549912,2.7691422231290765,-3.3671500748409438,-4.308364942939497,280.3002093131098
382,1,5.774307243594657,-3.9695498230682316,1.8158334103722924,-15.600152003832408,2.278521405642948,-8.056176044734531,2.7691373960794325,-3.3671568628166297,-4.30836497901066,280.3001843090392
382,2,5.774287814839783,-3.969700360115996,1.816107930463521,-15.614184898549883,2.278601327007968,-8.076006265369793,2.769172693758905,-3.3671642833877407,-4.308313866082709,280.3002019739666
382,3,5.774293810237521,-3.969534440348064,1.8159867252707944,-15.601558308398335,2.278522077193193,-8.066132990343222,2.769140653118056,-3.3671474942294877,-4.308344060096353,280.30015514541793
382,4,5.774300391444021,-3.9696470147576757,1.815901301294538,-15.59656799881012,2.278515540030849,-8.069680835486235,2.769190016542499,-3.3671515313126528,-4.3084136521035985,280.3001773361831
382,5,5.774290922431357,-3.969863822830788,1.8159607074169481,-15.612829249362452,2.2785459131989847,-8.072245901864596,2.769165161175334,-3.3671499025170695,-4.3083550615324295,280.30014329853316
382,6,5.774297772871799,-3.9697722120079106,1.8161325398042476,-15.596029807964733,2.278531125384347,-8.072115740928488,2.769124602649635,-3.367136634834532,-4.308307723725383,280.3001717551012
382,7,5.774293418999131,-3.9696899713782114,1.8160177004417066,-15.621405241733832,2.2785576105017444,-8.070773385740026,2.769123645654215,-3.3671519911992807,-4.308333299146996,280.3001597655607
382,8,5.774291101145925,-3.9697358250150296,1.8159992652636274,-15.59966621249985,2.2784972279501767,-8.069940451835572,2.7690820635617777,-3.367137863488018,-4.308235205677285,280.3001575288582
382,9,5.774301902084265,-3.9698608999507288,1.815936726614279,-15.614799631059816,2.278553037650997,-8.073900721372171,2.7691508896001316,-3.3671410868532905,-4.308326380535422,280.3002003547281
382,10,5.774301782797051,-3.9694799169005823,1.8160746821248142,-15.607954037394856,2.2785652915637065,-8.074868396529077,2.7691492176513153,-3.3671524147935092,-4.308338847502407,280.30018548427887
382,11,5.774294988979572,-3.9699274672277687,1.8161415968814432,-15.59331350059031,2.278516887472794,-8.072870035558953,2.7691582169783633,-3.3671548661069335,-4.308400742852518,280.3001866021541
382,12,5.774295307990419,-3.969887324266004,1.8159806016097293,-15.619027893976128,2.2785963990790856,-8.07096352434313,2.7691195859396895,-3.367148816814954,-4.308274863544133,280.300161787836
382,13,5.774283797254864,-3.9699000369966013,1.8160295875228682,-15.59827802666932,2.2785273474130507,-8.07472095602975,2.7691596628189727,-3.3671512009460267,-4.308389182078494,280.3001403920915
382,14,5.774290079054285,-3.969606755395857,1.8158691058315304,-15.590230386326885,2.278545489365656,-8.072196644831132,2.7691624812710525,-3.3671490477344865,-4.308324873174035,280.3001713184551
382,15,5.774300104820527,-3.9698679556457006,1.8161097785217533,-15.615707077852225,2.2785433559654504,-8.072323859862621,2.7691312793268286,-3.3671485770504392,-4.308324045088528,280.3001854958102
382,16,5.774290395524458,-3.9695763772638863,1.8160815170278306,-15.56103330094531,2.2785785393969573,-8.083550883703984,2.769148207227985,-3.3671412961074085,-4.308271639392565,280.3001901514101
382,17,5.774290875053231,-3.969733498427751,1.8159223123240387,-15.602883181469537,2.278545993947472,-8.068125078748174,2.7691687337944373,-3.3671542937695893,-4.308304426807041,280.3001400706833
382,18,5.774303046763154,-3.969844104767008,1.8160738026445982,-15.60050049010631,2.2785417370075423,-8.076360158826752,2.7691597878554384,-3.3671529557933004,-4.308394914587953,280.30017932490443
382,19,5.774284647217672,-3.9696894452481675,1.8160123090343165,-15.589872593472103,2.278513390173955,-8.072244520225377,2.769155980245827,-3.3671514928402164,-4.3083594114984365,280.30017902111524
382,20,5.774285866528141,-3.969630106514603,1.8159186360304476,-15.582423971593315,2.278485359300842,-8.071618610017605,2.769124942282591,-3.367148363521833,-4.308345816904953,280.30017263848356
382,21,5.774291386054308,-3.9698112089331206,1.8160363967062878,-15.604024535562184,2.278569946116274,-8.06947033011354,2.769170244359295,-3.367154730396189,-4.308325079772546,280.3001721388135
382,22,5.7742828087057365,-3.9698342232020796,1.816076112235607,-15.597876518022314,2.2785898980006696,-8.073342425585693,2.769159889219632,-3.3671564313498066,-4.308318241599736,280.30016997027354
382,23,5.774298974218694,-3.96966019969437,1.8158987804565252,-15.606074808431787,2.278530632993898,-8.069278093918347,2.769168694168272,-3.36715391582127,-4.308333415918654,280.3001687172145
382,24,5.774306224993106,-3.9698325090269373,1.8160943984963667,-15.632922087486854,2.2785892365641542,-8.072693619339862,2.7691091906328924,-3.367140984645421,-4.308271250746999,280.30020195627543
382,25,5.774298393583562,-3.969576910608312,1.8159711663142777,-15.612648900632543,2.2785873302872717,-8.067383575222776,2.7691465629734986,-3.3671567135637543,-4.3083277076775675,280.3001890786159
382,26,5.774290978768503,-3.9697765139641072,1.81592220460833,-15.612557123778684,2.2785430479061026,-8.071485661195188,2.769158895442946,-3.3671433395410055,-4.30833073388277,280.30015084299055
382,27,5.7742917692501825,-3.969720639779078,1.8159738220987984,-15.606078779175169,2.278559781913727,-8.069308236737774,2.769176616634719,-3.367164727855494,-4.308365469904368,280.30012998083623
382,28,5.77428326406151,-3.96974356844977,1.815965004213942,-15.61729768143165,2.278514985398096,-8.06571173303718,2.7691584389711936,-3.36716573121612,-4.308379317959415,280.3001709423694
382,29,5.7742972354356095,-3.9697670403147507,1.8160154879445036,-15.587896524221964,2.2785829768766233,-8.06937053906941,2.7691341402906904,-3.367148680671126,-4.308286687041005,280.30016571253407
383,0,5.774289486152922,-3.969702032194067,1.815982094621817,-15.601543596207199,2.278533292674849,-8.069305825552153,2.7691444467467585,-3.3671516583572254,-4.308306722446845,280.30015137974226
383,1,5.774298180893215,-3.969686343549748,1.8159355659926952,-15.590052128814841,2.278563550239728,-8.066404506985815,2.7691946422025513,-3.3671593618264946,-4.308372568122824,280.3001559840204
383,2,5.7742945660977885,-3.9696473479955494,1.8158681218381554,-15.60137592274208,2.2785444024341532,-8.06491044326731,2.769144545701994,-3.367154784691389,-4.308322038406154,280.3001390980362
383,3,5.774294013078921,-3.969946199319271,1.8160731492315814,-15.617153638558554,2.278564760298774,-8.074389916163426,2.7691451853682882,-3.367147359760555,-4.308345668183125,280.30018091239083
383,4,5.7742968443207605,-3.9699112849530613,1.815864177670656,-15.58585765350424,2.278597753486942,-8.070688526328249,2.7691734529242065,-3.3671421583702847,-4.30831102705247,280.300179687164
383,5,5.774295244823539,-3.9697168071821074,1.816034333884924,-15.596385360502897,2.278554250676038,-8.076116593299133,2.769147835287101,-3.367144093193658,-4.308339345894586,280.30015583533174
383,6,5.774289169866518,-3.9696744530178076,1.8159933672776665,-15.600081831410826,2.278549424493929,-8.06824255861756,2.7691666157626096,-3.367154498637935,-4.308323115071225,280.30012620762466
383,7,5.774290096080701,-3.9696821223867684,1.8159678783918713,-15.588952656494179,2.278511327468325,-8.062780391377897,2.769185811990975,-3.367159817363889,-4.3083706780826265,280.30016397255855
383,8,5.774294991347854,-3.969818690176738,1.8160981853551568,-15.598068812918395,2.27854157090192,-8.079603869642837,2.7691604649912294,-3.367140848956208,-4.308339933350039,280.30016334698973
383,9,5.774303521881458,-3.9695618421862213,1.8159409713271863,-15.600621200388403,2.2785857593928434,-8.07000349331399,2.769174178682049,-3.367164666116623,-4.308313145976033,280.30022180174285
383,10,5.77427917844731,-3.969669192822124,1.8159253059257099,-15.600344904122197,2.2785181278125552,-8.076444857514687,2.7691246689737365,-3.367140610792556,-4.308298028137472,280.30017955084446
383,11,5.774278667423936,-3.9697328717120524,1.8159994496318062,-15.615353707196421,2.278536913024396,-8.067457507845374,2.769172279413523,-3.367159013628571,-4.308358239276659,280.30017204691103
383,12,5.774284266447312,-3.969651082800626,1.816025067937413,-15.626541036519104,2.27855479285104,-8.072821773496697,2.769161407752614,-3.367151987340517,-4.308341005921183,280.3001250768961
383,13,5.7742982927012845,-3.96952639222474,1.8160876291581425,-15.590850868017812,2.278561133392998,-8.067638297393524,2.769195422376952,-3.3671581004683033,-4.3083656494810825,280.30014993952864
383,14,5.774301407529681,-3.969722403604107,1.815882741844795,-15.598767756790982,2.2785354909891344,-8.065760185071762,2.769146356516126,-3.367158955013152,-4.308327523867129,280.3001867916469
383,15,5.774292457622465,-3.969731169718363,1.8159690904527632,-15.581781897138251,2.2785213507796733,-8.069818332521402,2.769167834884797,-3.3671551126464623,-4.3083770227504585,280.30015099838977
383,16,5.774288134383384,-3.9696757808143652,1.8159568541277604,-15.625741902140902,2.2785059058042143,-8.058585916618101,2.7691842076845576,-3.3671673312759873,-4.308399761570453,280.3001874715826
383,17,5.774295564385984,-3.9698058794065525,1.8159681329528317,-15.62126806204451,2.2785567615104485,-8.074465203263081,2.769146039991646,-3.367147690427746,-4.308326306213388,280.3001680099612
383,18,5.774290969336065,-3.9696465579819593,1.8158743179059986,-15.591920639040952,2.27851593896334,-8.070150804291325,2.76914789124249,-3.3671530364671183,-4.308322562687931,280.30015006672306
383,19,5.774282569087287,-3.9696079502662482,1.815900200246594,-15.605880294244052,2.2784926678900517,-8.067784717610053,2.769157017311555,-3.3671565340037755,-4.308389342204146,280.3001777165124
383,20,5.774295624395593,-3.9698402594953994,1.815932074066211,-15.604681114351054,2.278562803143834,-8.064202970398417,2.7691219833122016,-3.367150576520821,-4.308324215118057,280.30015382681205
383,21,5.7742837708633825,-3.9698868923537254,1.8160426778424184,-15.604062898020807,2.278591559446665,-8.073178581577825,2.769195472261687,-3.367155713926291,-4.308366155291157,280.300179180236
383,22,5.774296655560667,-3.969698945061316,1.815925126409686,-15.623210447760759,2.278535443571274,-8.06610405011129,2.769145711729267,-3.3671529484657787,-4.30837256937733,280.3001645455381
383,23,5.77428486639945,-3.969996187502951,1.8160825161571128,-15.62351000236743,2.278570295895219,-8.071091461053305,2.7691859054496124,-3.367170977645485,-4.308349030763724,280.3001685961616
383,24,5.774297157633218,-3.9698653960502255,1.815973307368453,-15.613075694957288,2.2785445178654204,-8.078389634136329,2.769164120654979,-3.3671438136802916,-4.308350429033741,280.3001666422674
383,25,5.774289063711151,-3.9695605936226785,1.8160142897453382,-15.593373826419157,2.278565444945588,-8.071489174727885,2.7691826427864776,-3.3671630706705677,-4.308368321014627,280.30012533428265
383,26,5.774280365518035,-3.9698743261155505,1.815945990335633,-15.604915277037826,2.278534646124624,-8.071631813308825,2.7691521654808247,-3.3671554970702813,-4.308315808348351,280.3001620158372
383,27,5.774301240656597,-3.969724203432938,1.8159903300984963,-15.611557570244226,2.2785695169204874,-8.06962555271729,2.7691761289116585,-3.3671545605155493,-4.308374905392367,280.30017848825366
383,28,5.774300297748079,-3.9698369145037433,1.8160089045139602,-15.62174874173861,2.278580263061342,-8.073553092684994,2.7691582206079977,-3.367147027137446,-4.308338623414217,280.30017683692125
383,29,5.77428893642709,-3.9698426055133766,1.815906419070982,-15.599737524207603,2.2785102752268105,-8.067605368776773,2.769115507029546,-3.3671469869697837,-4.308316483802111,280.30015712601266
384,0,5.774285121407466,-3.9696611307390963,1.8159325316315662,-15.587398424619737,2.278518294134545,-8.069814052192203,2.769127922549706,-3.3671459574284235,-4.3083070830728945,280.3001842826506
384,1,5.774293145949982,-3.9695502177277557,1.8161152074377434,-15.614018678472776,2.2785302005510806,-8.071356560154618,2.7691606579407413,-3.3671573941054556,-4.308380984805282,280.30015955513653
384,2,5.774285557585556,-3.9696434318014484,1.8159097342705977,-15.600066310965655,2.278550589436481,-8.06914620820907,2.769141576825766,-3.367145486849563,-4.308329830636463,280.3001618917224
384,3,5.774300040596499,-3.9695038557151454,1.816064630253433,-15.60636682988907,2.2785349284773293,-8.069539302742536,2.7691753830702384,-3.3671587561524907,-4.308400576880554,280.30019014429473
384,4,5.774294680067683,-3.969772972973632,1.8159156787462636,-15.59122079380234,2.2785628515361767,-8.070494439405113,2.7691521825371206,-3.3671518791209056,-4.308320327675495,280.3001414445314
384,5,5.774292354320481,-3.9696150262925647,1.8159053955353224,-15.600343972743554,2.2785417278683533,-8.063680417544274,2.7691578002436548,-3.367156283509799,-4.3083571255227815,280.3001590299446
384,6,5.77429707722955,-3.9697574322956575,1.8161190089749983,-15.58920891990446,2.2785435973723853,-8.078273567040814,2.769185005986653,-3.367150210664626,-4.308367759858155,280.300163395342
384,7,5.774295117163872,-3.9696838994979173,1.8159864106380523,-15.614847425635181,2.278603826357464,-8.06346375662624,2.769203257491725,-3.3671608642574435,-4.308382183743165,280.30017857190967
384,8,5.774281224095804,-3.9697590648130983,1.81602628020678,-15.58769108080719,2.278537503407596,-8.074463195935062,2.7691841693188284,-3.3671473403112206,-4.308334100218375,280.30016103973725
384,9,5.774292070577366,-3.9695194550054587,1.8160256969076507,-15.60666336010405,2.2785634342745325,-8.073537646543725,2.7691571744538375,-3.3671491163752503,-4.308330076206402,280.3001481605995
384,10,5.774284838947288,-3.969643376794091,1.8160362952292157,-15.60619425479562,2.278524320157891,-8.069818129490367,2.7691552774556323,-3.367153896247937,-4.30833993572549,280.30017131000363
384,11,5.774285393859672,-3.969571356650914,1.815989307850182,-15.618195275304801,2.2785491980661146,-8.071958379750523,2.769142738778602,-3.367158001135619,-4.308301044943074,280.3001590466998
384,12,5.7742871142723375,-3.9696206399748104,1.8159928418108715,-15.612762763570538,2.278550537922902,-8.073033389480344,2.769149891826319,-3.3671494771469592,-4.308373903597942,280.300163826705
384,13,5.774289787093292,-3.9696147922924987,1.8160187045361207,-15.605943903378023,2.278560862268161,-8.070617407204029,2.7691541883745763,-3.3671491986517212,-4.308308773476443,280.3001647455806
384,14,5.774296997450215,-3.9696386637491874,1.8158894883079557,-15.610257504100346,2.2785431040587296,-8.071457005305602,2.7691449060807263,-3.367151110772347,-4.308369240759937,280.3001789928612
384,15,5.7743025460587845,-3.969890122591156,1.816076529648383,-15.609013277391348,2.2785951150891903,-8.072402182252707,2.7691703175822546,-3.3671512785874578,-4.308301146051847,280.3001827895572
384,16,5.774294498235451,-3.969585901941487,1.8160561968820983,-15.604940089939289,2.2785489950917506,-8.073967730506045,2.7691723683595915,-3.3671578056119773,-4.308334550316528,280.3001839303814
384,17,5.774292401564913,-3.969793791022278,1.8158596867444856,-15.619302101893807,2.278582494100522,-8.066088280341376,2.7691716419198777,-3.3671620549100325,-4.308362160465903,280.300181093428
384,18,5.774292589898166,-3.9696758193393107,1.8160420848886418,-15.584251965217096,2.2785357582931267,-8.067866409340759,2.7691601060156157,-3.36716036706678,-4.30837150866689,280.3001525847884
384,19,5.774297369025085,-3.969800842223851,1.8161080558192688,-15.593461015122982,2.278588730321666,-8.071847655533773,2.769202058961565,-3.3671645719982757,-4.308427161300584,280.30017442534415
384,20,5.774292203830802,-3.9695068114919034,1.8159315345846023,-15.574358621827123,2.2785288955198326,-8.067860295963673,2.769153691070152,-3.367156063819345,-4.308327186473941,280.30013635337065
384,21,5.7742873859470984,-3.969604771116763,1.8159648150177834,-15.590188688677424,2.2785525734411953,-8.070877021942874,2.7691699407431893,-3.3671561143365647,-4.308351861529436,280.3001793195628
384,22,5.7742817801546265,-3.9695133342552023,1.8160332200849914,-15.59645094674432,2.2784959839273906,-8.068144388209678,2.7691690046978734,-3.3671600080897313,-4.308384180176305,280.3001580966549
384,23,5.774284151027388,-3.9695230201134253,1.8160451308542582,-15.624527985571467,2.2785432617244017,-8.06840910894711,2.7691506387054736,-3.3671530848224585,-4.308312911818216,280.3001609237976
384,24,5.774289851468198,-3.969613084798433,1.8159952523651215,-15.586893854173287,2.2785568868762733,-8.073055733488008,2.769167167160145,-3.3671556419330586,-4.308369564440788,280.3001195488101
384,25,5.774285121778136,-3.969738606484268,1.8159553476075765,-15.631684925913431,2.2785282337477852,-8.066268139368564,2.769142073043458,-3.3671496977379003,-4.308306801133079,280.3001702896787
384,26,5.77428949707208,-3.9695919762747454,1.8160048680732594,-15.592662138106324,2.278595315877285,-8.065950454392976,2.769156912580715,-3.3671583974156536,-4.308329857768558,280.3001286159571
384,27,5.774285417878913,-3.970032917758365,1.8159657145254597,-15.62064747019722,2.278584315618827,-8.072700366027197,2.7691377740116807,-3.3671487001562777,-4.30832697045163,280.3001960127277
384,28,5.7742835761799745,-3.969961571658784,1.816002337967286,-15.597448934228536,2.27855320678747,-8.075651763035241,2.7691739688454375,-3.3671552292391898,-4.308362073042173,280.3001523372897
384,29,5.77429572209395,-3.9695482879159636,1.8159909229639704,-15.593340483547014,2.278568495619907,-8.073112873379491,2.769190908312946,-3.3671590563310687,-4.3083354976861115,280.3001612372839
385,0,5.774290577972578,-3.9695838072983385,1.8160217259205873,-15.57896307968549,2.2785042062991088,-8.066486601785224,2.769176036667724,-3.3671627010475675,-4.308397415581777,280.30014679569507
385,1,5.774290813526219,-3.969618350813211,1.8161144587196614,-15.597046339524402,2.27858186881999,-8.066278879191259,2.7691476964532633,-3.3671591265446272,-4.308320801496441,280.30018493977946
385,2,5.774288278969921,-3.9697121920409724,1.816009346800348,-15.600956204427368,2.278535883080304,-8.07063159712739,2.7691730975498094,-3.367157385930357,-4.308348077612529,280.30015517278366
385,3,5.7742753968255975,-3.9696488503188574,1.8160286111022408,-15.597739894002045,2.278539359716565,-8.072483903219307,2.769198583834661,-3.3671605757182332,-4.30837196692222,280.30016749417393
385,4,5.774285560765739,-3.9695013884220893,1.816082543450726,-15.565285755936983,2.2785264286797657,-8.069796862811899,2.7691715987009724,-3.367158172604668,-4.308347996229434,280.3001952990133
385,5,5.774292739109891,-3.969573528242583,1.8158969550898656,-15.592804506924493,2.278544126159854,-8.0624738133212,2.769106717479034,-3.3671536451637447,-4.308287534669949,280.30017198864624
385,6,5.774294318550802,-3.9694185602538288,1.8160257113830867,-15.585338202574654,2.2785995802305243,-8.07105831172249,2.7691746647179856,-3.367160236130894,-4.308353307591794,280.3001500984103
385,7,5.774280056094136,-3.969712816160445,1.8161225872270066,-15.565291027702468,2.27855802517756,-8.07417042677927,2.7692103670960466,-3.3671675087565123,-4.308394212002812,280.30020597295606
385,8,5.774284582505341,-3.9695921874750564,1.8159599829478095,-15.595965822023143,2.278557805529154,-8.060837526033401,2.769138924445772,-3.3671631296999798,-4.308304361835146,280.30018333227576
385,9,5.774280606975969,-3.9696199064981976,1.8159651961345802,-15.597422787104968,2.278552011576766,-8.069998811379374,2.769153527674852,-3.367155479508767,-4.308294536157238,280.3001613092936
385,10,5.774287775877244,-3.9697151901276975,1.8159670281670162,-15.61929485953813,2.2785351030572167,-8.069593575085316,2.7691190493007722,-3.367149994959581,-4.308293481917911,280.3001604586978
385,11,5.774289129260836,-3.969845086670477,1.815950264923662,-15.617284278685123,2.2785823215939596,-8.072181555401004,2.769171798334511,-3.3671555094999075,-4.308329952777675,280.3001719790401
385,12,5.774289351959271,-3.9696291746536736,1.8159299118326686,-15.58135301327168,2.278539244925145,-8.068676408829498,2.769129838372679,-3.367146524342525,-4.308275083647124,280.3001514247697
385,13,5.774298907103746,-3.96958349309023,1.8159939677227304,-15.615886134683382,2.278564602456256,-8.06809880567771,2.7691589633513938,-3.3671454800772973,-4.30833127502479,280.30017772137603
385,14,5.774287167917922,-3.9695531832204134,1.8160007519487906,-15.608668749527757,2.278544874510605,-8.06751128572313,2.769080149985449,-3.3671477742658875,-4.308274906815079,280.3001303644844
385,15,5.774288344781471,-3.9696377143099046,1.815954981389412,-15.5855086615182,2.278559807098544,-8.068517009853785,2.7691380568625967,-3.3671561820851736,-4.308319399167971,280.3001773943047
385,16,5.774282272446809,-3.9695810280496695,1.81592231632595,-15.570751493365744,2.27850516510389,-8.075894659055882,2.769140113021171,-3.3671449735135695,-4.308326704547568,280.30015020427027
385,17,5.774294237310254,-3.9697549637504057,1.8158591626175349,-15.591497405738894,2.2785919511460673,-8.063523781379526,2.769148209669665,-3.3671521624570047,-4.308316239415122,280.30018913232766
385,18,5.774287252627949,-3.9695273595945557,1.816082264713171,-15.57674377986774,2.278528281453074,-8.073106160149866,2.7691731145549072,-3.3671483127572923,-4.308394099754778,280.30016806343474
385,19,5.774285766175235,-3.9696503028047303,1.816009875485472,-15.597988895653398,2.2785270699925806,-8.073062638197786,2.7691619200140436,-3.3671547827744654,-4.308354903789551,280.3001756660492
385,20,5.774290375276773,-3.969493377676817,1.8160260735134606,-15.586139489262289,2.2785130790361734,-8.071213113609824,2.7691058017189976,-3.3671448910855717,-4.308328076960469,280.3001922543755
385,21,5.774291985117597,-3.9695290728041988,1.8159520455159444,-15.592650545998197,2.2785780188817557,-8.068745945205587,2.769096613002458,-3.3671376630632124,-4.308251491515958,280.3001649456168
385,22,5.774297669782987,-3.96983335990432,1.8159599451498454,-15.607424355739221,2.278562059374944,-8.076757096160687,2.769149252101485,-3.367148186814107,-4.3083531944869025,280.3001538561366
385,23,5.774291914092741,-3.969309469797769,1.8159177939086448,-15.59728320253493,2.2785658730666234,-8.06188708133557,2.769123889605553,-3.367149329088979,-4.308264330697053,280.30015436821793
385,24,5.774292461746536,-3.9699445387758563,1.816069644911853,-15.607241882009278,2.2785545042047426,-8.075797167148059,2.7691569701783942,-3.3671484051936353,-4.308314179686584,280.300175291331
385,25,5.774294204408712,-3.9694893169144,1.815953548034229,-15.582214000310863,2.2785754067691077,-8.069169813416323,2.7691849535300936,-3.367159712075447,-4.3083914630313895,280.30015559148535
385,26,5.7742883416838,-3.9693945612835213,1.8160073466200435,-15.57041714232142,2.2785512067769673,-8.075218674115378,2.769182248929501,-3.3671568971876464,-4.308372418575949,280.3001502084755
385,27,5.7742936233016176,-3.969362857612083,1.816053655890359,-15.58592927028014,2.2785609868458185,-8.064821642424535,2.769152259758609,-3.36715802359661,-4.308294429407944,280.3001672933159
385,28,5.774287076403165,-3.969668532878299,1.8159945538429223,-15.600793782355735,2.2785588247069817,-8.066732355258697,2.7691328860559166,-3.3671488681237505,-4.308294079531118,280.3001722472935
385,29,5.774301977513655,-3.969613436283281,1.8159656743236967,-15.602440946484297,2.2785943879752653,-8.063193511540986,2.7691739152514514,-3.3671610409070154,-4.308327749259135,280.30018496337755
386,0,5.77429775981334,-3.969591775619789,1.8160501095947186,-15.57872701728748,2.27853300775292,-8.071423436569244,2.7691364186031153,-3.3671519292206553,-4.308365688013314,280.30017712693484
386,1,5.774282298566881,-3.9694374302873,1.8159650222423889,-15.55407212948187,2.278515316026879,-8.071665894394307,2.7691541835855884,-3.367159238303072,-4.30840638735769,280.30015120956375
386,2,5.774277023098029,-3.9696650028097613,1.815930906364535,-15.62067723399635,2.2785447628507765,-8.073038042065349,2.7691329987252593,-3.3671511522428688,-4.308291440889101,280.30013050869434
386,3,5.7742912323012785,-3.96938212126852,1.8159458331318012,-15.56845464506422,2.2785597803779365,-8.066037707902861,2.769147031626792,-3.367162522858275,-4.308347830514299,280.3001525175169
386,4,5.774290473689131,-3.9695085378403454,1.8159655601383233,-15.562627396964254,2.278551022978222,-8.069896495451623,2.769126462031037,-3.3671535031610995,-4.308327400926859,280.3001437939168
386,5,5.774280919991904,-3.969636375894109,1.81607971774386,-15.583528705878935,2.2785542781208283,-8.073103559801584,2.7691412436048344,-3.3671564991500706,-4.30832303807713,280.3001703760396
386,6,5.774285018899635,-3.969498834251586,1.8159622766360495,-15.587983322758681,2.2785116702998556,-8.06845786399319,2.7690940029085924,-3.3671456485273996,-4.308277567114762,280.3001674018043
386,7,5.774281965582755,-3.9696396506736744,1.8160012630227802,-15.611421703088885,2.2785238559159606,-8.074010532561461,2.769188271995467,-3.3671566643109863,-4.308371597360177,280.30015280362625
386,8,5.774286044768816,-3.969541167657427,1.8159226115230245,-15.593350758357564,2.2784920119824714,-8.072041793690381,2.7691192096014814,-3.3671395350464968,-4.308294419454336,280.30016669030886
386,9,5.774283955426978,-3.969505340873981,1.8159442372507082,-15.57876768444497,2.2785169089922532,-8.070056453294283,2.7691275769661385,-3.3671486122624903,-4.308315653489697,280.3001585802043
386,10,5.774290893170086,-3.969455201079022,1.816051204012649,-15.593965137183755,2.2785250503278993,-8.074046688638516,2.7691546619398126,-3.3671619707175453,-4.3083919294683515,280.30015801301306
386,11,5.774291441073815,-3.9695952945438813,1.8159839941459086,-15.596320585170512,2.278538840757251,-8.0673190724329,2.7691676917631436,-3.367161333764689,-4.308359954297397,280.30014364392537
386,12,5.774284823089895,-3.9694624049417375,1.8159777528425907,-15.625021183137854,2.2785678024387326,-8.061495135569448,2.7691316792140084,-3.3671573347363624,-4.308308683370857,280.30017730014345
386,13,5.77428697614181,-3.969780160995401,1.816025321059601,-15.578370577024847,2.2785973362101157,-8.079966597920045,2.7691389746624258,-3.3671449748235704,-4.308301986431877,280.3001581410532
386,14,5.774288372712039,-3.9696281771098443,1.8159904790094932,-15.588967147097865,2.2785662581693558,-8.076483327297964,2.7691049866394355,-3.3671470350452335,-4.308277518266323,280.30017784736293
386,15,5.774292049761831,-3.9694114075378124,1.8159389715091196,-15.5703491694151,2.27850913219246,-8.067108304218683,2.769118417742268,-3.3671481532038947,-4.308305819180544,280.3001496005481
386,16,5.774278091253998,-3.9694554345240842,1.8160445661355473,-15.587905206064026,2.2785540558011435,-8.067507835099537,2.7691278830335886,-3.36715084737092,-4.308313033648025,280.30016276537185
386,17,5.774288202960473,-3.969454170239986,1.8158799273967456,-15.58361791193017,2.2785323991925557,-8.072074103853852,2.7691579382736156,-3.367153343587706,-4.308369689580479,280.3001822797768
386,18,5.774282015133496,-3.969537832720361,1.8160443462390106,-15.599243052715842,2.278566009853941,-8.075603238570965,2.769175052103884,-3.3671568891132417,-4.308380782395519,280.3001703234789
386,19,5.774281140463968,-3.969659457055958,1.816017483347249,-15.636623148215582,2.278521304085433,-8.069615220899346,2.7691175604392955,-3.367153867895266,-4.308293273822202,280.3001701225695
386,20,5.774293082616574,-3.9695820616100717,1.8159429618690779,-15.587250244818053,2.2785683067256968,-8.07444292653542,2.7691305607844607,-3.367146910547624,-4.308320414802674,280.3001793317487
386,21,5.774283529654074,-3.969578639147418,1.8159269043717319,-15.598869047358827,2.2785363314349336,-8.067331086568487,2.769128023318892,-3.367149977827344,-4.308284529717185,280.30015719614767
386,22,5.774292621524218,-3.9694794825050392,1.8159155078479305,-15.576152786811388,2.2784909815858727,-8.072829609706327,2.7691605946510425,-3.367154863000834,-4.3083676915646505,280.3001794914802
386,23,5.774291937145917,-3.9695024964853354,1.8160884175535008,-15.557233557306047,2.2785186580038,-8.067440406938191,2.769180479223477,-3.367165000978255,-4.308366622962773,280.3001912475497
386,24,5.774291341248833,-3.969716402567792,1.8159796501205685,-15.595502267056885,2.2785413839612003,-8.073992995326117,2.7691213376616615,-3.3671506938068405,-4.308328592023941,280.3001536828548
386,25,5.774283883458042,-3.9693817292402955,1.8160151224173542,-15.59416973910746,2.2785101709394944,-8.064930802126435,2.7691410475926803,-3.367157638791901,-4.30832793937796,280.3001617860658
386,26,5.774295069574049,-3.969697250403479,1.8158906655845775,-15.585440845274102,2.2785729005648667,-8.071489301478023,2.7691841173740372,-3.3671539719680306,-4.30835784985164,280.30015582920527
386,27,5.774285067605088,-3.9695801396078108,1.8159920729123054,-15.608088795444065,2.278539068111765,-8.07904026188225,2.7691726835143626,-3.367152757718052,-4.308354425885671,280.3001602869699
386,28,5.774285105914665,-3.9698692057156024,1.8159969999126149,-15.596077623630034,2.2785210525711874,-8.072147760254387,2.769102986696152,-3.3671421487854176,-4.308292302346787,280.30017145219085
386,29,5.774297818464402,-3.9696297764394135,1.8160476782390929,-15.595304159850096,2.2785836772760026,-8.068263293058436,2.769143795048818,-3.367150111683974,-4.308295378198169,280.3001668294187
387,0,5.77428280188641,-3.969539894438639,1.8158813712073956,-15.571824791636256,2.2785347930216884,-8.06788402896727,2.76914671672482,-3.367162381955048,-4.308342617024484,280.3001645212122
387,1,5.774284037148658,-3.96942831984764,1.8159437549508157,-15.55545487886766,2.278528682579616,-8.068301459755418,2.76913540220965,-3.3671576472089453,-4.308306229704347,280.30017517777617
387,2,5.7742842613723155,-3.9696227806707935,1.8159433985663662,-15.584532146676455,2.278555337104326,-8.07174661377263,2.7691452692346314,-3.3671587442909505,-4.308337096250855,280.3001489184106
387,3,5.774288764254948,-3.9694797254493803,1.8159739855972035,-15.574569533920172,2.278557630108482,-8.072911200785441,2.7691617610462593,-3.3671627407480824,-4.308372230320139,280.30016056452837
387,4,5.774291825989316,-3.969750677492073,1.8159226115976526,-15.611758562454982,2.278536331531792,-8.069818256791166,2.769174174264128,-3.3671618146658617,-4.308393712915189,280.30016506945367
387,5,5.77428468787883,-3.9695789677424282,1.8159030372649114,-15.579318721992164,2.2785615211968104,-8.07134526909991,2.7691434048557095,-3.367147140361791,-4.308287229739861,280.300166724632
387,6,5.774281850422419,-3.969604258878663,1.8160413275496463,-15.622249148180638,2.278555592236348,-8.071312265292478,2.7691540653880025,-3.367162605594724,-4.308363271134468,280.30014119030136
387,7,5.774283762763531,-3.969681903527831,1.8159983106341027,-15.608139658975597,2.2785333720958696,-8.078307232786047,2.769144286261381,-3.3671519560888403,-4.308335927894773,280.3001783572785
387,8,5.774295038419546,-3.9694124577138323,1.815937962247352,-15.57801278621356,2.278537285387995,-8.068700917932889,2.7691116612839486,-3.367146611301445,-4.308300070187029,280.3001800584471
387,9,5.7742812045030565,-3.9693751976141978,1.8159628383280138,-15.596496207929373,2.278501582281254,-8.063489940750843,2.7691632025754496,-3.367164754820192,-4.30838030622085,280.3001573311549
387,10,5.774291868187647,-3.9696302613041996,1.8159236823004226,-15.583117111954097,2.2785382531504643,-8.074461529401313,2.76914954377719,-3.3671566033092333,-4.308344478807049,280.3001466099686
387,11,5.77429147767198,-3.9695600233498616,1.8159011715505398,-15.59547194319853,2.278502003734133,-8.06479925767777,2.769107555638518,-3.367151754116684,-4.308293619089171,280.30018139811295
387,12,5.7742766205488225,-3.969500100566273,1.8159348685023555,-15.593083956344632,2.2785301474116575,-8.068543839467821,2.7691248496696295,-3.367157726955012,-4.308290695669485,280.3001629828243
387,13,5.774281024742192,-3.9694723777426137,1.8159820739322539,-15.618398761331775,2.2785353875765857,-8.066253283212527,2.769132854040681,-3.36715698147819,-4.308329452583502,280.3001429241533
387,14,5.774291491440288,-3.9696330063553984,1.8158552764648501,-15.57932653264611,2.2785417602033675,-8.066049835192949,2.769182035233935,-3.3671635195028964,-4.308364769002139,280.30016302010176
387,15,5.77429418993658,-3.96937455932933,1.8159250383058518,-15.572786726431143,2.278519446920725,-8.068572008776695,2.7691081306927985,-3.3671446245057215,-4.308334640062369,280.3001831536184
387,16,5.774278643182686,-3.9694824346628095,1.8160444943710905,-15.600868522275535,2.278572014853967,-8.080045323577153,2.769134343811483,-3.367151195880358,-4.308332110706963,280.3001708347733
387,17,5.774284610894034,-3.9696540888822205,1.8161403657891493,-15.60085723798119,2.2785421966629977,-8.075336332234238,2.769226180485317,-3.3671670331077883,-4.3084125668859885,280.3002108750253
387,18,5.774288066169302,-3.9696338221059024,1.8159307891169398,-15.600946419507853,2.278531431230318,-8.072179831507697,2.7690916419957126,-3.367143561699129,-4.308291454262887,280.30016535779623
387,19,5.774280731873428,-3.969602009702377,1.815850467812842,-15.604986296763954,2.2785285457502673,-8.067551312524898,2.7691185793439006,-3.367149755174232,-4.308293029322678,280.30019026974117
387,20,5.7742950506367094,-3.9693758608817387,1.8159937029557478,-15.599982406327593,2.2785437114744247,-8.065413828012481,2.7691542425985505,-3.367152969105205,-4.308310815760422,280.30014904501576
387,21,5.774282833669007,-3.969733339296094,1.815933614500984,-15.587018569430262,2.278537367830794,-8.07244473490322,2.769178939187409,-3.367157468348066,-4.308363406240936,280.30014787622883
387,22,5.774282210727367,-3.9692681871740074,1.815917012716975,-15.554958225484697,2.2784918138269856,-8.061974786217116,2.7691572684729,-3.3671585066840755,-4.3083614966466515,280.30015704086134
387,23,5.7742865521814295,-3.9696415121761035,1.8159011376311416,-15.589020267773655,2.2785570991107638,-8.068462610991165,2.7691456960148977,-3.3671543612243986,-4.308315289858891,280.3001667237838
387,24,5.774287537189943,-3.9695673616390263,1.8159467069577875,-15.569244740399224,2.2785733522720277,-8.067406877637737,2.769165356945586,-3.3671523305395334,-4.308297214165941,280.3001656935531
387,25,5.774278116525049,-3.969702632186122,1.816036233446285,-15.584511531415476,2.2785315856031128,-8.068474971554343,2.7691716202068672,-3.367160470616273,-4.30833696934619,280.30017551873874
387,26,5.774288246873563,-3.96938751842723,1.8159427049375678,-15.577037998608548,2.278527568955883,-8.068841542739456,2.7691546536078637,-3.3671546991863477,-4.308362260604824,280.30015785790005
387,27,5.774282204238669,-3.9693487981170126,1.8160240165017274,-15.59792663596413,2.2785338347120003,-8.06746516750761,2.769153148427383,-3.36716436736603,-4.308347316312526,280.3001354286769
387,28,5.774272400213029,-3.9698324381514962,1.815934573356919,-15.619829983018889,2.2785126139072376,-8.071131811334716,2.7691353574699433,-3.367157624062716,-4.308340370606361,280.30015486244514
387,29,5.77428411290424,-3.9697728498155396,1.8158730142556327,-15.595610377789576,2.2785210454003724,-8.069214008405368,2.769141885191317,-3.367161278275874,-4.308383778506577,280.30019224790277
388,0,5.7742819930937985,-3.969566962644963,1.8158457532519074,-15.59614782891989,2.278539790838661,-8.06602494923471,2.76912190825403,-3.367146215501883,-4.308285835355553,280.30018829283085
388,1,5.774286480794054,-3.969619485731759,1.8159763483235487,-15.596904510056772,2.2785509221741034,-8.075730165780465,2.7691748464933066,-3.3671547769255965,-4.308334414312623,280.3001998332422
388,2,5.774292605485673,-3.9693637870160003,1.8158931402743443,-15.60812921217504,2.2785765363299677,-8.063608355403906,2.7691537940902733,-3.3671615355433855,-4.308322707755893,280.3001618981392
388,3,5.774289816671614,-3.9696252441568993,1.8159956381395357,-15.592110160729808,2.2785456703319316,-8.07498982246127,2.769131483862013,-3.367144718650745,-4.308305250801031,280.30013452412925
388,4,5.774286965770885,-3.9693458517718594,1.8160916200160357,-15.635359012934567,2.2785188149031153,-8.067829857535411,2.769119263059371,-3.3671625782157117,-4.308359520796847,280.3001824370798
388,5,5.774287061517969,-3.969769947356478,1.8160251577356468,-15.580766519068693,2.2785947140917924,-8.077131683308936,2.76917238303419,-3.367160170375006,-4.3083608510197715,280.300166478226
388,6,5.774285525169378,-3.969706195586664,1.8159485837571012,-15.608569933842123,2.2785518418387336,-8.07193093857244,2.7691503403181703,-3.3671556284723287,-4.308323472644617,280.3001714235829
388,7,5.774280606105734,-3.969764064078453,1.816053230894011,-15.615092619784468,2.2785658849530113,-8.072127935575645,2.76920850387646,-3.367169566568069,-4.308393401529865,280.3001647102998
388,8,5.774287754460709,-3.9694293784698305,1.8159922474583128,-15.61134557488801,2.2785309799175053,-8.067911748949323,2.7691384113406046,-3.367165259574388,-4.308342054489863,280.30016700374534
388,9,5.774295620881045,-3.969652413367225,1.8161056045549573,-15.631775781850772,2.2785589258918204,-8.072711028009545,2.769154160789002,-3.3671551957493913,-4.308380619371032,280.300163633946
388,10,5.774300116611858,-3.9697870173263765,1.8159605678240442,-15.5773684023863,2.2785430620367477,-8.073109431101704,2.7691827458805522,-3.367157326289063,-4.308419963315638,280.3002117518083
388,11,5.774282171111809,-3.9694107600176674,1.815958152734591,-15.534820033322012,2.278520003876408,-8.073315760387267,2.7691209758138635,-3.367151707319096,-4.3082934451312065,280.3001555713453
388,12,5.7742917552452155,-3.9696627896953345,1.815913133460976,-15.616161095722303,2.2785824364884855,-8.070602133330445,2.769153834875866,-3.3671486144898,-4.308280800155589,280.30016072753386
388,13,5.774288160446343,-3.9699720904342652,1.8159278496147462,-15.60701491768827,2.2785821242951396,-8.072985995794124,2.7691564023919573,-3.3671508027686516,-4.308302388343029,280.3001798934737
388,14,5.774281354450648,-3.9695205101571442,1.8160890127711498,-15.608453390111228,2.2785573714843776,-8.06659371652138,2.7691729865400854,-3.367173635068071,-4.30834933491472,280.3001986283574
388,15,5.774288790236495,-3.9696015139186924,1.8160116257457242,-15.629164677188353,2.278586973311171,-8.06669694439109,2.769131470764633,-3.3671486282547365,-4.308270393060959,280.30016889372274
388,16,5.774284029659866,-3.9695653825519885,1.8161182756824656,-15.629768242871785,2.27857945841696,-8.070281718961816,2.7691377465755163,-3.367163968996758,-4.308322064720502,280.3001818508659
388,17,5.774275406703323,-3.969472094924228,1.8159298836279163,-15.616225221892966,2.278547019033846,-8.066770496903226,2.7691320443503837,-3.3671623822075913,-4.30832386680667,280.3001330415457
388,18,5.774287171535059,-3.969492999711153,1.8158994705173734,-15.575050463380492,2.2785368521961495,-8.066739512682638,2.769151461154012,-3.3671553488863286,-4.308336250525337,280.300180812962
388,19,5.77427672593119,-3.9695565869868235,1.8159265741194213,-15.6176503257314,2.278546723167234,-8.063828222517648,2.7691235172307525,-3.3671538671168655,-4.308249586861908,280.3001448980888
388,20,5.774277573301769,-3.9696757067016177,1.8159525780830326,-15.592630015607211,2.2785005562822263,-8.076476008475009,2.7691297071869174,-3.367160944773544,-4.308366335450179,280.300158027711
388,21,5.774287751861561,-3.9695580132363046,1.8159972101366038,-15.580071499477638,2.2785451278603857,-8.07236325865318,2.769144637385436,-3.367157028685569,-4.308346844214786,280.3001618162542
388,22,5.774296461289545,-3.9696712408780015,1.8159136780709932,-15.56829356860341,2.278557577412059,-8.067074924530692,2.7691516838089414,-3.367158989946258,-4.308340332569708,280.3001715821055
388,23,5.774286184882675,-3.969403593593148,1.815969296504882,-15.61324184848111,2.278552872188851,-8.070970192321736,2.7691597244296258,-3.3671633934246312,-4.3083487670294796,280.3001585980013
388,24,5.774293572994995,-3.9694298380683573,1.815912915201108,-15.557724546608062,2.2785214745114106,-8.071972295055254,2.76916443152631,-3.3671604527346135,-4.3084040621976305,280.3001327875121
388,25,5.774285195468051,-3.9693990400006993,1.8159746408598614,-15.588782551806739,2.2785488668288396,-8.071362731668335,2.7691189956586837,-3.367155946406918,-4.308289082952993,280.3001427999007
388,26,5.77428799712855,-3.9695624582588627,1.8159358099912724,-15.60142092112746,2.2785252475122406,-8.06888854830283,2.769138590483986,-3.3671570786603233,-4.308346430737175,280.3001546672914
388,27,5.774275385706892,-3.9696447566460966,1.816126479355235,-15.599146240393953,2.278520306676754,-8.080810327016897,2.769166958335011,-3.367165316111771,-4.308427227353002,280.3001740339448
388,28,5.774283528457198,-3.9695735050319847,1.8159018966085367,-15.592466443789393,2.278566006102273,-8.065757161208774,2.769169318682118,-3.3671624088703394,-4.308331873422764,280.30015985281227
388,29,5.774279289558959,-3.9696037670241906,1.815928330245234,-15.580229543998392,2.278541058777259,-8.07312104710006,2.7691487222039135,-3.3671536557594397,-4.308324207947984,280.30013537786135
389,0,5.774290905745594,-3.9695802689498265,1.8159807636612653,-15.593604069541655,2.2785579586315348,-8.06918538142048,2.76910961844179,-3.367150270026959,-4.308281722090666,280.3001579729405
389,1,5.774286919624552,-3.9694418668106604,1.815838069135899,-15.594638173656238,2.278540279144603,-8.065946979222481,2.769119824787845,-3.367162424852867,-4.308305296024617,280.3001964670549
389,2,5.774287362546997,-3.9694782253404752,1.8160166313794295,-15.593431239679196,2.2785279321665666,-8.068560314670895,2.769168151509733,-3.367164647278398,-4.308373924342688,280.30016099015324
389,3,5.7742800316657155,-3.9696979835721438,1.8159957677017344,-15.597290707062305,2.278547121391677,-8.073365645759514,2.7691506474800702,-3.367156553350249,-4.3083441758817775,280.3001486435134
389,4,5.7742766613041985,-3.9694605651255124,1.8159117338013495,-15.61827137052963,2.2784946872018628,-8.073784790304483,2.7691105235981337,-3.367152332068648,-4.30832631092164,280.30017983507304
389,5,5.774284550672243,-3.9694794330723,1.815904920953739,-15.54860053943898,2.2785072519504235,-8.07094941600556,2.7691599247668477,-3.3671636415235535,-4.308378686761383,280.30016975126637
389,6,5.774291368788,-3.969379836540426,1.8159417905721218,-15.567093960455859,2.2785370612045677,-8.066488954300539,2.769151029875982,-3.3671648570473507,-4.308366991044171,280.3001516635658
389,7,5.774283662015585,-3.9695415588227414,1.8159513410329762,-15.595027532578682,2.278558521548224,-8.072859480821036,2.7691329200407417,-3.3671564379459595,-4.308323849770332,280.3001560291384
389,8,5.774283701164555,-3.969616737619182,1.8159706678558656,-15.581916612662514,2.2785395571405282,-8.076869111397322,2.7691797414929766,-3.3671631474902872,-4.3083933625011195,280.30016662694646
389,9,5.774282233687145,-3.9694392739173683,1.815873943719353,-15.575099261755808,2.278515951776049,-8.07264042291986,2.7691252341092576,-3.36715920222905,-4.308312752414761,280.30015208611826
389,10,5.7742836205660675,-3.969554090000028,1.8159371467430265,-15.58687502964932,2.278538370784338,-8.066011972734175,2.7691491905892716,-3.367162471334761,-4.308350408296519,280.3001454146747
389,11,5.774304612564115,-3.9692479026236933,1.8159776853183016,-15.54706850133538,2.2785439089243695,-8.070598977326583,2.7691675587377738,-3.3671527402379926,-4.308379695290866,280.30019929668356
389,12,5.774277846737502,-3.969404280618123,1.8159391932158413,-15.55970273065904,2.278493753668472,-8.068628991043067,2.769148742375621,-3.3671556885904996,-4.308360166760882,280.30014491840893
389,13,5.774280588244135,-3.9695529042274966,1.8159565000106703,-15.569987472490634,2.278495179645227,-8.078648803105658,2.769162589386171,-3.36715499314535,-4.308386284464562,280.30018053310687
389,14,5.774279982255008,-3.969802072878461,1.815890807957163,-15.618507926215726,2.2784959743495783,-8.06973345844545,2.769114990188363,-3.367144299216486,-4.308268965549002,280.3001498155602
389,15,5.774275846770654,-3.9695003691136943,1.8158196718931643,-15.616671338297392,2.2785680559465877,-8.063969281368344,2.7691561146215378,-3.367171625776846,-4.308299566969181,280.3001917455234
389,16,5.774281247999874,-3.9695243418719204,1.8159378027849857,-15.574078071230014,2.278526645869952,-8.06707926066561,2.769160516008871,-3.3671712230882442,-4.308397330755605,280.3001717995409
389,17,5.774278912172272,-3.969306667761785,1.815975051733128,-15.607037453176286,2.278495384712808,-8.066585819950665,2.7691571041137055,-3.367162066628822,-4.308325905382966,280.300168993679
389,18,5.774284422406513,-3.969457100826962,1.8159736122061596,-15.623385539860465,2.2785343866887975,-8.062861591850488,2.7691397549940047,-3.3671652638395875,-4.3083552625687,280.3001729203494
389,19,5.774290524572443,-3.9695926912734505,1.8158833997637256,-15.565471984051646,2.2785178500866023,-8.077017485251991,2.7691562617784973,-3.3671568047022875,-4.308382924883932,280.3001731688053
389,20,5.774291646843329,-3.969593918904915,1.8159277130562237,-15.575202168737627,2.2785632538276688,-8.074572871256867,2.769121771151725,-3.3671499350006977,-4.308297616606244,280.30015550081623
389,21,5.774285178319413,-3.9695012781255095,1.8158707005688084,-15.587900292802335,2.278537317653762,-8.067494347190465,2.7691427057986946,-3.367158168978392,-4.308332993248505,280.3001917141707
389,22,5.774278628397622,-3.969578523543965,1.81588334246291,-15.59187731004424,2.278548859665687,-8.073294803779552,2.7691402877529696,-3.3671611058515034,-4.308315071969401,280.3001650952542
389,23,5.774274037624979,-3.9696405816559484,1.8158496862607367,-15.605343689728612,2.2784884358664597,-8.073338145031979,2.7691327403570045,-3.367147375419276,-4.308326655641241,280.30017284392926
389,24,5.774279894279614,-3.969523288827385,1.8159337800566024,-15.569610121328168,2.2785110885529836,-8.07760374538426,2.7691398885065737,-3.367156144900942,-4.308366247464568,280.30014062014993
389,25,5.774281733943532,-3.9692826661609097,1.8159289589154501,-15.591112855524491,2.27854838693627,-8.063387515462537,2.7691002697977796,-3.3671618223925566,-4.308298427188329,280.30014872127003
389,26,5.774278853763678,-3.969600102516837,1.8159836677147583,-15.590409415356984,2.278548034648341,-8.069908540291427,2.769164757984625,-3.367161244291815,-4.308350627153551,280.30015795847294
389,27,5.774274899692626,-3.9694644988820627,1.8160298354153952,-15.565861732442517,2.278515495360624,-8.075878163587994,2.7691217204641956,-3.3671453357777814,-4.308320323934714,280.3001798170589
389,28,5.7742745141691145,-3.9696700352751098,1.8159551303957686,-15.596489738492483,2.2785385451349196,-8.07077933907684,2.7691204868625197,-3.3671544565023677,-4.308311292174269,280.30014610948797
389,29,5.774286319349864,-3.969474281302536,1.815899504211618,-15.595155494308388,2.2785300959073442,-8.068061513500048,2.7691496118115895,-3.367160480758766,-4.308348794748052,280.3001798341664
390,0,5.7742888343579235,-3.9696096221644512,1.8160081511783204,-15.602405333476868,2.278571896193867,-8.071348821415263,2.7691509301528403,-3.3671528247419333,-4.308337338386077,280.3001557415338
390,1,5.774279623704357,-3.9692873653949055,1.8160649085901617,-15.594704740720436,2.278537042130695,-8.063277290560455,2.7691728004359017,-3.3671740964912122,-4.308382641359103,280.30017962493787
390,2,5.774284850619124,-3.969660432569332,1.8160079745630515,-15.58266468577163,2.278562071447473,-8.069130726904508,2.769130245782348,-3.3671587287991476,-4.308300205852029,280.3001387895137
390,3,5.774274182351533,-3.9696232868170025,1.8159060259466355,-15.566425231903805,2.278540028924571,-8.072900059156165,2.7691201186374723,-3.367160460787321,-4.308339292307807,280.30017208629147
390,4,5.774281992342132,-3.9693910130081878,1.815899153313411,-15.595017139280925,2.278475367560031,-8.063413617774529,2.7691674891511475,-3.3671618511945796,-4.308377877559697,280.3001510040066
390,5,5.774284853555885,-3.969238524616707,1.81602961041267,-15.612682195923185,2.2785607522059586,-8.062293334892322,2.7691564429822293,-3.3671663692128893,-4.308355798870404,280.3001578090269
390,6,5.77428789593697,-3.969445745551927,1.8158526696744262,-15.56284003631615,2.2785363712791775,-8.073850569012782,2.769122081362507,-3.3671486111106086,-4.308331757103486,280.3001903473127
390,7,5.774283456267612,-3.969392655838904,1.8159434719939493,-15.60036748244679,2.2785729164845017,-8.062181020925918,2.769148404392525,-3.3671619544599003,-4.308283568248491,280.30018207085016
390,8,5.774286974594608,-3.9693977129425635,1.8159643627912994,-15.565202661290202,2.2785463340919465,-8.071408704095104,2.7691124021061775,-3.367144884203087,-4.308310405891318,280.30017008045013
390,9,5.774276447194018,-3.969306472981764,1.8159146375503024,-15.585725629277702,2.278501163187205,-8.069113612726424,2.7691527990627103,-3.3671633635981872,-4.308350062946931,280.30015877746223
390,10,5.774287289758704,-3.969547904244248,1.8159810277773845,-15.578168510916992,2.278502943679316,-8.06834996657552,2.769137454347599,-3.367150583852497,-4.308329946949285,280.3001545374175
390,11,5.774281737128514,-3.969575829290057,1.815938392669596,-15.592633677988307,2.278553740450164,-8.075187877563724,2.769100074060062,-3.3671451223323228,-4.308280986594435,280.3001637328756
390,12,5.774280654633149,-3.9694007043545354,1.8159015713192002,-15.543578816795227,2.27849100069284,-8.068591923768174,2.7691670480466257,-3.3671734827380804,-4.308413123350763,280.30019707980466
390,13,5.7742891111942,-3.96939266816016,1.8160431720240058,-15.595686820819479,2.2785566097135224,-8.076748202482905,2.769149971974218,-3.3671512033280244,-4.308326092223774,280.3001664493848
390,14,5.774265179584397,-3.969533644187868,1.8160521715905718,-15.578865716968433,2.27854401932796,-8.069690644859891,2.7691308924979996,-3.367154737436601,-4.3083142637429654,280.3002033734658
390,15,5.774283092337077,-3.969537067726632,1.8159428470120498,-15.55546628423922,2.2785320442629846,-8.074292589911959,2.769123562846551,-3.3671490631511536,-4.308324391384859,280.3001645503426
390,16,5.7742804004828985,-3.9695641298701525,1.8159690072560575,-15.594570565741703,2.2785493562161223,-8.073155903553484,2.7691568539325546,-3.3671606636004348,-4.308332529512247,280.3001452205533
390,17,5.774277191676729,-3.9691957687135755,1.8159277649626435,-15.577989721887569,2.278514742201915,-8.070829167533315,2.7691408072106403,-3.3671606952365942,-4.308376731268793,280.30015071700564
390,18,5.774292319257677,-3.969490808923637,1.8159906077787449,-15.545478624898195,2.2785530528902767,-8.069198191338277,2.769217344031354,-3.3671652151174354,-4.308438539407061,280.3001501923589
390,19,5.77427540484165,-3.969701609695463,1.8159215499615144,-15.591794011138374,2.2785365914368088,-8.073474372589626,2.769086561447494,-3.367149755175547,-4.308269503630362,280.3001805478335
390,20,5.774263739013411,-3.969576178938847,1.8159432852852297,-15.569505717497357,2.2784440261015724,-8.073477857581521,2.769096855620459,-3.367149557985222,-4.308324899136054,280.30018686279203
390,21,5.774285230933395,-3.9693960387870018,1.8159759206922472,-15.580716364596173,2.278497477550465,-8.07165794209567,2.769132432815234,-3.3671483489022975,-4.308348119787545,280.300174326532
390,22,5.774279313181249,-3.969471526594013,1.8159989873373745,-15.60503764967568,2.278545951609034,-8.071180545527668,2.7691402492719703,-3.3671658820320967,-4.308346697331342,280.30015699036005
390,23,5.77428013137026,-3.969301679854943,1.8159272609262556,-15.548464497642012,2.2785218923554993,-8.073414777539991,2.769098812152148,-3.3671519290562464,-4.308291214021429,280.300152581557
390,24,5.7742852683965875,-3.9695964000513206,1.8159276109287918,-15.545251194325042,2.2785610257013116,-8.073097561980756,2.769121648795554,-3.3671516971027633,-4.308319024414732,280.3001708053137
390,25,5.774279183404142,-3.9692574202416018,1.8158474133982674,-15.579399973947677,2.27853286892613,-8.074131784777085,2.769135596902789,-3.3671585665360966,-4.308335555664312,280.3001888057087
390,26,5.774281142681309,-3.9696495671625955,1.8159346442995543,-15.60070878740487,2.278546212026701,-8.064294688090708,2.76911298085325,-3.367152816431223,-4.308288800569167,280.30014986677776
390,27,5.77427236299699,-3.969637810288423,1.8159014274882075,-15.59065922389225,2.2784723875524793,-8.076166897746264,2.7691215892043024,-3.3671542579060922,-4.308329612593354,280.300200620996
390,28,5.774287159735954,-3.9695014988619364,1.8160009046526906,-15.594456391203073,2.278532246559759,-8.068188606352553,2.7690994526852117,-3.367147271232982,-4.308288484748052,280.30018224466096
390,29,5.7742770887353085,-3.9693813480651965,1.815937142162813,-15.54454761233944,2.2785397518784354,-8.068295968463206,2.76915375629043,-3.367161614185237,-4.308343756533262,280.3001474209875
391,0,5.774280914229365,-3.969551105165242,1.8159263371526693,-15.572444307121078,2.2785491580636226,-8.067555628632237,2.769200371530885,-3.3671696632273274,-4.3083836846540615,280.3001714220323
391,1,5.774283459362031,-3.9695706405759528,1.8159356878094335,-15.581203587864161,2.2785594176186517,-8.064839366522227,2.769164271441061,-3.3671655480427574,-4.308305120990705,280.3001718963874
391,2,5.774285531521218,-3.9692671771798826,1.8159969409604075,-15.547246931869475,2.2784920390604846,-8.066616518522816,2.7691424420293833,-3.367162342237345,-4.30836564840698,280.30016991322657
391,3,5.774288010915969,-3.9694524843058714,1.8159516303039516,-15.582662239694784,2.2785209364392793,-8.070089615255196,2.7691464990733055,-3.3671618605554614,-4.308354811845082,280.30017407586166
391,4,5.7742785537566395,-3.9691532175074142,1.815980931650923,-15.546173431516673,2.278548120243245,-8.066275908724952,2.769163457770416,-3.367168874312399,-4.308370090966818,280.30015960847527
391,5,5.774276665507754,-3.969485612289621,1.8160164382965323,-15.597593871020448,2.2785564869529904,-8.063207648789879,2.7691342141400854,-3.3671660098943375,-4.3083118690719875,280.3001804062726
391,6,5.774288882945111,-3.9692670714330336,1.8159571701775188,-15.578838689252901,2.278565777069789,-8.068810391345904,2.7691649567070487,-3.3671651058464884,-4.308371368302124,280.3001495818083
391,7,5.77428273484747,-3.9697109688220364,1.8158677282920617,-15.577839255660153,2.2785313096975024,-8.07083120597913,2.769116578846512,-3.367146782180663,-4.308298850587834,280.3001248014112
391,8,5.774285927841381,-3.969590371327987,1.8159140098498705,-15.558354144966232,2.2785475319262583,-8.073821167050648,2.7691504982206716,-3.36715432396847,-4.308331589646539,280.30016625455323
391,9,5.7742879719543545,-3.969674102810518,1.8159280333593004,-15.57329268213289,2.278571167150893,-8.065720008592349,2.7691738887046107,-3.3671600495088896,-4.308319409315584,280.30016902967844
391,10,5.774276152989998,-3.9695531525657293,1.8160035246139876,-15.568838150129526,2.2785175476844315,-8.075159922469824,2.7691555097315463,-3.367165539732544,-4.308388947985798,280.30019444753236
391,11,5.774274798191064,-3.9692050630956652,1.8159212605083108,-15.565542503702996,2.278507315920952,-8.0722363995074,2.76912303164442,-3.367160843745472,-4.308324653626728,280.30013592231967
391,12,5.774282977511792,-3.969450190962205,1.815931610398911,-15.551078229013772,2.2785279278487534,-8.072546318297288,2.7691237251297163,-3.3671564519131025,-4.308319602163511,280.30014185660434
391,13,5.774286644804702,-3.9696205372873385,1.8159065617539631,-15.598736206378037,2.2785201135093542,-8.067626877898636,2.7691746167841558,-3.3671614636199894,-4.30836992971985,280.3001765613783
391,14,5.774275376382651,-3.9693740850292096,1.8159605753438162,-15.57332434942102,2.278561929153491,-8.065749108006836,2.769159933247335,-3.3671558951014924,-4.308313152799027,280.30015617862944
391,15,5.774273977631554,-3.9694106962511073,1.816038085724274,-15.563352804301914,2.278511960772822,-8.066750322741692,2.769138699129086,-3.367160876299778,-4.308351208058421,280.3001910659795
391,16,5.774281756596062,-3.969332750188527,1.8159051391851642,-15.54035729831981,2.27856457404592,-8.078379972557938,2.7691351439652676,-3.3671554952492895,-4.308312292998173,280.300175758564
391,17,5.774289240139478,-3.9693570552533193,1.816052503099025,-15.552806680433386,2.2785706871629903,-8.072318009796128,2.7692005779700923,-3.3671626560891634,-4.308409743592149,280.30014870916165
391,18,5.774292904060451,-3.9695049814328414,1.8160064585116706,-15.574244957749077,2.2785698910920558,-8.070091564493,2.7692032420748482,-3.3671663990477763,-4.308412268704075,280.3001550228394
391,19,5.7742840376616495,-3.969516740232932,1.815966949210311,-15.577488107403138,2.2785395736256633,-8.071159953928598,2.769156357256927,-3.367156034349757,-4.3083161733545055,280.3001757204539
391,20,5.774285325005651,-3.969433821956165,1.8159943340215534,-15.564364697985772,2.278585886224115,-8.067476553028913,2.769149400853762,-3.3671632554960644,-4.3083268538601045,280.30019489351724
391,21,5.7742834884730465,-3.9696253069081524,1.8159403139780315,-15.590304445766215,2.2786176598294277,-8.07567080851647,2.7691373496291876,-3.367158874980475,-4.308270788866521,280.3001719399733
391,22,5.774284306180531,-3.9697028294049472,1.8159619715525535,-15.58947727111043,2.278564109465726,-8.067876742824108,2.7691558320601812,-3.367159394391096,-4.308313857563474,280.30015912234535
391,23,5.774275515302523,-3.969381756981636,1.8159854218417435,-15.582177198049578,2.2785352106890544,-8.067492717505875,2.7691123838594343,-3.3671606828797245,-4.308326662218579,280.3001769041005
391,24,5.774284025911547,-3.9694451381808205,1.8159326718278106,-15.58550891415359,2.278535935112528,-8.066684602560988,2.769106925415185,-3.3671530178685374,-4.308292142539111,280.30015683234114
391,25,5.774290021043756,-3.9697189703126616,1.8160244981437046,-15.598158648420481,2.2786132583350285,-8.074245857380781,2.76914074495242,-3.3671585757512847,-4.308338467979715,280.30014026419593
391,26,5.774284897983689,-3.9695445335873645,1.8158613550191918,-15.57045918885382,2.278526411794221,-8.068581702489098,2.7691312967226662,-3.3671501039696015,-4.308304932241418,280.30019757351954
391,27,5.774271850374634,-3.9695151160332904,1.8159896072010808,-15.608168768506822,2.278549416285794,-8.066431849148596,2.7691140620886223,-3.3671582171159002,-4.308295660184823,280.30021419114576
391,28,5.774287297893693,-3.969545164076727,1.815943522037923,-15.553578661356017,2.278553430301579,-8.077154335577003,2.7691480667214634,-3.367154063514818,-4.308350250623384,280.30016533739195
391,29,5.774280388321476,-3.9696310639472543,1.815953508503775,-15.582653078822783,2.2785236806300833,-8.069652577728121,2.76913656182785,-3.367161452929686,-4.308323671222199,280.300166615103
392,0,5.774289134099867,-3.9696309427142724,1.8159868909623886,-15.585616474509829,2.2785469317698697,-8.071926969752703,2.7691585181518423,-3.3671644381838406,-4.308392883024353,280.30013879896154
392,1,5.774277771347907,-3.969447864441876,1.8159334946245325,-15.589725806308975,2.2785303950534948,-8.06916936112341,2.76913561976627,-3.367156121980115,-4.308287785148541,280.30016525142764
392,2,5.774287266111342,-3.96955640715654,1.8159658236416103,-15.571893866732154,2.2785495766243384,-8.06670453729404,2.7691376336702778,-3.3671583407926056,-4.308313360374799,280.30017111857137
392,3,5.774284266716072,-3.9693697769494243,1.8159346418133315,-15.584868920292648,2.2785625074216127,-8.069655492900685,2.7691200689251225,-3.367154707297695,-4.308308258538455,280.3001422731937
392,4,5.774285632619969,-3.969562911641555,1.815929714984924,-15.581190728648098,2.278515975339151,-8.069451586061444,2.7691646671106613,-3.367161892215259,-4.3083851040492105,280.3001609472381
392,5,5.774283039436771,-3.969479429461481,1.8158977256137505,-15.573095226571391,2.278532948446897,-8.066841713731408,2.7691183036690945,-3.367161020666859,-4.30828539396891,280.30013182536266
392,6,5.774283050980259,-3.9694052080971445,1.815960483131444,-15.558290232164047,2.2785368403628867,-8.072520999703976,2.7691472731335973,-3.367159999132941,-4.308385120014658,280.30016201543424
392,7,5.774276775419311,-3.969164675215115,1.8159654075585052,-15.57685354069566,2.278567076063525,-8.062296996341447,2.7691629292973574,-3.3671707486691673,-4.308339055613148,280.300184577858
392,8,5.774287723166492,-3.969203716743669,1.8160050737751021,-15.552034486289095,2.2785807145988497,-8.072358138717982,2.7691577820551636,-3.367162129386547,-4.308351199180123,280.3001704481001
392,9,5.774285163500849,-3.969666957555967,1.8159994305649376,-15.591534372132555,2.278559010788185,-8.073487447478076,2.7691642101045546,-3.3671576156265473,-4.3083560724124155,280.30015722095357
392,10,5.77428550344062,-3.969411002544114,1.8159373130558516,-15.535628587366554,2.2785410071148333,-8.073680134677387,2.7691737878416927,-3.3671567441084607,-4.308403688158595,280.3001651893991
392,11,5.774285202076882,-3.969435812623689,1.8158970545494986,-15.58337792533355,2.278551055074206,-8.066268483952099,2.7691601036206577,-3.3671653254577114,-4.308357531288574,280.3001587902523
392,12,5.7743000594355225,-3.969275066405741,1.816023677291039,-15.550287134104245,2.2785931798377983,-8.072777181080951,2.769180913924501,-3.367163203947981,-4.308387053606502,280.3001825684843
392,13,5.774288985319024,-3.969506887298003,1.8159600472987116,-15.559850922116137,2.2785380735460268,-8.073737132136632,2.769141028453125,-3.3671532809705567,-4.308355118482646,280.3001686373592
392,14,5.774274884060874,-3.9693807563464634,1.8159183770628524,-15.574706926122921,2.278541938383308,-8.07068905171369,2.7690779506259764,-3.3671498002135243,-4.308234702836184,280.30018139869554
392,15,5.774286267175337,-3.9692748817094725,1.8159265482894462,-15.592468168623391,2.2785722351342454,-8.067144990976024,2.7691509106172414,-3.3671604868777103,-4.308338715253199,280.3001673286378
392,16,5.7742775134387285,-3.969293960619089,1.8159616533342329,-15.595461367656876,2.278518501691222,-8.059628665865267,2.769166934475486,-3.367175521840063,-4.308371190312166,280.3001720454148
392,17,5.774278608493325,-3.969328617392316,1.8159674957842902,-15.55899328440539,2.2785596796827026,-8.069337481641911,2.7691747293144138,-3.3671675943998105,-4.308357580764056,280.3001692092431
392,18,5.774283742013142,-3.969479459958281,1.8159720512127044,-15.5557154626932,2.278555325872487,-8.075873860067311,2.769146242473794,-3.3671584518083293,-4.308360517854238,280.30015496104147
392,19,5.77428482853915,-3.9694263757706034,1.8159109034055074,-15.582480533261077,2.278538897990013,-8.073968075673577,2.7691471237275285,-3.367153595665807,-4.308348039138001,280.30016961810315
392,20,5.774291440948224,-3.9696174568345732,1.8159747428907485,-15.568413385609526,2.2785716255199784,-8.077681264234837,2.769138869152071,-3.3671538868581257,-4.308351750834313,280.3001381679114
392,21,5.774285503061883,-3.9694562440619285,1.8159438234577054,-15.570193596247071,2.2785481232305504,-8.072786074195674,2.7691337703487604,-3.367154048573984,-4.308314893410057,280.30016324373753
392,22,5.7742838941590815,-3.969377749844465,1.815977079607424,-15.602691944026803,2.2785333893935347,-8.070203082232402,2.7691780355466946,-3.3671641402005563,-4.308371717192689,280.30017819202186
392,23,5.774287480133356,-3.969706441446678,1.8159236114953914,-15.567859771717586,2.278564735692623,-8.075534323877726,2.7691436656948154,-3.3671505623352647,-4.308325660934738,280.30016798231316
392,24,5.774288577422232,-3.9694562657723096,1.815964183016212,-15.564429593579783,2.278554161226645,-8.071232045503143,2.769120533160102,-3.3671503990018703,-4.308324703092132,280.3001539572351
392,25,5.774281683431745,-3.9695025451475683,1.8159978104178758,-15.573229038539932,2.2785773043303483,-8.071032217687957,2.7691279498216286,-3.3671599559988823,-4.308299126780818,280.30017988608955
392,26,5.7742790348359785,-3.9693099696048,1.8159522322045172,-15.56274300991368,2.2785213851578274,-8.065984507466002,2.769100616341072,-3.3671564138984706,-4.30827932516071,280.3001659527518
392,27,5.77427763178862,-3.9695002585614425,1.8159428797400974,-15.589240121436537,2.2785298577393576,-8.06206901455607,2.7691480539869215,-3.367168641689136,-4.308369012892568,280.30013828677914
392,28,5.774298240562287,-3.9697060988318373,1.8159828676799934,-15.57470688181079,2.278578367285106,-8.073942442271678,2.7691042361618625,-3.3671490101157953,-4.308277367613069,280.30016553081265
392,29,5.774283921324701,-3.9694249299910753,1.8159687450056414,-15.557864432226163,2.2785549642789156,-8.068655745747781,2.7691630191730368,-3.367164547877163,-4.308361333151546,280.3001558892305
393,0,5.7742793346360255,-3.9693209987402827,1.8158862043677884,-15.561908196914091,2.278513890463562,-8.06706933064755,2.7691394050297315,-3.367158184996831,-4.308339476349266,280.30019063702366
393,1,5.774288545221308,-3.969467896321521,1.815914282923397,-15.579309804393281,2.2785627236026422,-8.065806020109536,2.7691098695577803,-3.367155235067372,-4.308303689276022,280.3001878034201
393,2,5.774290032600434,-3.969621608286672,1.8160294972183357,-15.588427799195712,2.2785451868138926,-8.067707436360173,2.7691586722222157,-3.367158886908993,-4.308340201013817,280.30013783810034
393,3,5.774282098770906,-3.969285998603879,1.8159790553300657,-15.538055514608457,2.278559842049535,-8.072159067349629,2.769139190209482,-3.367157580931873,-4.30831192138081,280.30014891333235
393,4,5.774281648168242,-3.9697420774628283,1.8159408117639573,-15.590229000877246,2.278575765582024,-8.068695731856529,2.7691144147442697,-3.3671565817696885,-4.30827134568443,280.3001556830963
393,5,5.774282738470197,-3.969227138586964,1.815972063416887,-15.563424182974538,2.2785525798306256,-8.067398054289786,2.769171443617793,-3.3671727245553944,-4.308387677074385,280.3001472205524
393,6,5.774285137258009,-3.9695220266567963,1.8159478179724453,-15.580463900330999,2.2785221985003052,-8.072390390167051,2.7691536808478534,-3.3671578437564955,-4.3083707537328015,280.30016166703234
393,7,5.774279198937652,-3.9693259639493665,1.8158424867273024,-15.536915075066958,2.2785205715667742,-8.06846488548154,2.7691328445660655,-3.3671635424095316,-4.308387400273091,280.3002057492825
393,8,5.774280516593396,-3.969436303148781,1.8158925589322756,-15.5570171336055,2.2785385247715073,-8.073887686914968,2.7691546893311734,-3.3671545540764134,-4.308344172107836,280.30018013231637
393,9,5.774288890445269,-3.969259739891666,1.8159751525991663,-15.569524546668536,2.2785522196692884,-8.069433374370059,2.7691127765426433,-3.3671583187496856,-4.30831861257179,280.30013494107243
393,10,5.774284106675019,-3.969378760865378,1.815961914185489,-15.583605087913687,2.2785166081513606,-8.069465775440055,2.769120024661025,-3.3671614206127773,-4.308342545247894,280.30015601163853
393,11,5.774280781183001,-3.9697134972650443,1.8159792750896213,-15.588254187573684,2.278532481918512,-8.075818956340905,2.769155893271509,-3.36715908284127,-4.308390446574905,280.3001485165382
393,12,5.774282265950354,-3.969628093250684,1.8159561143584828,-15.603963373965033,2.278586927458432,-8.071308193602086,2.7691113863829506,-3.3671567686292163,-4.308285973686696,280.3001811369686
393,13,5.774282483490083,-3.9697309903882125,1.8159025177353694,-15.580041596470693,2.2785569606386664,-8.071344729778167,2.769140781169912,-3.3671643894986705,-4.308323193868982,280.30017483349695
393,14,5.774278109292455,-3.969428395967913,1.8159249202657843,-15.538640148771831,2.2785046379730054,-8.074906492310324,2.7691589938453958,-3.367165699477757,-4.30840057299046,280.3001785509554
393,15,5.774290185968577,-3.9692405399033635,1.815960305674682,-15.580060442854187,2.278543562025329,-8.06426877145039,2.76911296147149,-3.3671590222449272,-4.3083042695195655,280.3001441620777
393,16,5.774286301166305,-3.9694140777289806,1.815932416806192,-15.559847097323297,2.278540622264067,-8.067382520603843,2.769126842463764,-3.3671651099273734,-4.3083501340591965,280.30015387840035
393,17,5.774277193017209,-3.9696119382251447,1.8159130965435286,-15.598216415373061,2.2784945097812863,-8.071491207013242,2.769101919497868,-3.367146858686048,-4.308294292644256,280.30016973597
393,18,5.77428403481043,-3.969680082319539,1.815814874661664,-15.586616189923834,2.2785203482576826,-8.070497479614563,2.7691205297397388,-3.367155427007034,-4.308330911642388,280.30017539500324
393,19,5.774271953075463,-3.969584240540216,1.815973567981387,-15.580772525634393,2.2785401386069712,-8.069063165966657,2.7691703124483062,-3.3671639704597167,-4.3083636281288165,280.3001725219183
393,20,5.774286532262927,-3.9694732746829,1.8160197042332296,-15.556812163923142,2.2785498190259306,-8.070964027976856,2.7691752252235844,-3.3671631114824594,-4.3083999354292635,280.3001628663096
393,21,5.774280253183863,-3.9693633679581746,1.8159976803007958,-15.593404308869907,2.2785381579605537,-8.068385648694534,2.7691355341901898,-3.367164938579889,-4.308354478347504,280.3001578520554
393,22,5.774288466248381,-3.969540881735135,1.815953810822538,-15.56645010556932,2.2785506404556277,-8.074216077055837,2.769148861933638,-3.367157612547048,-4.308369174518398,280.3001709289186
393,23,5.7742905291990825,-3.9695761900957334,1.8159856875961191,-15.596524540195688,2.278577811447487,-8.071230869290982,2.769134355386696,-3.36716026687377,-4.308327668650674,280.3001646077032
393,24,5.774283250565561,-3.969854132243575,1.8159779813795796,-15.589682103004455,2.278587743011894,-8.073478211035798,2.7691051260432262,-3.367151067353513,-4.308260695771937,280.3001662981519
393,25,5.774285653360789,-3.96933787156285,1.8159237904019243,-15.569158074840965,2.2785260201173627,-8.067529257606939,2.7691509027839243,-3.3671652893672968,-4.308370771471776,280.30017061738556
393,26,5.774281587123097,-3.9694755092728853,1.8158894864756474,-15.569846010921164,2.2785557574921063,-8.068164969872363,2.7691278675785207,-3.367158130989723,-4.308328458903726,280.30015746605363
393,27,5.774280556394535,-3.9695236148115494,1.8159756544091186,-15.57082094707946,2.2785326166898194,-8.074305268804727,2.769168770951461,-3.367162195328553,-4.30839274081827,280.30013327140784
393,28,5.774283402604275,-3.9692641675582085,1.8158761359175684,-15.547609381284888,2.2784819271624643,-8.06251800743009,2.769104229504317,-3.3671623599333813,-4.308337535495095,280.3001462017948
394,0,5.774283059945539,-3.9693747544853597,1.8159474487284324,-15.545327426511841,2.278539868397987,-8.073837243843093,2.7691478301690897,-3.367159774877126,-4.308344417239753,280.3001666999569
394,1,5.774288566349399,-3.969412546675947,1.8160541956529264,-15.597286889085023,2.2785674035098906,-8.071776018581023,2.769120442689484,-3.3671628024142777,-4.3083445377705045,280.3001594613861
394,2,5.774283805987635,-3.9698435095705578,1.8159602729801045,-15.627120970869198,2.2785520835677677,-8.071207516009737,2.769139259959261,-3.367158416702159,-4.308315858055503,280.3001726689552
394,3,5.77428775850383,-3.9693652876865695,1.815968073919307,-15.559726219364608,2.2785017178427025,-8.0666471875672,2.7691545761555583,-3.367163643374449,-4.3083699216264595,280.3001649733355
394,4,5.774284287388298,-3.969532535688054,1.815874010322382,-15.546771698218155,2.278552809943348,-8.06864486047284,2.7691090150236004,-3.3671537199921264,-4.308287593754073,280.30015193661535
394,5,5.774280757159739,-3.9694804131656367,1.8159391771127757,-15.580567602842937,2.2785644560643283,-8.072458337198942,2.769117753833829,-3.3671651632676185,-4.308318625516573,280.30016838345495
394,6,5.7742915091560985,-3.9694595803033588,1.815929128051208,-15.543926612388018,2.2785526151105953,-8.070979528010167,2.769128113796926,-3.367161690031894,-4.30835315654522,280.3001454195711
394,7,5.774287502003616,-3.969287935670508,1.816039179854555,-15.562111433675504,2.2785334884046176,-8.068458296866673,2.769179232761162,-3.3671709184737937,-4.308401525969837,280.30017307697926
394,8,5.774281150401363,-3.969286805838217,1.81595942308062,-15.571404493637987,2.2785482913734314,-8.064976763969627,2.76913641235018,-3.367167062604758,-4.30833857590628,280.30015023269164
394,9,5.774289282946209,-3.9695299565241062,1.8159048003449905,-15.576154024411691,2.278523839889015,-8.066284567296464,2.769138949412851,-3.3671571834407596,-4.308351121985283,280.3001598690861
394,10,5.77428500344066,-3.9692689168987583,1.8159637326280123,-15.562884979282254,2.2785551692019133,-8.072873104802474,2.769132325518869,-3.3671630177165643,-4.308334101145644,280.30016159629037
394,11,5.77428422748527,-3.969232901027843,1.8159945252586147,-15.571851067338802,2.278521986339139,-8.068317233864969,2.769165342045477,-3.3671639492678804,-4.308368496210446,280.3001641544963
394,12,5.77427738364464,-3.9695356526579975,1.8159051311812642,-15.573078169209145,2.278542022960646,-8.075427692874978,2.769142615437826,-3.367160987491987,-4.3083256046544225,280.3001622616938
394,13,5.774285449073385,-3.9693065063062063,1.8159944040396725,-15.551240851548707,2.278533351581587,-8.067190035115184,2.7691777724552273,-3.3671650813128498,-4.30838027945029,280.3001521929404
394,14,5.774283463925129,-3.9692159155834728,1.8159464340387965,-15.579762231198515,2.2785040433457335,-8.064860692034246,2.7691459363416917,-3.367166486967887,-4.30831879833368,280.30014796554735
394,15,5.774283502718349,-3.9694611815898506,1.8159475834985395,-15.596756278619813,2.2785553388086663,-8.071062381384424,2.7691461773273454,-3.3671570337038474,-4.308338917959741,280.3001596847221
394,16,5.774286966387645,-3.969599424231902,1.8159836147381347,-15.58634144124733,2.2785422344627286,-8.066820475393856,2.7691339891961393,-3.3671578636250263,-4.308326583881079,280.30018023188416
394,17,5.774285066993562,-3.969371266897745,1.8159794350715526,-15.564250679709382,2.2785334927004604,-8.071075058595778,2.7691518852599852,-3.3671613969614604,-4.308372446762734,280.3001550544131
394,18,5.774282260975377,-3.969286121581058,1.8160554468286882,-15.553871187535723,2.278565327609849,-8.074443387712071,2.7691891529514976,-3.3671710458678534,-4.308409929301253,280.300171624315
394,19,5.774282114263904,-3.9692968916627946,1.8159642096627293,-15.546333933226425,2.2785408148491437,-8.07360944172928,2.7691566964169914,-3.3671583318281892,-4.3083735423478045,280.3001574782891
394,20,5.774288694862365,-3.9696464550897836,1.8159713760229266,-15.582510797271759,2.2785675180774336,-8.07292154810442,2.7691337614358806,-3.3671548360980186,-4.308336060247546,280.30017426433056
394,21,5.774288267553301,-3.969426874801934,1.815977309131092,-15.567481351175337,2.278538401215639,-8.070953316658281,2.7691624834665203,-3.367170217205923,-4.308399458369411,280.3001622998026
394,22,5.7742950532718105,-3.9695766725428987,1.8159714782684329,-15.589305020333278,2.2785357197811518,-8.067975316370632,2.7691679945026637,-3.367162231160032,-4.308376598190729,280.3001647961259
394,23,5.77427833377696,-3.9694589849510837,1.8160469366159686,-15.571062508010261,2.278550652255123,-8.073503495099107,2.7691510253054066,-3.367163379510379,-4.308345766501864,280.30015212474876
394,24,5.7742861432872195,-3.9694413162629516,1.815915936008466,-15.562967149112334,2.2785527243388843,-8.069343948876751,2.7691173339825075,-3.3671571384033494,-4.308304605713863,280.30015543546546
394,25,5.77427774892125,-3.969242297729401,1.8159155413839925,-15.575448467497468,2.278514324896935,-8.06582586831458,2.769132172138603,-3.3671657315416037,-4.308338869894941,280.3001844104254
394,26,5.774280324472964,-3.9691710335048276,1.8159419630614744,-15.571105503072205,2.2785077597511187,-8.064305495270961,2.769139299509259,-3.3671675684422953,-4.308339365548003,280.30015646913597
394,27,5.774293592180022,-3.969459461067705,1.8159575793486984,-15.56328410928176,2.2785595251714335,-8.073359080529196,2.769149274846831,-3.367158031459059,-4.308382205494955,280.3001471316916
394,28,5.774286156936268,-3.9694354975830697,1.8160046544068182,-15.601256749174462,2.2785482765826455,-8.071503625636533,2.769159021929204,-3.367165129226533,-4.308387275391391,280.30013731885504
394,29,5.774286616636386,-3.9696179727747327,1.8160232532904614,-15.604515648786702,2.2785856571680343,-8.076664299605135,2.769151923558582,-3.3671600856486985,-4.308364845422775,280.3001790305582
395,0,5.77429619167431,-3.9695126994562218,1.8159286579221274,-15.550576899127405,2.2785770065901336,-8.071535123048722,2.769160358215808,-3.3671572059628048,-4.308352274665473,280.3001396376002
395,1,5.77428857627075,-3.9695014963376867,1.815930790093334,-15.597567718224822,2.278557377191261,-8.064718536665778,2.769146172287626,-3.3671627803864,-4.308320233367522,280.3001555862469
395,2,5.77429486362144,-3.9692933248868916,1.816007270580702,-15.55608215650987,2.278559128667702,-8.069927249236368,2.769146713507294,-3.367164543920066,-4.308354748416641,280.3001678088374
395,3,5.774286428181083,-3.969365285088225,1.8159726885107612,-15.555649397117516,2.2785514163293437,-8.073137838427362,2.7691560684167795,-3.367166180407461,-4.308420303602145,280.300155931284
395,4,5.774277941929787,-3.9693102609707243,1.8158955659327027,-15.544036415975917,2.278559798884536,-8.063891109910417,2.769137460092822,-3.3671699570579885,-4.308324650950651,280.3001795388792
395,5,5.774290592573395,-3.969398380657609,1.8159988538750709,-15.593562619905567,2.2785523046609275,-8.069938533922128,2.7691281528664864,-3.3671660896597295,-4.308379284870331,280.3001385028985
395,6,5.77428314095493,-3.9693619331834933,1.8160110475916573,-15.606523348545537,2.2785524413386278,-8.070698274420048,2.7691545393469332,-3.36716056826428,-4.308353073767051,280.3001561696426
395,7,5.774283030128067,-3.9694340030010182,1.8159079524367296,-15.55727400706116,2.2785590400590436,-8.07303162753987,2.7691069079331987,-3.3671574933615096,-4.308278425758763,280.300131229647
395,8,5.774292914598869,-3.96930599569833,1.8159590595582875,-15.556057889415632,2.2785680590347166,-8.068911139447847,2.7691378955519714,-3.3671636220762498,-4.308329612422579,280.30016557210274
395,9,5.774284816162748,-3.969310806278589,1.816027399884483,-15.564429161537518,2.278539113281429,-8.066886499888117,2.769171378943626,-3.3671718831646493,-4.3083953052292,280.3001497654341
395,10,5.774281643033482,-3.969223211047421,1.8159834092194076,-15.565768821016524,2.2785373783771457,-8.068534727129247,2.7691264085195018,-3.3671614890921533,-4.308348433447528,280.3001380026135
395,11,5.774281003805769,-3.969141758833959,1.8160023848504647,-15.592424912878398,2.278520540191582,-8.062282988828544,2.769126245106543,-3.367168995977848,-4.308321699771554,280.30016007670963
395,12,5.774284796205499,-3.9692540549488267,1.8159810962291651,-15.55373966275602,2.27855109850273,-8.071160410203136,2.7691506090809304,-3.3671654326107436,-4.308380391170897,280.3001293755848
395,13,5.774289476196733,-3.96928028693998,1.8160010882919277,-15.56000675553754,2.2785473355867607,-8.06704930180849,2.769158131939469,-3.367168452501807,-4.308404281826417,280.3001351749336
395,14,5.774286780616768,-3.9695569401997233,1.8159687284427464,-15.574717364227126,2.2785366694372926,-8.072141268003316,2.769164069609447,-3.3671619958295356,-4.30837999144267,280.3001701745271
395,15,5.774288478940189,-3.9692349859791185,1.8159071610137907,-15.571095018735557,2.27854349556327,-8.069995912994933,2.7691058295624575,-3.3671564483157916,-4.308274644459866,280.30016686168955
395,16,5.774290826113985,-3.969455629134507,1.8159715627533728,-15.560188758258782,2.2785653393918035,-8.06952377244884,2.769140343407785,-3.3671649007039632,-4.308366236285487,280.3001296882386
395,17,5.774290611585977,-3.9693689060579587,1.8159370801945354,-15.558031559094289,2.2785558325584594,-8.070044897183712,2.7691587266453657,-3.367171730488847,-4.308408369284637,280.30014778108614
395,18,5.774282875983548,-3.9692952416899536,1.8159846272705955,-15.584494032508486,2.278562243517474,-8.072681258076933,2.7691339747923633,-3.367169885331479,-4.308367115647841,280.3001613038709
395,19,5.774282192969251,-3.9692897202144564,1.8158816866694627,-15.573397078916246,2.278520337549072,-8.067492517314433,2.7691316429907338,-3.3671609007623804,-4.308311744513023,280.3001640028034
395,20,5.774286481921381,-3.969354280284066,1.8159513497090163,-15.566952256639867,2.278546133956303,-8.068155730488321,2.769181754032386,-3.3671660437214337,-4.308419328424077,280.3001736985575
395,21,5.77428753048249,-3.969348202209665,1.81597320893424,-15.564539204156178,2.278568676596511,-8.074603549282989,2.7691379150182662,-3.367161350607761,-4.308347038735001,280.30017953761046
395,22,5.774292033920849,-3.969379892727569,1.8159829727157293,-15.566391237520447,2.2785384036228002,-8.066917096582324,2.76913013408205,-3.367158412589644,-4.30834565293862,280.3001458697829
395,23,5.774278423051002,-3.969225602597812,1.8159696625368058,-15.578626650555204,2.278532410975816,-8.069753650562845,2.769137082663548,-3.367166398565247,-4.3083530409431585,280.3001619712084
395,24,5.7742846286381955,-3.969258896399846,1.8159672345168485,-15.559555780030914,2.2785480749869587,-8.069272447454212,2.7691436507213654,-3.3671661298106557,-4.308371124083773,280.3001626112401
395,25,5.774287882855527,-3.969440201845071,1.8159542660700394,-15.576609975451992,2.278520584878433,-8.068699605833231,2.769126814082269,-3.367158937567172,-4.308326281334452,280.3001880533543
395,26,5.774286691528261,-3.9694658515068864,1.8159262715606945,-15.579384037669776,2.2785198603965617,-8.074352770873967,2.7691101685607395,-3.3671542252721687,-4.308314245065506,280.3001829686437
395,27,5.774279248273133,-3.9696088265870513,1.8159204703756384,-15.577364011828632,2.2784934883614114,-8.066524452453908,2.769133406477914,-3.367154140577698,-4.308330485242398,280.3001922446073
395,28,5.7742826687879525,-3.9693491452951206,1.8159908673379872,-15.569787545242317,2.2785283012752795,-8.074326973752257,2.769139146454507,-3.367161607500556,-4.3083540979967045,280.3001381561628
395,29,5.774290409049942,-3.9695527886638198,1.8159619651304357,-15.569265414074817,2.278541181693049,-8.072108879152383,2.7691344706797056,-3.367154979971475,-4.308327744856194,280.30014641068817
396,0,5.7742795402926985,-3.9694257792863366,1.816001524279653,-15.56611462431693,2.2785516164194592,-8.07119854068642,2.76910907539708,-3.3671548003761185,-4.308282377653055,280.30016679426416
396,1,5.774287605140045,-3.9693729888076565,1.8159430219539592,-15.548022557980287,2.2785793946670796,-8.0681628867025,2.7691112008673526,-3.367156010410786,-4.308312787128269,280.3001688570982
396,2,5.774289952402175,-3.9691961592971587,1.8159811919512778,-15.551257339520726,2.2785482388213643,-8.064896767656588,2.7691066875030224,-3.3671595780337475,-4.308292504487191,280.30014855611654
396,3,5.774291783042368,-3.9695071212816235,1.8159571998691346,-15.568257058910346,2.2785718837354607,-8.069941180510408,2.769156923404708,-3.3671659543929082,-4.308376718908672,280.3001422809523
396,4,5.774284029738702,-3.969476336917832,1.8159557532635244,-15.581860968344674,2.2785099963148867,-8.063869340770337,2.7691376769875395,-3.3671665214276705,-4.308368778410132,280.3001761339763
396,5,5.774281974342076,-3.969275273158181,1.815965562039384,-15.559464211916225,2.278520420835182,-8.070765737596174,2.7691547441208577,-3.3671657362843863,-4.308354650680818,280.3001533659633
396,6,5.7742817301284814,-3.969348071988972,1.8159440378333263,-15.584415779378178,2.2785253819358773,-8.063184196245736,2.7691062800884283,-3.3671544063844205,-4.308297719042121,280.30013342074426
396,7,5.774292048440102,-3.96925914886519,1.8160390393548214,-15.549362293133923,2.2785417523085023,-8.06973280318724,2.7691668342936033,-3.367172619271739,-4.3084125814762055,280.3001620936343
396,8,5.774290328065589,-3.9694705536764725,1.8159578121423925,-15.551591306566129,2.2785517384714535,-8.072990415325297,2.769133145418521,-3.367155961829392,-4.30833436807951,280.3001349424273
396,9,5.774287440534856,-3.969386274073199,1.8159495101453789,-15.562568364709362,2.2785313671280747,-8.069772076046725,2.7691372479747516,-3.3671624630439547,-4.3083618310254295,280.300144875937
396,10,5.774287014340116,-3.969241986726634,1.815919513202733,-15.552535549524608,2.2785497142757714,-8.068774677779784,2.76912725482884,-3.367159817931616,-4.308333372728751,280.30016337737413
396,11,5.774289275578985,-3.9692419585945755,1.8159525973677169,-15.53863420015157,2.2785196838163957,-8.071000816134212,2.769121966411115,-3.367159224541834,-4.3083673495438255,280.3001608758226
396,12,5.774282679646712,-3.969249999956071,1.815941788782192,-15.575017167550595,2.278542783529863,-8.070104263149817,2.7691540251071807,-3.3671669758287135,-4.3083653260994765,280.30014072718467
396,13,5.774289272825184,-3.969352112189382,1.816005691209507,-15.568934162818067,2.2785576821755433,-8.066963013449573,2.76913686775235,-3.367162048950368,-4.308331448795448,280.30014872083837
396,14,5.774285057385601,-3.9694442134704793,1.8159471010243966,-15.569537172607578,2.278553213071746,-8.068672701124704,2.7691227587481935,-3.367158661769986,-4.308320718562573,280.30014858070024
396,15,5.774288653834865,-3.9693747444362453,1.8159445675599426,-15.547151500697442,2.2785406729351725,-8.069770462328698,2.76911892026861,-3.3671578409898584,-4.3083267352209536,280.3001341544616
396,16,5.774283064263383,-3.969341302743778,1.8159632365823062,-15.57017943862618,2.278540380446262,-8.069555815545915,2.769127626136583,-3.3671624848834547,-4.308341765191387,280.30014032432706
396,17,5.7742807796431155,-3.969708431979328,1.8159167452895315,-15.591938767194762,2.2785550558797567,-8.070743058209082,2.7691057234522276,-3.3671552721542324,-4.308297536628348,280.30013726390393
396,18,5.7742870687511845,-3.9694881665931305,1.8159402133128615,-15.572961413639646,2.2785634530746965,-8.066947097756838,2.7691069623472706,-3.36715681277325,-4.308309630919382,280.3001694634496
396,19,5.774288137923774,-3.9694321780506563,1.8160345889303695,-15.590486182938145,2.278570234733475,-8.07014975602698,2.7691400600850464,-3.367169635403989,-4.308388729962877,280.3001710165715
396,20,5.774296287949833,-3.969391219783135,1.8160416532955168,-15.571221078221582,2.278568150840501,-8.0708464276397,2.769153346594119,-3.3671583722976144,-4.308375238735111,280.3001385445823
396,21,5.774285288724133,-3.9694517678123145,1.8159208250467298,-15.567858544147175,2.2785094433853086,-8.072610633916128,2.7691224353128576,-3.3671601267494533,-4.308383930148992,280.3001459880012
396,22,5.774291962337044,-3.96945547449092,1.8159176950253992,-15.543470139796165,2.2785539694969255,-8.07028845918457,2.769128071226639,-3.367154874274623,-4.308329893456779,280.30016203506614
396,23,5.774280792207845,-3.969190690155365,1.8159984711625292,-15.545783192353989,2.2785188236145624,-8.070368954022307,2.7691297100535106,-3.3671637128191225,-4.308370104868419,280.3001539093176
396,24,5.774291801520226,-3.9693827844193024,1.8160523236415362,-15.567032590745713,2.2785519490601662,-8.070397460593256,2.7691649654429544,-3.3671631515622047,-4.308379671859282,280.3001516063674
396,25,5.774289850292631,-3.9692869865236107,1.816046997163041,-15.535479707343823,2.278532112275351,-8.0721180238278,2.7691926756412353,-3.367168381363016,-4.308461560125627,280.3001435973748
396,26,5.77428728077741,-3.9693493319580075,1.816008123474115,-15.561027574290394,2.278568270811058,-8.070113640251597,2.769163253861055,-3.3671647087332173,-4.308389883495897,280.30016808666755
396,27,5.774286987068461,-3.9692266219655146,1.815982910403086,-15.563647367242188,2.2785116275881983,-8.068810157838444,2.769127797583705,-3.3671641522167866,-4.308389395516117,280.3001706720259
396,28,5.774288259353779,-3.969433686555721,1.8159575772842065,-15.582728758503904,2.278541837783615,-8.070478361637306,2.7691199451088675,-3.367154551888187,-4.308333138396254,280.30016103704827
396,29,5.774289276863082,-3.969284137244536,1.8159875778518844,-15.559114157945967,2.2785718253571745,-8.067084070462204,2.7691564700281406,-3.3671675274768775,-4.308381474698357,280.3001422873115
397,0,5.774286635589694,-3.969491361000839,1.8158915267573208,-15.57297366938678,2.278529346374065,-8.061319244181565,2.7690998558525695,-3.367152419285642,-4.3082854422676204,280.3001916933025
397,1,5.774286402034682,-3.9692102624129766,1.8159293449037484,-15.548049649454983,2.278512136518631,-8.063928139967972,2.7690961083689074,-3.367149584384044,-4.308299147970541,280.3001821866402
397,2,5.774277897177462,-3.9693925428539116,1.8160238135172293,-15.596175478790592,2.2785415528324613,-8.066198748895532,2.769124054191312,-3.367165081173532,-4.308325522030597,280.300196834865
397,3,5.7742911269480075,-3.9696022848523573,1.8159560657659628,-15.59614285081912,2.2785611453634993,-8.066953331558963,2.7691275616984083,-3.3671523056000803,-4.308302798678001,280.30015353894015
397,4,5.774289413576967,-3.969535595638312,1.8159730752640613,-15.570506584326921,2.2785535913770496,-8.072909623336173,2.7691361735187883,-3.3671585768382104,-4.308348314485588,280.3001666387347
397,5,5.7742970177799595,-3.9695631970285294,1.8160303206950452,-15.58478360725325,2.2785711709928074,-8.063671280748736,2.7691685261317485,-3.3671581019637573,-4.30837843673922,280.30014706383463
397,6,5.774293188432553,-3.969367373111588,1.8159599872896597,-15.546134757072075,2.2785347570060823,-8.069779802523982,2.76914630297721,-3.3671593484918994,-4.308368291284443,280.3001530088553
397,7,5.774289057649588,-3.9696116789873708,1.8160181154814956,-15.586803179587598,2.278569160885926,-8.072627393451228,2.7691307057933328,-3.3671601142013987,-4.3083334309823105,280.3001672019605
397,8,5.77428177489806,-3.969735240771288,1.8159272828233781,-15.568575501151834,2.278536641803712,-8.07194206948577,2.7691387509669227,-3.3671538876625338,-4.3083596573797385,280.3001627935163
397,9,5.774285747841396,-3.969435299646401,1.8159375360636925,-15.568035459353586,2.2785487260135495,-8.071880512382753,2.7691328390751098,-3.367158781832775,-4.308346184337624,280.30015342491885
397,10,5.774286832373599,-3.969236904773914,1.8160142940272832,-15.568584308681324,2.2785532139368523,-8.07093525574678,2.76912577599424,-3.3671555860903934,-4.308347830183295,280.3001730885351
397,11,5.774282167219355,-3.9696001272885915,1.8158494548614035,-15.566261268088898,2.278538770003561,-8.06999293359228,2.7690979798634805,-3.3671459054737696,-4.30829072380067,280.3001946598911
397,12,5.774292060479745,-3.969383792345853,1.8159674176991343,-15.547824069195869,2.278551497707405,-8.072645972221395,2.7691157119400525,-3.3671542295016597,-4.308342030227968,280.3001484314047
397,13,5.774288216351564,-3.969268057319056,1.8159180937899986,-15.545407264296456,2.2785658727120466,-8.070113377334081,2.769099874090475,-3.367158094806022,-4.308300817219638,280.30016897360196
397,14,5.7742882265786095,-3.9693835373386848,1.8159212376822877,-15.572578952575642,2.278542579276842,-8.070118010976898,2.7691256166416167,-3.367155729422726,-4.308314108798081,280.30016107911047
397,15,5.774281652723162,-3.96932884302044,1.815991028779734,-15.584104503206476,2.2785339248546794,-8.06720497803562,2.769137997726061,-3.367161271364479,-4.308318468383152,280.30014326527703
397,16,5.7742781570273305,-3.96946153898376,1.81589365036158,-15.563114608221426,2.2785313992707676,-8.064275535745733,2.769117231301954,-3.367164050861988,-4.3083330030380305,280.3001749754001
397,17,5.774291983822481,-3.969481002052851,1.8159804541058682,-15.56563661419801,2.2785361739101884,-8.06788702491191,2.7691418171691717,-3.3671601371885957,-4.3083622324533115,280.3001563257859
397,18,5.774292183565658,-3.9693045500900888,1.8159214136001,-15.562399161860853,2.278547733781825,-8.06873192402137,2.7691254185017544,-3.367157970412886,-4.308340571297905,280.3001667400688
397,19,5.774283101571425,-3.9693712673397226,1.8159784605463778,-15.572775278234342,2.2785305790141877,-8.072904428035175,2.7691183400251287,-3.367155684759751,-4.308336939325667,280.3001529189346
397,20,5.774288294907865,-3.9693735198254663,1.8159716055150261,-15.56376797916798,2.278553569893097,-8.069780346416831,2.769166587051616,-3.3671655021584304,-4.308384452602997,280.3001800166643
397,21,5.774286770515034,-3.969389220652856,1.8160023136296501,-15.561685662428916,2.278571007517007,-8.068863175279928,2.769131718928996,-3.367165754683879,-4.308369951009321,280.3001842461611
397,22,5.77428098260862,-3.9693448684339745,1.815903218833846,-15.576885773522351,2.2785252966899057,-8.06443880702968,2.76913700738113,-3.3671626645335917,-4.308335234056979,280.3001848725417
397,23,5.774285117512053,-3.969368721420417,1.815967066258821,-15.5797220468499,2.278536405339393,-8.06890471815765,2.7691443191850573,-3.367159115185903,-4.308329793732323,280.3001565363864
397,24,5.774286599803011,-3.96948396633991,1.8159667807199922,-15.560722727634916,2.2785393451965854,-8.076223845643812,2.769144015504493,-3.367155491311601,-4.308390383608203,280.300184550469
397,25,5.7742891314314475,-3.96921889627988,1.8159699046898201,-15.530928124501955,2.2785630149850182,-8.06658855184042,2.769110234977579,-3.3671591818594835,-4.308290507141473,280.3001494843527
397,26,5.77428010433944,-3.9691938615613287,1.815937183077077,-15.588087092297307,2.2785315410215365,-8.068918653427687,2.7691268406617535,-3.3671571462978824,-4.3083323812405565,280.30013948152333
397,27,5.774287161253225,-3.969339889665964,1.8159318686515178,-15.57409598763065,2.278549570796596,-8.067975789296957,2.769108814054357,-3.3671559277426755,-4.308307899343861,280.30014642257015
397,28,5.774285087630472,-3.969453151723355,1.815955821314496,-15.57233278303936,2.2785480601569845,-8.067464924880031,2.769140056952233,-3.367155082629251,-4.308299074808386,280.3001616694577
397,29,5.774286564000692,-3.969615406154682,1.8158824817504065,-15.54781324011286,2.2785201503719748,-8.067997633184525,2.769128925734683,-3.3671536397636697,-4.308322874902385,280.3001898432949
398,0,5.774295691889625,-3.969561040391558,1.816019474200259,-15.56753012470444,2.27853808092135,-8.070940097204266,2.7691357902863745,-3.367153406900773,-4.308371027650714,280.30016320799047
398,1,5.774282359294938,-3.9694517268445435,1.8159918606059176,-15.580282783862957,2.2785490921682214,-8.072154389438703,2.769128747560968,-3.367160190083975,-4.308320825821209,280.3001586160631
398,2,5.774283554344873,-3.969413720492702,1.8159061628666588,-15.591017375708601,2.2785416861080408,-8.064865361859214,2.7690938987288747,-3.3671557191202717,-4.308291313003883,280.3001516266771
398,3,5.774287616018449,-3.9693117808667124,1.815919264813957,-15.541366411271628,2.27855214927676,-8.070931833112132,2.7691123908029747,-3.3671640920873713,-4.3083384156601525,280.30016753739835
398,4,5.7742835402464525,-3.9694260697818544,1.8159276587918596,-15.590354407778314,2.278534399225745,-8.063451120837993,2.769143425095622,-3.367161663931472,-4.3083231609294455,280.3001745951385
398,5,5.774278862987905,-3.969297524256111,1.8160195622383837,-15.593255578520454,2.278546349241543,-8.071144697509691,2.769150347859471,-3.3671596778298123,-4.3083561706975635,280.3001241862567
398,6,5.774285464751983,-3.9696039070207676,1.8159163147838704,-15.5720816829187,2.278545735369543,-8.070436539750887,2.7691403608786342,-3.3671562629116076,-4.308334169320092,280.3001661935433
398,7,5.774287850583726,-3.969375952778244,1.8159328924747806,-15.559146474936682,2.278531644938641,-8.066432072382868,2.7691230182499087,-3.367156122923741,-4.308313246654691,280.3001270134238
398,8,5.77429095734863,-3.969374152261841,1.8159793428236375,-15.561189920382478,2.2785574171740275,-8.069650784334053,2.7691422524486384,-3.3671537835588063,-4.30834249883466,280.30013979550245
398,9,5.7742802483371,-3.96951223776159,1.815956496520137,-15.609337760773366,2.2785335674821106,-8.06226886699759,2.7691277626274964,-3.3671582659467867,-4.308297474766061,280.30016326734426
398,10,5.774290665810006,-3.9693597631479918,1.8159903715180363,-15.549894933885739,2.278528757863674,-8.068582968124883,2.7691302584225177,-3.3671516618742467,-4.308336621300035,280.3001618652702
398,11,5.7742856187235825,-3.969309095842125,1.8159320595225683,-15.57328682565105,2.278550313822172,-8.064582738021228,2.769122002805986,-3.3671568255627293,-4.308282392602478,280.30014478222864
398,12,5.774285874854732,-3.969657492952677,1.816037696571178,-15.610817800490118,2.2785463332120677,-8.071588589918383,2.7691416319602227,-3.367148549290564,-4.308340534366092,280.30017155879403
398,13,5.77429085325752,-3.9694190613718474,1.8159436496405243,-15.60319891870735,2.2785441028988864,-8.067329723548596,2.7691310186136935,-3.367159529881877,-4.308345535577169,280.3001490771601
398,14,5.774282595258951,-3.969243557208396,1.8159628179116762,-15.574711249432806,2.2785224036559932,-8.071267750732883,2.7691124400941662,-3.3671503868994894,-4.308308114316619,280.3001591077136
398,15,5.77427872011286,-3.96931795029922,1.8159308641765535,-15.576044657042257,2.2785246670031123,-8.070509387481295,2.769116077460393,-3.367155530703884,-4.308314967293333,280.3001459696594
398,16,5.774290053877762,-3.969514686491733,1.8160801430448776,-15.595493110611557,2.2785663567606407,-8.066718253889526,2.769156002308441,-3.3671620783146836,-4.308336751760903,280.30016282375266
398,17,5.774284225011172,-3.9694217445594284,1.8159176116277085,-15.576552144948577,2.2785320696932043,-8.069005320865482,2.7691188394033524,-3.3671556902904993,-4.308329503803661,280.3001466367041
398,18,5.774287365704969,-3.969140737686941,1.8159664860015312,-15.57258236371915,2.278511562741701,-8.069801287557008,2.7691509629266644,-3.3671633785294532,-4.30838517289645,280.3001713062879
398,19,5.774283571702728,-3.969280507769561,1.8159645288922517,-15.572763302902572,2.2785334294137067,-8.071993897035775,2.7691016777492354,-3.3671557761102213,-4.308320192361069,280.30014818117644
398,20,5.77428761940508,-3.9693640113103936,1.815914649966449,-15.584279348126863,2.278534515795047,-8.069403094422832,2.7691254448836826,-3.367159732325663,-4.308373563270621,280.30016689514775
398,21,5.774290164479297,-3.9693159275351775,1.8159569486395193,-15.573647684051142,2.278548746127706,-8.065224274978522,2.769097507277553,-3.367147281955699,-4.3082601990689,280.30015262321143
398,22,5.774274953507588,-3.969318684285612,1.8159491918774902,-15.587102241967466,2.278533247084025,-8.068654163994035,2.7691262271877704,-3.367156671360326,-4.308321403657066,280.300144398825
398,23,5.774289799887798,-3.969248813634876,1.8159543806570952,-15.566720233883578,2.278555843012643,-8.064485548727891,2.7691390404514586,-3.367156972800754,-4.3083273815249585,280.3001540149453
398,24,5.7742888000178425,-3.9692237516052504,1.8159142918593554,-15.564994264364922,2.278548019104392,-8.062952154053,2.7691205621254675,-3.3671631672516322,-4.30829999101633,280.30016004263916
398,25,5.7742792981861175,-3.9693363146040768,1.8159557631243515,-15.56229630202964,2.2785282858900304,-8.068729100212048,2.7691321633949983,-3.367163882777868,-4.308363067033298,280.30016713296243
398,26,5.774281907773958,-3.969273197392979,1.8159514550615377,-15.551964679343131,2.278519360422992,-8.069311943506777,2.7691452725089327,-3.36716018710268,-4.3083696793772335,280.3001674719228
398,27,5.774279914534721,-3.9692280675149747,1.8159613669659356,-15.575628707276298,2.2785355508403287,-8.071698787867351,2.7691269443591433,-3.367154485583322,-4.3083166239146475,280.30016700578676
398,28,5.774292260729146,-3.96941193817516,1.816002539961865,-15.566263854037043,2.2785442944036625,-8.069030613999363,2.7691450588660422,-3.3671573869184535,-4.3083697925154825,280.300150171609
398,29,5.774290576500921,-3.9693585087890373,1.8160447376280915,-15.547685616634293,2.2785386828728336,-8.072781554390412,2.769132812112103,-3.367155548724485,-4.308363874182807,280.3001500504392
399,0,5.774285067774539,-3.9694522775690624,1.8159101145598087,-15.58096511298307,2.2785502972308134,-8.065758721713404,2.7691173497521397,-3.3671566449660104,-4.3083207844611024,280.3001707080407
399,1,5.774280445315654,-3.969350751646801,1.8159790170007797,-15.583303319144862,2.278551415252415,-8.069702639882852,2.769152611904969,-3.3671601708122947,-4.308346425538257,280.30013054175083
399,2,5.774285561283627,-3.9693388706317356,1.8160227622751834,-15.597751659982974,2.278554056410391,-8.070014271944316,2.769142599912774,-3.3671596920449574,-4.308350690011401,280.3001698750297
399,3,5.774276632754124,-3.9692617605054163,1.8159027796249911,-15.57191182644965,2.2785113445270317,-8.072251227966685,2.7690998242336184,-3.3671453093054606,-4.308286167381136,280.3001268722803
399,4,5.774280143458561,-3.96914850208823,1.8159580243542877,-15.56644882388435,2.278542896196338,-8.069761462647557,2.76913274838429,-3.3671614952384674,-4.308335330451284,280.30015439809694
399,5,5.774286720189036,-3.9692713323991127,1.8159434027629016,-15.571891142617899,2.2785457580784154,-8.06654846505116,2.769125025323657,-3.3671612744776747,-4.308322345931243,280.3001618554782
399,6,5.774288351418803,-3.9690971691440757,1.8159529461206092,-15.55387995566317,2.278543877887349,-8.068658603526343,2.769137964844624,-3.3671615274548645,-4.308369078859611,280.3001510458897
399,7,5.774283278404524,-3.96945586735443,1.815926354644849,-15.578121271527126,2.2785210099479722,-8.072848443512104,2.7691334246534525,-3.3671555645093036,-4.308371973742462,280.3001507187667
399,8,5.774296075714092,-3.9692659071552963,1.8160167688472149,-15.560747449352746,2.278562672830604,-8.070044442507685,2.769162076505048,-3.3671598896627133,-4.308385901179497,280.3001384770772
399,9,5.774282761860958,-3.9693381765606093,1.8159816126545696,-15.584173384594795,2.27854905744744,-8.069268636195723,2.76913784850449,-3.3671510669160685,-4.308302211950172,280.30014571804475
399,10,5.77428197257425,-3.9692794617697618,1.8159711481401268,-15.568939850960188,2.278555507678417,-8.069136964201038,2.769135009430557,-3.36715958821103,-4.308332769575166,280.30012479932293
399,11,5.77427925266216,-3.9692037880233726,1.8159261483978983,-15.599959536070513,2.2785304888654236,-8.065451206436833,2.769110730471729,-3.367161481671931,-4.308298146426979,280.300167877486
399,12,5.774279040706607,-3.9692065556502194,1.8159539474006208,-15.584242248325756,2.27851209109474,-8.07156183902045,2.769117289476179,-3.3671582348465225,-4.308329180396965,280.3001508731379
399,13,5.774285156383259,-3.969416190168542,1.8159718075994582,-15.598608336059364,2.2785322604930407,-8.062418348180497,2.769115710583713,-3.367158407859163,-4.308320203114141,280.30017650162233
399,14,5.774285172520311,-3.9693166019338184,1.815943888445365,-15.583265719338982,2.2785483998688227,-8.06775695750946,2.7691293665510117,-3.3671587707103114,-4.308324542410587,280.3001461167079
399,15,5.774280537682702,-3.9692375656838434,1.8160086196885943,-15.599827715386448,2.278544271233501,-8.067653773954467,2.7691395515798543,-3.367155474427834,-4.308372044661678,280.3001529131269
399,16,5.774279693011712,-3.9692647155425917,1.8159331217155024,-15.58985866861673,2.2785314248205437,-8.066390549220076,2.769097923418705,-3.3671545420744713,-4.308292989007192,280.3001558265191
399,17,5.774278627950739,-3.9691729102379427,1.815917697671508,-15.558178072360686,2.278511302764916,-8.069858505521665,2.769115823371544,-3.3671563766962094,-4.308317464054793,280.30015305596
399,18,5.774287909196445,-3.9694736652202844,1.8159506182093832,-15.577888297892295,2.2785552807976703,-8.07353495671714,2.7691043911335727,-3.367145955306105,-4.30828753298551,280.3001678477486
399,19,5.774297109052079,-3.9693483033874424,1.8159535956740287,-15.573501354821017,2.278570138402557,-8.07008407218049,2.7691228578363796,-3.3671552011373898,-4.3083423038140465,280.30014163910937
399,20,5.774286135749496,-3.96931954193997,1.816031363409027,-15.58276778979149,2.2785514298636085,-8.069410159914064,2.769166377628873,-3.3671602541478647,-4.30838161809098,280.3001458362216
399,21,5.774283090458543,-3.969396266704601,1.8159369668374192,-15.570781189255634,2.278543204984111,-8.067324437618353,2.7691419246716134,-3.367158941165407,-4.308315511159275,280.30018338225227
399,22,5.774288714820848,-3.969482464069881,1.8160015281406123,-15.597159224133252,2.27855179586103,-8.0703468189895,2.7691556555236603,-3.367155040305993,-4.308358759502801,280.30014994617096
399,23,5.774278139488286,-3.969425675531051,1.815926626496283,-15.579871301863657,2.278513600947928,-8.075869062531108,2.769112767957185,-3.3671527165291635,-4.308324291075742,280.30016302906995
399,24,5.774288997078094,-3.9694891814790214,1.815970201721637,-15.589702302827579,2.2785633756940036,-8.070065127264584,2.769142344474544,-3.367154495169097,-4.308341286277094,280.3001651918611
399,25,5.774279039879061,-3.9694007370291997,1.8159316604413578,-15.56938325678232,2.27855559827303,-8.074100102472485,2.769141622794797,-3.3671627853870483,-4.308324871059569,280.3001553096837
399,26,5.77428135582471,-3.9694295883174,1.8159686464985139,-15.591588798662672,2.278522888248591,-8.066539913644734,2.7691735808219105,-3.367164642216539,-4.308414804007448,280.3001685679759
399,27,5.774283400508623,-3.9694120036316307,1.8160310185713937,-15.601040338273199,2.278571218352334,-8.07290238644562,2.7691606156272655,-3.367152617298485,-4.308328718351019,280.30014269787137
399,28,5.774283714398074,-3.9693385181645144,1.8159257690509214,-15.604292142329516,2.2785225694426354,-8.066918233991416,2.7691093035709677,-3.3671546305985913,-4.308298203976167,280.3001434455381
399,29,5.7742806037253835,-3.969215440862775,1.8159278225974387,-15.5814327482927,2.278508083311726,-8.068241805980216,2.769122465761536,-3.3671544622706895,-4.308325486445514,280.300140903414
400,0,5.774298478830922,-3.9694009480138788,1.815990034970935,-15.571851097898652,2.2785758232419933,-8.0716783738392,2.7691586302406233,-3.367156299617059,-4.308381354222269,280.30014708978786
400,1,5.774284251369526,-3.9691624271131616,1.8159771123844881,-15.605488760467425,2.278565151207669,-8.067354126600533,2.7691518363367575,-3.367153937610025,-4.308317336959699,280.3001392605827
400,2,5.774286398723892,-3.9693471985776037,1.815989751232822,-15.58807349569787,2.278545432398366,-8.067661727797596,2.7691486513159176,-3.367155181210239,-4.30833613913907,280.3001541428355
400,3,5.774282238484387,-3.9693162997022804,1.8159848863722812,-15.588867474693187,2.278557984284453,-8.075180057357965,2.7691490685195475,-3.367154132204647,-4.308365036465957,280.30012404551013
400,4,5.774280712576191,-3.9693806301503156,1.8160011170285382,-15.613184533257371,2.2785342126864685,-8.071071123800325,2.7691522982356287,-3.3671601590761124,-4.308363462778936,280.30014576653343
400,5,5.774271843122984,-3.9692041491166608,1.8159574274298964,-15.6126657586212,2.2785330564806325,-8.067477358155474,2.7691348559820157,-3.3671580402907892,-4.3083023037797945,280.3001756438436
400,6,5.774282626802113,-3.9692548374774312,1.8160535843154588,-15.575717256108012,2.2785573132700745,-8.06547504204622,2.7691519597995304,-3.367161047396119,-4.308346204093092,280.3001571819038
400,7,5.77428124027832,-3.9691590282333595,1.8159509830111162,-15.586575212013296,2.2785050645943605,-8.066881281490993,2.7691084329942868,-3.3671544642060116,-4.3083198249153005,280.30013539949323
400,8,5.774275618449723,-3.9692051013374785,1.8159377497322418,-15.552154605219341,2.2785327731188687,-8.076978348677057,2.7690950349026204,-3.367146819296382,-4.308302142111453,280.30017799463155
400,9,5.774277127094307,-3.9692779644441734,1.8159888940633313,-15.56856613299378,2.2785371655529283,-8.074203970865753,2.7691569331545853,-3.3671604614216677,-4.308358295901374,280.30014863868746
400,10,5.774296142951916,-3.9693796541746598,1.8159746019568304,-15.56540743991971,2.2785478720886267,-8.074956681043954,2.769165837969088,-3.3671593427425135,-4.308410205180005,280.3001373792258
400,11,5.774287833685424,-3.9693676068809656,1.815986246171042,-15.608736871772289,2.27855992871304,-8.071170947757878,2.7691407135667876,-3.3671513694309914,-4.30833573115997,280.30018386237174
400,12,5.7742810165926866,-3.9694285900403763,1.8159769233703331,-15.586893810270148,2.278542140097218,-8.069137354456805,2.7691257163620113,-3.3671528018812245,-4.3083195364161275,280.30014495716085
400,13,5.774281551591117,-3.9691503099145926,1.8159681920336896,-15.566105545737987,2.2785524240656834,-8.071575030243974,2.7691345451890337,-3.367155598814454,-4.308332368168481,280.3001489317951
400,14,5.77429760128132,-3.9692406218711005,1.8160167470494533,-15.565265195901588,2.278568385319111,-8.066115760591824,2.769134947930436,-3.3671567074044604,-4.308355615722924,280.3001705795888
400,15,5.774287095412729,-3.969339151127014,1.81596769644763,-15.555076656430401,2.278533405982053,-8.07113173488479,2.769139951510109,-3.3671537132030216,-4.308338400747782,280.30017777524597
400,16,5.774291094596258,-3.9692375873881622,1.8159778706845338,-15.601218823965633,2.2785505480440515,-8.064639241347283,2.769124906533093,-3.3671583813913784,-4.3083468085805485,280.300131414436
400,17,5.774285753559635,-3.9692544793816897,1.8159385760535922,-15.605728220040191,2.278545194122303,-8.071238485073515,2.7691154105636824,-3.367147707192575,-4.3083024943457335,280.30015350627633
400,18,5.77428759839218,-3.969196722402697,1.8159037921375787,-15.562911389501659,2.278553221951641,-8.068159753976378,2.7691066781498805,-3.3671522687592406,-4.308285513621466,280.3001734242695
400,19,5.7742830387501884,-3.969152816177169,1.815988632495158,-15.595955105641512,2.2785352490819326,-8.069039293004678,2.769159192063744,-3.3671524440989136,-4.308344088331335,280.30014447496575
400,20,5.774284243566975,-3.9690607224532326,1.8160023735948205,-15.561607811079831,2.278528710894491,-8.069145171479924,2.769128771763647,-3.3671571838168477,-4.308342079838234,280.300155072766
400,21,5.774280736664868,-3.9693338051572686,1.8160451920453256,-15.606317578417936,2.278526182217081,-8.072137800334806,2.7691771421855647,-3.3671599532853023,-4.3083966494839645,280.3001673613955
400,22,5.774279589262155,-3.9694333776846933,1.8159234828074513,-15.593968054688297,2.278537519570954,-8.074296397906013,2.769123548263715,-3.367157895990384,-4.308341757871807,280.3001630475512
400,23,5.774291832135502,-3.969340495100808,1.8159369783652468,-15.566771301480825,2.278546882114963,-8.066440746705556,2.7691112246606555,-3.367156885185429,-4.308330500399656,280.30016323768314
400,24,5.774283295443444,-3.96958053778697,1.815927306949435,-15.561226819264991,2.278545695863928,-8.075360293353876,2.7691344992527687,-3.3671482601616067,-4.30830572136088,280.3001544384781
400,25,5.774284258396585,-3.9694617804017955,1.8159187863482775,-15.575748821906734,2.278548026088161,-8.068943052889209,2.7691107500351837,-3.3671536920336975,-4.308282908815126,280.3001450684858
400,26,5.774280403970017,-3.9692398727819307,1.815936664045629,-15.599592635758924,2.278515281858241,-8.067167955183224,2.769136640896346,-3.3671559309276344,-4.308332949391104,280.3001621762022
400,27,5.774287412390405,-3.969419268112168,1.8159770831337634,-15.579245444389993,2.2785329937173056,-8.069885187711384,2.76912738033784,-3.3671484531822595,-4.308313666065664,280.3001591596607
400,28,5.77427792884689,-3.9693266984409976,1.8158973075162574,-15.573640566725281,2.2785283733398534,-8.073574546756898,2.769131584871345,-3.367161753158784,-4.30837140755771,280.3001675250654
400,29,5.774288542150831,-3.9695515348887622,1.816001248763621,-15.576858433701794,2.278560229221684,-8.074986844471425,2.7691563988741508,-3.3671545184520317,-4.308348912148424,280.30016622704375
401,0,5.774284295976422,-3.969341565889915,1.8159510356644724,-15.592171464854047,2.278533205307961,-8.080107310526074,2.769151746275904,-3.3671477768337725,-4.308357786744915,280.3001511304386
401,1,5.774288699642914,-3.96970052624079,1.8159260128315884,-15.600640994311116,2.278560525421388,-8.07454862455887,2.7691023750343153,-3.367148759106894,-4.308293427879033,280.30015690012885
401,2,5.774286500372563,-3.9693442587361703,1.815935088864683,-15.576626549218462,2.278535107111675,-8.072122359699696,2.7691180838312732,-3.367147127137225,-4.308305524849336,280.30016432370553
401,3,5.774284936359262,-3.9692239896281385,1.8159263001157206,-15.602517133161845,2.2785340360782174,-8.068513452559511,2.7691253377594323,-3.3671538409466977,-4.308323381348542,280.30019276763807
401,4,5.77428873147402,-3.969431748464721,1.8159843793945842,-15.600244986220838,2.2785829911499254,-8.071832554802578,2.769143107400577,-3.367155869863409,-4.308322300735615,280.3001694598421
401,5,5.774286004732263,-3.9692823485073823,1.8160122628463125,-15.608724802802863,2.2785651809427785,-8.071141779667453,2.7691881038997375,-3.36715586431886,-4.308387621009758,280.300146588218
401,6,5.774285270421316,-3.969231291969535,1.815865046953377,-15.570742590811095,2.2785054304201964,-8.065327120599802,2.7690855028490535,-3.3671519879371083,-4.308317095617601,280.30016356924887
401,7,5.774288852833275,-3.969176914362246,1.8159611503920772,-15.601390333570984,2.2785374285889732,-8.066168968096909,2.7691279964197038,-3.3671512515158177,-4.308323175817373,280.3001494533798
401,8,5.774284179968469,-3.969151686295533,1.816020526527049,-15.612719609588178,2.2785651834937037,-8.065279495955826,2.7691567847097893,-3.3671528940443256,-4.308319077567463,280.30014494815356
401,9,5.774278145863976,-3.9693335793397275,1.8159829492512112,-15.581283983677174,2.2785416636680833,-8.071534109156062,2.769148333932125,-3.367159461173929,-4.308362963248402,280.30014590439646
401,10,5.774281261464473,-3.969203382973908,1.8160176617743289,-15.576669108485094,2.2785389073354287,-8.070591469571585,2.769111353755411,-3.367154998660239,-4.308298775917473,280.30014824464695
401,11,5.77429211863106,-3.9692730758825947,1.8159392213666885,-15.601452079694155,2.2785696115499596,-8.069576251211995,2.769115209031211,-3.367142720269834,-4.3082967893756186,280.3001369718936
401,12,5.774274976013641,-3.9691422214986516,1.8159731749191106,-15.571261146794688,2.2785199429696954,-8.071397374908358,2.7691048651283445,-3.367150776155293,-4.3083165917804465,280.30016055560895
401,13,5.774285372692203,-3.969218255375227,1.8159954031448107,-15.583825368277687,2.2785587895342605,-8.067410170554549,2.7691399923274265,-3.3671501683939664,-4.30831256411735,280.300176487317
401,14,5.7742771212092645,-3.969232079780689,1.8159391271970742,-15.623062274843644,2.2785231956680985,-8.06569140481687,2.769138684655887,-3.367156261443827,-4.308343035226095,280.3001489536085
401,15,5.7742868110473875,-3.9692842906138806,1.8159702703314546,-15.58543483537432,2.2785400937525404,-8.075560391494447,2.7691343618029514,-3.3671508699225106,-4.308365628806941,280.30017241712403
401,16,5.774269084745317,-3.9693108499107135,1.8159357739662008,-15.628446556196998,2.2785139869031763,-8.072774866805446,2.769103630549977,-3.3671500296742947,-4.308288038042928,280.30018430748396
401,17,5.774289372840222,-3.969288853948697,1.815886199097046,-15.566587795441263,2.278512574187175,-8.074275092689946,2.7691373392564436,-3.367150897945611,-4.308399973264829,280.3001512450413
401,18,5.77428824903529,-3.9693325603719583,1.8159963658055303,-15.558855271286095,2.2785606378364087,-8.076060167874507,2.769147308913374,-3.36714764821942,-4.308375779334691,280.30015430665435
401,19,5.774298052486812,-3.9692702479265622,1.8159631739144524,-15.560757790646171,2.2785721387402207,-8.07067791338402,2.7691678839006673,-3.367153955325618,-4.308355663756783,280.30012692047046
401,20,5.774290078665292,-3.969403140068243,1.8159736643166104,-15.571418157992422,2.2785454329178148,-8.0738349240101,2.7691596295655434,-3.3671604988407444,-4.308382191042072,280.30012781347347
401,21,5.774291240137007,-3.9690965623233216,1.8160098455853282,-15.590687410007869,2.27852650073646,-8.071050127233743,2.769167136590341,-3.367159162024229,-4.308442496153193,280.3001371805109
401,22,5.77428304413591,-3.9694845832027474,1.8158967432592323,-15.586740204057238,2.2785315759347937,-8.072585974702147,2.7691349020073672,-3.367151063758575,-4.308320383244956,280.3001772566905
401,23,5.774286069175017,-3.969147620344866,1.8159638123927722,-15.60567748422895,2.2785083927216423,-8.060675225272163,2.769121667970899,-3.3671591250178503,-4.308358885023064,280.3001461326007
401,24,5.774284700099403,-3.9692343925571962,1.8159651995057262,-15.578256394810685,2.278536474036531,-8.071137860827228,2.7691446836692806,-3.367157501738211,-4.308386874544308,280.30017004076217
401,25,5.774285374525976,-3.9693002765539527,1.8160070567721909,-15.596373243860397,2.278544543032378,-8.072676930959085,2.769147141855189,-3.3671566535979083,-4.3083686107870065,280.30017209441905
401,26,5.774280464763488,-3.9692116959455657,1.8160186880416365,-15.600923775597643,2.27855352844646,-8.068560637529362,2.7691553498158363,-3.367154372963679,-4.3083340670248145,280.3001446452837
401,27,5.774291357009664,-3.9693006748054254,1.8159891042172407,-15.55540242239943,2.278573074270861,-8.069822521033842,2.7691317420591592,-3.3671540860831275,-4.308332562214165,280.30013219430793
401,28,5.774290399459393,-3.9691998797372388,1.8159876425094557,-15.57669720343246,2.2785438011633103,-8.06708375620591,2.769129439663718,-3.3671455127321503,-4.30829641288939,280.3001374911668
402,0,5.774287281291531,-3.969415501746462,1.8159543422957198,-15.55981349338687,2.278544846111077,-8.070587847501784,2.769151049343248,-3.367151166768137,-4.3083626928440495,280.3001743361793
402,1,5.774293750747179,-3.9691318403320004,1.8159796069976522,-15.569575679767574,2.2785403094380627,-8.072612913129843,2.769149704372729,-3.3671660243366976,-4.308397603921753,280.30013796485554
402,2,5.774291177684038,-3.9691034611787366,1.8158845379861919,-15.573907284662075,2.2785538631179167,-8.070861564130386,2.7691370875595878,-3.367146084518474,-4.308338071923693,280.3001727197021
402,3,5.774301867923083,-3.9692022102695876,1.8159914800785846,-15.604766515980545,2.278578627394342,-8.071699463984586,2.769160337697404,-3.367142900439965,-4.30836612746961,280.3001678335208
402,4,5.774289765628233,-3.9692061286948994,1.8159341450432076,-15.614124368139024,2.2785444123956093,-8.064835239617091,2.76913349726691,-3.3671571768367468,-4.308307931245438,280.30016063248087
402,5,5.774289444634036,-3.969137643761195,1.8160368998104552,-15.599078243720703,2.278576913527033,-8.070733403100757,2.769206639594027,-3.3671576170799224,-4.308398968162986,280.30014361990067
402,6,5.774286854418481,-3.9694750292520524,1.815927928774323,-15.59932400667392,2.27853423569053,-8.06830122729939,2.7691316517578097,-3.367160020285999,-4.308332278036587,280.30017029429234
402,7,5.774299201341769,-3.9693529277817996,1.8160820309723396,-15.568245450713677,2.278559310100125,-8.071849369989451,2.769168383816446,-3.367158663317728,-4.308410783311659,280.3001811652878
402,8,5.774293162337356,-3.969222096220528,1.81590469400993,-15.536423271207822,2.2785737371887325,-8.074394227255308,2.7691409693435167,-3.367161380997133,-4.308372319085951,280.30016846284406
402,9,5.774299682848077,-3.969375195165146,1.8160413686440087,-15.596793411103745,2.278552836058161,-8.073161945804532,2.769182430277595,-3.367160514665931,-4.308426175701714,280.3001811642683
402,10,5.77428351932857,-3.9694406457769134,1.8160156859433916,-15.600570605320058,2.2785320504419206,-8.06952542608889,2.7691542800106794,-3.367142849299157,-4.308307735998714,280.30017707501383
402,11,5.774303176427743,-3.9692544059478854,1.8160249138634041,-15.575384714268889,2.278591718244182,-8.069629848231228,2.769184407461278,-3.367161720843713,-4.308392498251863,280.3001674129921
402,12,5.774283778692824,-3.969313320737498,1.8159658827571947,-15.569143350963145,2.2785769638686375,-8.071874315939123,2.7691594080716215,-3.3671540136855813,-4.308324595913756,280.3001833401446
402,13,5.774270659557736,-3.9692777562519383,1.8160474408878846,-15.606674608643383,2.2785364857200396,-8.074002335645423,2.769132869354711,-3.3671489207821157,-4.308294519374829,280.3001596694809
402,14,5.7742857093172555,-3.969143728462093,1.8159880561640058,-15.587661651767188,2.278518849599533,-8.068470706609794,2.7691177708265746,-3.3671451997923243,-4.308339959746018,280.30017873763285
402,15,5.7742826254734485,-3.9691838706801654,1.8160092132225827,-15.570975208898306,2.278509192332722,-8.0733288662371,2.769176904002564,-3.367160700005895,-4.308428745042641,280.30015042826597
402,16,5.774294426734574,-3.969111536710481,1.81594631178004,-15.569793507309527,2.2785528670327664,-8.070849568782076,2.769183070395865,-3.367156395858567,-4.308388452565656,280.30013866607914
402,17,5.774293057686641,-3.969259430211682,1.8160067138337797,-15.588722384325235,2.2785537523022232,-8.070688397763409,2.7691578751805754,-3.367150548244682,-4.308371195750518,280.300144740473
402,18,5.774288027994667,-3.9691891536686454,1.8160190471126816,-15.600276752657939,2.2785547315413814,-8.067132502692495,2.7691704380158058,-3.3671596363854808,-4.308353201656821,280.3001345466916
402,19,5.774295088287941,-3.9691661700567167,1.8159978822647709,-15.57174937363892,2.278578630812636,-8.06674815325382,2.7691436118535675,-3.3671525700399374,-4.308351539052129,280.30016806724706
402,20,5.774288012272467,-3.9694808359008404,1.8159233088852504,-15.58891758239818,2.2785790388015226,-8.074326686268904,2.7691241232016606,-3.3671431073700684,-4.308322115957674,280.3001734777228
402,21,5.774283240479386,-3.969421205087703,1.8160465904928298,-15.610266272389664,2.2785581537078237,-8.070055828749133,2.7691595875776454,-3.3671583729163,-4.308360750625663,280.30015421784196
402,22,5.77429330314562,-3.969167100057422,1.8160706183753108,-15.595774254282473,2.2785634447654486,-8.076866918293794,2.769189294613781,-3.3671451393708285,-4.308409157352254,280.3001480783073
402,23,5.774294617062747,-3.9694682758156494,1.8160322751050229,-15.58181634672837,2.278572263458235,-8.072454652483145,2.7691883142293645,-3.367162667413691,-4.3084322348184845,280.3001582039933
402,24,5.77429501060876,-3.9691397440228884,1.8160573469661383,-15.56887617717859,2.2785832669040964,-8.076613024051333,2.769168209509086,-3.3671455185104042,-4.3084009682543964,280.30019449666236
402,25,5.774294376350791,-3.9692685760800943,1.8160321147962974,-15.562517412775131,2.2785725207856387,-8.064343208162827,2.769192675011836,-3.36716917890925,-4.308398671381181,280.30014617164426
402,26,5.774286602128738,-3.969077463717468,1.8159965902796595,-15.60104487047838,2.2785466795605016,-8.067841132345748,2.7691452811724497,-3.367153707570558,-4.308355325815048,280.30015954650116
402,27,5.774297541783064,-3.9692805832379525,1.8160772404494774,-15.578659296024076,2.2785725797211374,-8.06834415437428,2.7691542597017746,-3.3671552228473836,-4.308371814818342,280.30013350862043
402,28,5.77428140377857,-3.969484339062712,1.8159515348978845,-15.622835126585336,2.278556480053818,-8.069543786900027,2.7691539180612215,-3.3671540711617407,-4.308330736606583,280.3001672796566
403,0,5.774287223696844,-3.9693328978613245,1.81599653897898,-15.563223786770756,2.2785537249431136,-8.066151554277486,2.7691583578233443,-3.367163216538683,-4.308360299226544,280.3001502159611
403,1,5.774295672496418,-3.969217728307291,1.8161088364541547,-15.606566112450901,2.2785829518888923,-8.070294445303857,2.7691798141472046,-3.367156662182687,-4.3083917186012215,280.3001441654244
403,2,5.774299848607125,-3.969264796560589,1.8159802683868607,-15.563257026739711,2.2785305652830377,-8.065909123859011,2.769174906416295,-3.3671484304817785,-4.3083936997644345,280.30019246385575
403,3,5.774313950574574,-3.9691684123121904,1.8160399549429525,-15.59350104018244,2.2785789593774983,-8.064203518127867,2.769183859476048,-3.3671564164595824,-4.308374118155446,280.3001761721754
403,4,5.774287809665642,-3.9692200538855347,1.815984268952431,-15.582394856270135,2.2785241862666052,-8.068395795329554,2.7691579630215304,-3.3671601826345574,-4.308332510950243,280.30017487942916
403,5,5.774289589879786,-3.969341850384798,1.8159671589723503,-15.596498791331717,2.2785539773194907,-8.066471344642622,2.7691644668758606,-3.367158229152223,-4.308376190426028,280.30015657807104
403,6,5.774286461841659,-3.96935231035264,1.8160077654422644,-15.569542137888867,2.2785288541848048,-8.076979034184218,2.769135374805367,-3.367152100970621,-4.308390094632707,280.30018183844084
403,7,5.774292183022553,-3.9693996166464993,1.8161139645881337,-15.571655587049175,2.278577901500941,-8.068587029051299,2.76921454119546,-3.3671593735707943,-4.308417585316594,280.30017611157217
403,8,5.774292153949419,-3.9691575922573734,1.8160761130138752,-15.620015629929279,2.278587107324062,-8.071698536210018,2.7691823941473372,-3.3671536984010935,-4.30840735420105,280.30017019167906
403,9,5.774282262219555,-3.9691618575293477,1.8161178398911668,-15.628719519818802,2.2785549528066715,-8.06934542804111,2.769182879195117,-3.3671571887445504,-4.308380979630464,280.3001523267042
403,10,5.77430159698606,-3.969413498079124,1.816004427936369,-15.603522841713602,2.2785957781931008,-8.068116345198082,2.7691737148717066,-3.367154566235676,-4.308387233769863,280.30017085695
403,11,5.774290979032962,-3.9693831085920457,1.816042872885529,-15.570743495036208,2.2785336416004087,-8.06222360052974,2.7691445155945553,-3.3671662379547027,-4.308373283514653,280.3001485676284
403,12,5.774292957632843,-3.9695887298695824,1.8160617109592805,-15.589502217463117,2.2785951278063945,-8.067771556703802,2.7692303044574595,-3.367173498453497,-4.308431513130018,280.30016959491854
403,13,5.774292273486143,-3.969142135124385,1.8159475081655216,-15.58944736253098,2.2785410712601126,-8.069557472035823,2.7691216367513465,-3.367154235835007,-4.308328339667323,280.30014834376203
403,14,5.77428740520881,-3.9691253516291605,1.8160621287041392,-15.636637581661985,2.278565900279764,-8.069489094132601,2.769179287268821,-3.3671469080135066,-4.308360030992057,280.30017390127034
403,15,5.774285458133922,-3.9691403792246676,1.8160509149619821,-15.604207923907014,2.278562566193135,-8.06880047116109,2.7691540387457887,-3.3671566864800435,-4.30836593588916,280.30015850997637
403,16,5.774299293939919,-3.969096035155179,1.8160290275654298,-15.548950453387407,2.2785738902783303,-8.06907781682224,2.76918762590081,-3.3671532292214286,-4.30836999241272,280.3001706725914
403,17,5.774288018706622,-3.969575895987958,1.816072942677427,-15.570896109341437,2.2785617722487004,-8.074892948512746,2.7691961771901017,-3.3671737774979005,-4.308441685604468,280.3001788681786
403,18,5.774290658570685,-3.969251336455812,1.8160431925244847,-15.554248447741676,2.2785187320932727,-8.07061799710999,2.7691702647779177,-3.367170407425345,-4.308446426400672,280.3001333762571
403,19,5.774297421785722,-3.9692487203877436,1.816017412775142,-15.603318667556682,2.278569067731642,-8.072021088802673,2.7692389883258803,-3.3671639858227587,-4.308447012246378,280.3001406166767
403,20,5.77430431192938,-3.9693823991529023,1.8161025271982585,-15.621853996774579,2.278592147441567,-8.069457387935406,2.7692163309454436,-3.3671517183997253,-4.308375339488104,280.30018031824034
403,21,5.7742929917651695,-3.9692733560860267,1.8160110932778992,-15.575959736961158,2.27851399335549,-8.072682940991632,2.769173731749429,-3.367160211990256,-4.308458800629491,280.30014526661296
403,22,5.774291343168672,-3.9691211454627457,1.8160183816812323,-15.576505918202717,2.278523571423617,-8.069568041027946,2.7691561835970893,-3.367157036388248,-4.30837262833438,280.3001170588084
403,23,5.77428252298466,-3.96909201438569,1.816048801087077,-15.576800530144924,2.2785401259889344,-8.071876721350467,2.769159772317579,-3.3671553996141936,-4.308348392448258,280.3001567109281
403,24,5.7743019132670526,-3.9692126711929654,1.8159829146741664,-15.558448816341134,2.2785652757212316,-8.070057303742288,2.7692055856044506,-3.367162896702256,-4.308403764420336,280.30017005983234
403,25,5.7743022763980925,-3.9692095628581705,1.8160118023499459,-15.5679505498234,2.2785841826275606,-8.07169934641431,2.769183273116753,-3.3671552250725574,-4.308409875727525,280.30016857000453
403,26,5.7743069919144965,-3.9693261140692195,1.8160344876476189,-15.531417264284158,2.2785655801394884,-8.065069934283432,2.7691822134638437,-3.3671663170019297,-4.308418298596818,280.3001815458407
403,27,5.774288250807737,-3.969277943657367,1.8160164311414055,-15.585541333646544,2.2785541918768475,-8.069108173575415,2.7692043006567926,-3.3671602735966006,-4.308400541050781,280.30015919356197
403,28,5.774295101687021,-3.969081413674067,1.816009182203868,-15.55464196306225,2.2785906622125167,-8.07062708283747,2.7691832971984334,-3.3671513314594903,-4.308332553514816,280.3001356601259
404,0,5.774298627542265,-3.9692331842306747,1.8160225593884232,-15.51607211592975,2.278536398576526,-8.069860372367305,2.7691930268736473,-3.3671660777498285,-4.3084361478220385,280.3001476213062
404,1,5.7742973054824365,-3.9694665947943593,1.815945172220636,-15.582489496535361,2.278546433128921,-8.073492895894104,2.7691365597031643,-3.3671551862390574,-4.308379386840342,280.30016619287915
404,2,5.77429658985806,-3.9691686749877064,1.8160474996715983,-15.56838419214637,2.2785448048279293,-8.069004080150753,2.7691885719661715,-3.367166873672633,-4.308435272400965,280.30014622161315
404,3,5.774299703792678,-3.9692649397728728,1.8160017830752402,-15.532675039511783,2.2785652244458063,-8.06781524061601,2.7691868133133255,-3.367160163255808,-4.308403724143141,280.30015788753076
404,4,5.774288707298189,-3.9691574278903583,1.8160496216966198,-15.5657339382017,2.2785131751993495,-8.07100263998394,2.7691501433977956,-3.367155212306447,-4.308371694383836,280.3001477205722
404,5,5.774291217332719,-3.969280865405547,1.8160422707882549,-15.584591756621588,2.278600104231485,-8.072015924501148,2.7691798647963646,-3.367155162471332,-4.3083747170482445,280.3001560803284
404,6,5.774289345532068,-3.9692901718019726,1.8160606255799294,-15.570006305338937,2.278539883601575,-8.070396764771507,2.7691755984470205,-3.367164460739473,-4.308405357917933,280.3001634090292
404,7,5.774296055339486,-3.969206135419256,1.8160599259040886,-15.56848660802879,2.278537348943,-8.073596927094455,2.7691884908748468,-3.3671665134743636,-4.308486779420444,280.300166704469
404,8,5.774286978950642,-3.969456799224859,1.8159955678669788,-15.5865522008229,2.2785288089213505,-8.074738731260258,2.7691626521178847,-3.367151860416591,-4.3083884317736825,280.3001692822704
404,9,5.774283284155154,-3.969222672335991,1.815939928577591,-15.557092150204129,2.278551826846879,-8.065638804471268,2.769137772084997,-3.367156360992509,-4.308281769628058,280.30014760078103
404,10,5.774300857719534,-3.9691955733646056,1.8161194610012108,-15.574344480239107,2.278562421538308,-8.07256134622657,2.7691866899473414,-3.367159026080924,-4.308388892086069,280.3001852511685
404,11,5.77428155778648,-3.96918716120621,1.8160158049182686,-15.601031382368287,2.278563479746203,-8.068619595646327,2.769195287304028,-3.367165016465738,-4.308394313263028,280.3001617673421
404,12,5.774290042642675,-3.969125877379626,1.8160023563736145,-15.59382620764139,2.2785341004583106,-8.06445297269322,2.769167259890425,-3.3671610449078253,-4.308369502649344,280.3001376037606
404,13,5.774290996551231,-3.969369321159998,1.8160504008127076,-15.595252680620145,2.278571721843,-8.070463991645141,2.7691525601592435,-3.367146149929765,-4.3083202261975915,280.3001371708177
404,14,5.774294797089175,-3.9691599951755956,1.8160938594273761,-15.588265195355325,2.2785538708698274,-8.07364945981113,2.7691881542344894,-3.3671477869654733,-4.308380797012078,280.3001309781894
404,15,5.774282123248076,-3.969376890986593,1.815908724330533,-15.571235547906143,2.2785254553363337,-8.073598648192684,2.7691077603806544,-3.367151105900651,-4.308290902559265,280.3001456330876
404,16,5.774297600661862,-3.969384493262239,1.8160877197150789,-15.588971831549852,2.2785494199929643,-8.073174183524834,2.7692230229699066,-3.367169032058529,-4.308498663901251,280.3001462796801
404,17,5.774291489833401,-3.969324972701062,1.8159792882453174,-15.552562380484527,2.2785614101138076,-8.071958925312952,2.769219209757377,-3.3671704032164573,-4.308381589278987,280.300157598455
404,18,5.774298891405187,-3.9692486241612737,1.816080295101638,-15.535136981956427,2.278553590991273,-8.072989072414682,2.769199172512665,-3.3671709268494605,-4.3084896060781395,280.30018317288136
404,19,5.774283243213657,-3.969250386047555,1.8160115803514376,-15.55450160548526,2.278501067398142,-8.068671443308453,2.769119120390053,-3.367163462851239,-4.308378961016848,280.30017385130833
404,20,5.774292108477003,-3.969327062466025,1.8160001616833583,-15.632000916282617,2.278578062836448,-8.069987147183856,2.7691327865294286,-3.367143846301715,-4.308283314762402,280.30014375714717
404,21,5.774274716579154,-3.9692244346740986,1.8159683716189414,-15.567111468253668,2.27848902433943,-8.069356759404704,2.7690700095302176,-3.3671460561616127,-4.308235874601105,280.30017787302745
404,22,5.774289046770221,-3.969233690468602,1.8159442230664822,-15.59490905054551,2.278562558983044,-8.074919140097144,2.7691483690545393,-3.3671470053108257,-4.308330263357951,280.30013812016114
405,0,5.77429719614144,-3.9694452976951937,1.8160624902353686,-15.619010597544824,2.2785685338915838,-8.069899906321346,2.769163782734108,-3.367150124053095,-4.30838199705776,280.30014976440117
405,1,5.774283750323507,-3.9692950450908033,1.8159782947806409,-15.586472407197796,2.278530830171668,-8.072870351602866,2.769146008727504,-3.3671544384515237,-4.308355272630719,280.3001715314866
405,2,5.774291201778434,-3.969318330743163,1.816088526995833,-15.551172252219482,2.278598688508816,-8.066256206368577,2.7691742652890388,-3.3671547631767957,-4.308329108377672,280.3001527272748
405,3,5.7742940917653724,-3.9691259604646176,1.8159424053872237,-15.555483568921046,2.2785330857865502,-8.063765293304476,2.7691143430129146,-3.36716145780246,-4.308326175305504,280.3001666009768
405,4,5.774285688028405,-3.9694728900259384,1.8160126711112317,-15.574302886643977,2.278553922061871,-8.07542920306852,2.769186891861614,-3.367156058972293,-4.308382605919561,280.3001739582635
405,5,5.774286468897316,-3.9693512554406567,1.816038569711504,-15.607519755226955,2.2785670945635412,-8.071154674531865,2.7691525280857547,-3.367148696000529,-4.308321447169095,280.3001751899677
405,6,5.774294726337239,-3.9692004801541056,1.8159974500204148,-15.570309261637798,2.2785778294802244,-8.063317750053905,2.7691401570037115,-3.3671588277785656,-4.308309749960359,280.30016986741407
405,7,5.774290237773819,-3.969214440169123,1.8160331011577293,-15.580825093271672,2.27857082344623,-8.070520783506579,2.7691588893877532,-3.367144722713515,-4.308294822111164,280.30014890279347
405,8,5.774289382496055,-3.9693334691471724,1.8160937950593237,-15.592243807885472,2.2785897565438464,-8.072400412793415,2.7692081165063906,-3.367160881829184,-4.308385226818728,280.3001708229133
405,9,5.774300086353516,-3.969311506394217,1.8160155735524135,-15.523767208629002,2.2785637532411234,-8.071115723017583,2.7691556672797892,-3.367152289726258,-4.308324256056149,280.30017757270826
405,10,5.774294939809125,-3.969150943278267,1.8159714276327976,-15.57023022979824,2.2785536323346305,-8.065922540958377,2.769112411204907,-3.3671439320342182,-4.308221390283632,280.30015750436326
405,11,5.774288983636185,-3.969318630223585,1.8159678068506722,-15.549042804361266,2.2785361257450534,-8.067347939086368,2.769117649486032,-3.367148126280648,-4.30830364221581,280.300145476539
405,12,5.7743083869954335,-3.9691975419638506,1.8161377516378945,-15.550141413209113,2.2785797666343113,-8.075639093398209,2.769251354252104,-3.36716277534225,-4.308530962537816,280.3001786866208
405,13,5.774301275340562,-3.9691733044122772,1.8159688005274293,-15.587623129918043,2.2786204016053833,-8.07888219462838,2.769132321506031,-3.3671419155889146,-4.308307034676925,280.30015127507323
405,14,5.774280614801731,-3.969393830074895,1.8159604607122946,-15.589842960432394,2.2785045877351697,-8.070077620067984,2.769156224430495,-3.367159356666647,-4.308344993314401,280.30014043439706
405,15,5.774276669650969,-3.9690946895439825,1.8160173503951722,-15.57468901859479,2.278555696589678,-8.065459539280399,2.7691565604514863,-3.3671646920698266,-4.308337964077926,280.30015947665095
405,16,5.774285234879393,-3.9691999071859962,1.8161122472374733,-15.562665834748083,2.2785714219497435,-8.07637175552595,2.7691859011351503,-3.367151518827674,-4.308345600010595,280.3001930590233
405,17,5.774284691808056,-3.9693563842593607,1.815941905453285,-15.562200464345509,2.278527489418758,-8.070752942859391,2.769178635994562,-3.3671585184460517,-4.308377054395908,280.30015603262143
405,18,5.774296587128955,-3.9690963081222423,1.815965220605367,-15.566154076872227,2.278548765862089,-8.068286950954768,2.769224101863682,-3.36717032610534,-4.308475471182543,280.30012433932353
405,19,5.7742899658409454,-3.969067228686921,1.816012811205807,-15.532888030321375,2.2785189768597323,-8.068776893591696,2.769122724228812,-3.367152994771681,-4.3083432068199485,280.3001452974246
405,20,5.774294515962166,-3.969345005841254,1.815978632415935,-15.566397311007023,2.278557122916087,-8.071266396546994,2.7691222301466825,-3.367142386994246,-4.308297119005329,280.30013463373587
405,21,5.774293902842283,-3.9691585184211986,1.8160841031857904,-15.586828190005075,2.278564973972978,-8.070578884014745,2.769189260694551,-3.3671595645378867,-4.308390676920289,280.30014099364007
405,22,5.774301023457769,-3.9691549700692055,1.816122310445199,-15.593635016386468,2.2785403864090643,-8.067919588072238,2.7691840716430725,-3.3671519335535596,-4.308379745034269,280.30015473217514
405,23,5.774291260248824,-3.9691687800364277,1.8159724047873602,-15.557645214869575,2.2785436257237572,-8.067772646840941,2.76913081041346,-3.367153359199064,-4.3083196596848286,280.3001410347432
405,24,5.7742887406200705,-3.969364225180274,1.8159925856322856,-15.561293145621228,2.2785751177087716,-8.07628426264734,2.7691165681987826,-3.3671450262050504,-4.308297373211914,280.30016997558823
406,0,5.7742825513998906,-3.9693216427174978,1.8159642190932956,-15.55836088780776,2.27854901051509,-8.068324530279966,2.7691536888494164,-3.3671519242941175,-4.308318645361747,280.3001501370213
406,1,5.774302689179343,-3.969271621698136,1.8160589413766657,-15.560475702705615,2.2785652512832737,-8.072267370050003,2.7692025270945075,-3.3671518591376604,-4.308421771785381,280.30019025989793
406,2,5.7742898064693575,-3.9691853662981464,1.816075195569416,-15.558490837339166,2.2785288654025395,-8.069077514607242,2.7691673126930567,-3.3671576030589674,-4.308382521197591,280.3001507773018
406,3,5.774295962042477,-3.9691795888730286,1.8159948572331277,-15.54887166376807,2.278548457138863,-8.068417821691485,2.769156953997081,-3.367155259296103,-4.3083534380153825,280.3001283734377
406,4,5.774288857255051,-3.9693370549898397,1.8159905710012778,-15.554508082546642,2.2785785297940917,-8.069722127284296,2.769176639077642,-3.367155127867219,-4.30835638311922,280.3001630724479
406,5,5.7742946122752885,-3.969412351085668,1.8159655590046857,-15.584645421568938,2.27856258726668,-8.067919773553427,2.7691453451639636,-3.367161339391634,-4.308358729253885,280.3001357863001
406,6,5.774307663912882,-3.9691952429864803,1.816047165220204,-15.558208855079407,2.278578068635691,-8.069829284004092,2.769172283785916,-3.3671510725288303,-4.308371228819095,280.30019146711857
406,7,5.774290260928797,-3.9692212878394844,1.8160297903531168,-15.565672728883456,2.27854369626919,-8.072013632685595,2.7691831169980206,-3.3671661048401322,-4.308427232053167,280.3001513329566
406,8,5.774301627265402,-3.9693032064386298,1.8159691136859841,-15.565484732320906,2.278551744799455,-8.071994517596917,2.769167174265803,-3.367143654846115,-4.308366132567865,280.30015750611176
406,9,5.7742913580817365,-3.9692634061854695,1.8160048920315188,-15.581929360104452,2.278533803935736,-8.075362394706946,2.769181739317289,-3.367160987675508,-4.308440759842759,280.30013841307755
406,10,5.7743006693900085,-3.9691613684623936,1.8160374722899044,-15.577892817066667,2.278581854981205,-8.071249842862926,2.7692233314638504,-3.3671702730436723,-4.308483987089282,280.3001546592459
406,11,5.774282665177603,-3.9693955346248067,1.8160093354253402,-15.58791359150963,2.278546826991092,-8.070390419231893,2.7691468436829183,-3.3671411849713357,-4.308270257266921,280.30015057431405
406,12,5.774298733778524,-3.9695180325688804,1.8159879966324572,-15.540985746929959,2.2786051686406523,-8.071784883459275,2.7691915548851895,-3.3671663970021064,-4.308416886256516,280.3002001589157
406,13,5.774300261704147,-3.9692604471520263,1.8160471682688815,-15.548720550462432,2.2785568136475507,-8.069395753927491,2.7691465115731284,-3.367154782549477,-4.308385647881168,280.30017434704837
406,14,5.774289187166491,-3.9695645190253335,1.8159936106770442,-15.589635603176625,2.2785230032663137,-8.0806039515205,2.769170058018499,-3.367146088974468,-4.30839420071911,280.30014449397993
406,15,5.77430017837888,-3.9692257166972786,1.8159617091229014,-15.557204069690638,2.278550336230027,-8.073121097173063,2.7691665462172756,-3.3671588107825174,-4.3084035529408595,280.30019667317885
406,16,5.774287143939589,-3.9692532174637645,1.81594780220055,-15.58488531363708,2.2785180886648777,-8.072391989647612,2.769168773556889,-3.3671540994238254,-4.308401346569286,280.3001754770896
406,17,5.774291467443038,-3.9693655302365256,1.8159196423200226,-15.581250998640316,2.2785370660657938,-8.06585634182226,2.7691844377983443,-3.36716234720341,-4.308392446630168,280.3001577332483
406,18,5.774287615367343,-3.9692667278583444,1.8159644566624145,-15.568783736090923,2.2785295938176375,-8.06173822367478,2.769128814234571,-3.367154103563019,-4.308323508525666,280.3001528941627
406,19,5.774291616009787,-3.9691075255526282,1.8159879269706063,-15.554421677318679,2.278544550831211,-8.068290239643705,2.7691546494505253,-3.3671624436445495,-4.308360924735649,280.300125166705
406,20,5.774288728517853,-3.969143686495842,1.8159527353707245,-15.559524298308622,2.278550751774715,-8.071736855023932,2.769176238636258,-3.3671573867541436,-4.308407579351831,280.3001359219155
406,21,5.774302519964323,-3.9692730858810954,1.8160624863130022,-15.564417684469499,2.278593625493014,-8.07381922129398,2.769203599098075,-3.36716792744539,-4.308462739958338,280.30019534344825
406,22,5.774290865458476,-3.9693281225319916,1.8160677242843475,-15.57800024702637,2.2785437675021667,-8.07232307206894,2.769186236275791,-3.367163533050565,-4.308442191417829,280.3001734646412
406,23,5.774296210702711,-3.9693254630648283,1.815984752805376,-15.579710012561288,2.2785476152280255,-8.070380386213007,2.769137194716107,-3.3671479295513476,-4.308318822793319,280.3001503354273
407,0,5.774285293205212,-3.9693423383714355,1.815958870839994,-15.54595105394596,2.2785403021103745,-8.072784978387153,2.7691608522062228,-3.367151327970739,-4.308326432289121,280.3001678684707
407,1,5.77428556284274,-3.969182838196273,1.816008231073354,-15.571353005684964,2.2785236490310194,-8.075248132491785,2.7691602792759578,-3.3671615806873167,-4.308392904930693,280.3001683128223
407,2,5.774298440168908,-3.969198961937161,1.8159855093473267,-15.564457292117991,2.278507780173927,-8.067212077530597,2.769137357961084,-3.3671544285686066,-4.308368680785489,280.30018695481016
407,3,5.774286717288567,-3.9693014811334244,1.8159301419197298,-15.549327473952674,2.2785232129494704,-8.073337365510742,2.769126778896474,-3.3671603925099896,-4.308355955616146,280.3001505394897
407,4,5.7742882472122625,-3.9692957432670606,1.8159570157900866,-15.555302660167726,2.2785495318116173,-8.07004658869279,2.7691727803139106,-3.3671628100163162,-4.308376493567565,280.30015690538596
407,5,5.7742896398884636,-3.9692997081687715,1.8160189914774483,-15.557573517577184,2.2785604678374276,-8.069415944881637,2.7691327211195866,-3.367154017542423,-4.308331573784243,280.3001352786298
407,6,5.774287780922497,-3.9693149048838015,1.8160175934126053,-15.561930710409476,2.278528810236893,-8.070908895284596,2.7691578246448403,-3.3671507429420227,-4.308344581108909,280.3001536155334
407,7,5.774291058968348,-3.9691236938374987,1.815950275669814,-15.544666495211299,2.278531001594915,-8.0697574031331,2.76914944519464,-3.367158259411648,-4.308349917993605,280.30016142037607
407,8,5.774289612856693,-3.9692768360651716,1.8160342881680935,-15.582366441639696,2.278557006881449,-8.069989154410878,2.7691994175396184,-3.367162199242585,-4.308392482062779,280.30015841787474
407,9,5.774291902991046,-3.9691042007480664,1.8159235662146522,-15.531511285265207,2.27854290314018,-8.067080409349343,2.769159539927475,-3.367165632772141,-4.308360654111521,280.3001425884548
407,10,5.774284601005864,-3.96915756810156,1.8160102009506167,-15.57570532520551,2.278554827102151,-8.071583087821526,2.769144888974492,-3.3671507287480305,-4.308331706433956,280.30016241365405
407,11,5.774284400765993,-3.969516315155353,1.8160088101217735,-15.613620649800104,2.2785235292155104,-8.06779133525199,2.769182762811291,-3.36716326613968,-4.308381848934404,280.3001745240259
407,12,5.774288956581924,-3.9693789460546394,1.8159828939662486,-15.586738066891659,2.2785791796521027,-8.070713354536991,2.769157971820484,-3.367149226783564,-4.308347252043302,280.3001569125972
407,13,5.774295071711601,-3.9691500125476926,1.8160112254743588,-15.569373610067355,2.2785499812282737,-8.069101237346857,2.769187208786216,-3.3671563844937586,-4.308384870206298,280.3001360845271
407,14,5.774292604463048,-3.9693061439211244,1.8159483402570828,-15.540523505531063,2.278535029145518,-8.070372857774862,2.7691216981717535,-3.367158011371954,-4.308371697309851,280.3001670687079
407,15,5.77428883545491,-3.969232211154889,1.8160040772361097,-15.575720918802201,2.278531700557931,-8.065727664362656,2.7691437792150575,-3.3671579482241185,-4.30834889069368,280.3001324963503
407,16,5.774291986593052,-3.9692982408897346,1.8159964120434886,-15.565118663767837,2.278540064973504,-8.068865062331856,2.7691323705477613,-3.3671516871879117,-4.308341124571487,280.3001514143849
407,17,5.774305715473252,-3.9691450864516873,1.8160057351113073,-15.570580103849224,2.278570938197559,-8.070992192286123,2.7691905798800485,-3.367156433990827,-4.308413929354835,280.3001809798536
407,18,5.774284121845545,-3.9691096060063855,1.8159686595560895,-15.591163673663718,2.278551577409836,-8.071298554331399,2.7691523600558705,-3.367149935329571,-4.308311911430692,280.3001492247712
407,19,5.7742881978934735,-3.9692625142136775,1.8160132080193458,-15.569758727030866,2.2785607621122477,-8.069771783020144,2.7691363015723907,-3.3671507276673944,-4.308297319083254,280.30016384951205
407,20,5.774286460909634,-3.9690917606282223,1.8160403161585392,-15.589889856956074,2.2785389237321643,-8.066677194907607,2.7691601121904026,-3.3671569510644708,-4.308341838670121,280.3001610905848
407,21,5.774290208527524,-3.969419530660271,1.815984358943969,-15.566136310887307,2.278576362113564,-8.074912371426393,2.7691994545952388,-3.367154829989565,-4.308371038306458,280.3001364378513
407,22,5.774291147732786,-3.9694777711890548,1.8160352906042263,-15.598198795444038,2.278560238707926,-8.074496852142744,2.7691857885813853,-3.3671497756317708,-4.308372833860682,280.3001523435934
407,23,5.774284090467555,-3.9691568345214723,1.8159764197641262,-15.569819770415785,2.2785229842480064,-8.066703619436336,2.7691432089234804,-3.3671670188269016,-4.308374508877472,280.30016395724476
407,24,5.774299690510292,-3.969182415307331,1.81597589690488,-15.541229853224664,2.2785296979628007,-8.067943665630555,2.7691527220936263,-3.36716202987249,-4.308405598271927,280.3001996386745
407,25,5.7742986990708385,-3.969290887607304,1.8159732738124252,-15.562972172693355,2.278555956373166,-8.069163921504616,2.769157205130136,-3.3671596814445235,-4.3083723801196205,280.3001572240289
407,26,5.774290742089971,-3.9693663824339813,1.8159507564661166,-15.555920151853218,2.2785573039764078,-8.075654002334508,2.769175740819395,-3.367155144263679,-4.308380661915981,280.3001607790403
407,27,5.77429881640115,-3.9690976943139127,1.8159891772498684,-15.563766792209513,2.2785280000660464,-8.066669719339531,2.7691568778272315,-3.3671557956721516,-4.30839917165192,280.3001672787836
407,28,5.774277660094699,-3.9693244431420465,1.8159575387580404,-15.568030124762444,2.278503602483901,-8.076410144331875,2.769155016002113,-3.367160833084137,-4.308408590857825,280.30015955594394
408,0,5.774294957851681,-3.9691133262887797,1.8160113465600036,-15.549405710167598,2.278554402265604,-8.066817198440297,2.769175294654063,-3.3671602825798606,-4.308375443764394,280.3001380311533
408,1,5.774294860606726,-3.9693938707963587,1.8159823293932142,-15.547879869905122,2.2785626254633606,-8.070563493341048,2.769163939558646,-3.3671530238222105,-4.308361778732217,280.30011868794224
408,2,5.774285466035825,-3.9693273318359736,1.8159958688526645,-15.57176038932753,2.278541694114722,-8.073529182713854,2.7691561164757728,-3.367150617214137,-4.308339603176455,280.3001675059247
408,3,5.774292764351854,-3.9692730280287902,1.815965482224654,-15.573960281078028,2.278561703372639,-8.069201226705028,2.7691371340234725,-3.36715693866895,-4.3083143952046115,280.30014534849477
408,4,5.774293369038123,-3.969353763723038,1.8159871670953172,-15.55772384845572,2.2785596716937713,-8.070746558725093,2.7691674562328776,-3.367158922932552,-4.308370528910886,280.3001459658132
408,5,5.774287410200207,-3.9692397412462466,1.816059257849163,-15.585048210202393,2.27856268630086,-8.071294360728837,2.7691653800436358,-3.367154855326884,-4.308351787624499,280.30013944757627
408,6,5.774293659171789,-3.9692002139229525,1.815981063068303,-15.565174274794163,2.2785617110452874,-8.06939478917009,2.769166204114744,-3.36715137766544,-4.3083578905701705,280.30012899480056
408,7,5.774293315327279,-3.969218427767187,1.8160139301818412,-15.535163483518966,2.278540027698015,-8.068507906087211,2.769158913837784,-3.367161524132388,-4.3083697270367045,280.30014840420955
408,8,5.77429159432431,-3.9692127036478166,1.8160016339568326,-15.57561545131982,2.278560704477652,-8.067676269011242,2.7691527286128728,-3.3671511776650545,-4.308319419050676,280.3001341516614
408,9,5.774291070299591,-3.9692280879145687,1.8159918484042399,-15.574250312738634,2.27852303469039,-8.062744183776452,2.769138435840167,-3.3671579402082785,-4.308329647409843,280.30017010510306
408,10,5.774290812974281,-3.9692005332111178,1.8160145902435425,-15.574809099763124,2.278566219778901,-8.066616643575017,2.7691695344283502,-3.3671602151175293,-4.308374064177529,280.30013437985406
408,11,5.774287635320265,-3.9692309745721683,1.815967675376672,-15.582404197172425,2.2785402110496946,-8.069924795242272,2.7691682312146195,-3.3671559411961,-4.308350104474312,280.3001606123793
408,12,5.774289993834501,-3.969298536805193,1.8159719485390782,-15.583559626777266,2.2785582361504475,-8.069389872954966,2.769173443663512,-3.3671555812609197,-4.308370165968692,280.30012532659055
408,13,5.774286743573684,-3.969276111940819,1.8159601627683843,-15.558921909835899,2.278535478227195,-8.070038664431722,2.769136571805508,-3.367152825932394,-4.308350093558825,280.3001634127937
408,14,5.7742912269811795,-3.969305235662763,1.8159955994549366,-15.562612351808385,2.278554002071872,-8.068587620497102,2.769145493640075,-3.36715219784135,-4.308333569634268,280.30014287966884
408,15,5.774288204317641,-3.9692489346482636,1.8160251705307755,-15.582963380333666,2.2785404264866203,-8.070044475434681,2.7691413593010537,-3.3671577861554853,-4.308360053200263,280.3001639841597
408,16,5.774292375104812,-3.9690752815180397,1.8160093418527856,-15.565657095537548,2.2785647700101492,-8.065503590589454,2.7691755524859145,-3.367166225092759,-4.308367694186389,280.3001464426518
408,17,5.774289574408609,-3.9693357322669582,1.8159781480258161,-15.563701955680912,2.278538926057978,-8.066876312569416,2.769120829611105,-3.367156771169032,-4.308322317312758,280.3001369971895
408,18,5.774293274381421,-3.9692123459681006,1.8159604407187853,-15.54316118536346,2.2785478805307076,-8.070096541077742,2.769159030594579,-3.367158934213325,-4.308387733167653,280.300147582865
408,19,5.774290048033814,-3.969192381407489,1.8160065355033932,-15.56340854519117,2.27853808442881,-8.07343927402631,2.769189651239831,-3.3671574907187622,-4.308389118385992,280.30013971071185
408,20,5.7742880104493155,-3.969249854792423,1.815998433559985,-15.551986405760971,2.278524782759023,-8.071562855437884,2.7691566288675675,-3.3671617050018723,-4.308382994825516,280.30016913743697
408,21,5.774289401580121,-3.9691913237684227,1.815928470170659,-15.54811633238761,2.2785252205395445,-8.06667266102105,2.769123519597117,-3.367153207733093,-4.308317972834009,280.3001538894059
408,22,5.774291590641844,-3.96931252958273,1.8159993048170031,-15.560368719909142,2.278545531442474,-8.070747354840023,2.7691775325185786,-3.367158502202453,-4.30837839294571,280.30015402643045
408,23,5.774282562442923,-3.9692148521929713,1.8159781442231373,-15.552144223670007,2.2785168086583054,-8.069592253702146,2.7691560556841908,-3.367157871348471,-4.308366007357596,280.30016310164194
408,24,5.7742989872791375,-3.9691376613413496,1.8160184442346896,-15.557940442120215,2.278554442490531,-8.069122617817529,2.7691977720305583,-3.3671583664390745,-4.308427487531867,280.3001599357658
408,25,5.774295065598768,-3.969344043371796,1.8160316289166698,-15.568110587707556,2.278574070250647,-8.07263847866158,2.769198694930181,-3.3671617113975505,-4.308420434569025,280.30017434237595
408,26,5.7742839758324775,-3.969098766004509,1.8159324177460505,-15.562072166790928,2.2785414273376277,-8.071598075198587,2.769164535253015,-3.3671559942758877,-4.308331757298029,280.30014936855355
408,27,5.774295443029441,-3.9695209335116717,1.8159804358411094,-15.566161706340843,2.278574800567079,-8.071459872285686,2.769174330859767,-3.367157618927537,-4.308374003331399,280.3001501308264
408,28,5.774291102978496,-3.9691556105376433,1.815905630640883,-15.546256396949182,2.2785393026879097,-8.065886686133172,2.769151366661787,-3.367162502678782,-4.308340189060896,280.3001305529764
409,0,5.7742980910587,-3.969475546114743,1.8159779319134042,-15.562315541696124,2.278562025598112,-8.06901112116135,2.7691412743515382,-3.367156572147509,-4.308367291377753,280.3001466936875
409,1,5.774290262089832,-3.9691701061606173,1.815955437587121,-15.538672858314582,2.278561480494644,-8.07081779264485,2.7691583794237435,-3.367153996162292,-4.308354275879547,280.30012016778915
409,2,5.77428699302415,-3.969475315624048,1.8158922898906544,-15.56008844337331,2.27853494810632,-8.070808620869174,2.76913812881638,-3.3671537239163705,-4.308331327820282,280.30018308321127
409,3,5.7742988658509535,-3.9693855007188836,1.8160070556278192,-15.574943825589491,2.2785816504481957,-8.07001897358124,2.7691932704377415,-3.367150915005269,-4.30836597646021,280.30016991225386
409,4,5.7742857735090425,-3.9693691065673655,1.815947761650003,-15.547881942203437,2.2785422226455148,-8.074855059340974,2.769193074237029,-3.367161388947809,-4.30841238016344,280.3001829488154
409,5,5.7742927318630795,-3.9692885145164993,1.8160197871577572,-15.560238437591362,2.2785712972906547,-8.069185721795177,2.7691496916837104,-3.3671516677736153,-4.308334002825903,280.30015751062933
409,6,5.774288409609851,-3.9692001307592273,1.8159330168444707,-15.56316987723009,2.278529974927056,-8.065594832326648,2.7691364146288033,-3.3671574671228433,-4.308347422835598,280.30013631684983
409,7,5.774292499754802,-3.9692507133424546,1.815951498656244,-15.556239174639334,2.2785711833128293,-8.070966051628467,2.769157038301507,-3.3671535907987336,-4.308326654559834,280.3001498827165
409,8,5.7742865359859925,-3.9693061241232366,1.8159160787988469,-15.557690541021026,2.278556542467654,-8.071534751317179,2.769142829685617,-3.367153580334772,-4.308345621274361,280.3001753617399
409,9,5.77429630769336,-3.969287548923248,1.8159786540689864,-15.558591475613943,2.2785710671537234,-8.071309302525629,2.7691674697115563,-3.367153619418823,-4.308368501090759,280.3001221118111
409,10,5.7742916328791525,-3.9691575607094225,1.81600890834541,-15.571084962026298,2.278583873829663,-8.071795764414611,2.769156226212643,-3.3671528719979804,-4.308337987695144,280.30014318472786
409,11,5.774285465169679,-3.9691553951959415,1.8159724920338915,-15.593977271526592,2.2785523803190664,-8.069470633957582,2.76915461491069,-3.3671526064834283,-4.308342619202604,280.30015663065194
409,12,5.774292752150416,-3.9693846604963916,1.8159725270306586,-15.552147353325042,2.2785498552715073,-8.07052064708531,2.769180602208601,-3.3671603718954306,-4.3083949839163775,280.30014074103053
409,13,5.774290658042217,-3.9693110099028432,1.8160187552926477,-15.5579664732959,2.2785556180769735,-8.06955732673437,2.7691618067385626,-3.3671555499565318,-4.308359914028556,280.3001301100859
409,14,5.7742944396847715,-3.96919565415069,1.8159938091667238,-15.550695420134213,2.278552325261648,-8.069840731479003,2.7691526486459117,-3.367158135369154,-4.308372488232748,280.30013735321006
409,15,5.774294287746667,-3.969198538332294,1.8159169972890736,-15.54549804137318,2.278543764474581,-8.063077096512904,2.769151027084891,-3.367156756080102,-4.308323182139652,280.30014268928744
409,16,5.774293002776234,-3.9693642274178234,1.815979766941501,-15.576765082999595,2.278554187340802,-8.071394351549229,2.769171697114647,-3.367154009270469,-4.308377628964797,280.3001265491173
409,17,5.774286293379492,-3.969346048476014,1.8159855337534725,-15.557125563249366,2.2785436694919814,-8.072127567461896,2.769156820374575,-3.367152557305592,-4.3083395324079055,280.30017557420103
409,18,5.774302628452188,-3.9692707389519124,1.8160193325457523,-15.550589770120776,2.2786089892853827,-8.069692185875695,2.7691697974768843,-3.3671489112951556,-4.30833815208933,280.3001711017656
409,19,5.774300300869045,-3.969268974209692,1.815968295209882,-15.53747759563168,2.278573808442697,-8.074532335332698,2.769186011187375,-3.367154590510942,-4.308372936205581,280.30017322772534
409,20,5.774287814344789,-3.9691873372733264,1.815970945649593,-15.545218945929353,2.2785257144203492,-8.069347964080556,2.76917251963891,-3.367162934677698,-4.308381560760832,280.30016816853197
409,21,5.774298108777271,-3.9693637186316106,1.8159820854454276,-15.548660034760909,2.2785808391700644,-8.07023481040493,2.7691825307463187,-3.3671621628602204,-4.30838951262153,280.3001370986468
409,22,5.774293339621975,-3.9693020811819415,1.8160008502522047,-15.571054128924139,2.2785669284438206,-8.065043790397661,2.769195516306658,-3.3671645154821332,-4.308405844348802,280.3001506864845
409,23,5.774289056221489,-3.9692690513618567,1.815955384514675,-15.552689750230384,2.2785534050131955,-8.069824838706134,2.769152360149401,-3.3671515322392214,-4.308343276642758,280.30015498023965
409,24,5.774299212690294,-3.969257022626317,1.8159731845563996,-15.553390327888865,2.2785393960651104,-8.069334005932589,2.769135727850522,-3.3671558859752895,-4.308354170622301,280.30019282039245
409,25,5.774289811127574,-3.9692977498409663,1.8159429880171258,-15.543488265383386,2.2785574328281597,-8.06583085212699,2.7691539804392167,-3.367158478980682,-4.308361245188272,280.30012070201246
409,26,5.774293183182018,-3.969205937601073,1.8159422369806832,-15.562299619010162,2.2785650832368782,-8.067697389452947,2.7691445903128633,-3.3671551465987815,-4.3083301199634025,280.3001556453935
409,27,5.774289670057304,-3.969139334245901,1.8160097004582145,-15.575071550596848,2.2785603411505524,-8.070113040440466,2.7691685959650756,-3.367158605465623,-4.308384030835951,280.3001261665231
409,28,5.7742915582574605,-3.9691906491948705,1.8159659939514354,-15.584483976764563,2.2785545913511247,-8.065637139854584,2.7691636369882815,-3.36715459209773,-4.308352593628611,280.3001361803954
410,0,5.774302023921893,-3.9693307323007327,1.815943487488205,-15.54226571982235,2.278561530679904,-8.070724515446035,2.7691750908183415,-3.367157594862988,-4.308420421411016,280.3001674530108
410,1,5.774288768705706,-3.9691897857479237,1.8159978195546176,-15.577428400359558,2.2785511434781225,-8.065811476323764,2.769153917995808,-3.3671593094292342,-4.308372931469293,280.3001458914099
410,2,5.7742961823755765,-3.969366700235803,1.8159760793240365,-15.555467384969276,2.278570511210288,-8.073388161551625,2.7691642465540576,-3.3671544917632263,-4.30838294193354,280.3001334382143
410,3,5.774292281669324,-3.9691723378358548,1.8159208496483734,-15.54434732264329,2.278551441121122,-8.067613107737445,2.7691658234473793,-3.3671545668786274,-4.308354471446115,280.30015454534055
410,4,5.774283392987728,-3.969291062751863,1.8159552528503835,-15.545216013769368,2.278544536841981,-8.070806361143243,2.7691443068171386,-3.3671540207951596,-4.308329132808876,280.30016106389576
410,5,5.774282787405074,-3.969062306434944,1.8159750715249359,-15.576779897190908,2.2785277405141655,-8.068276042041424,2.7691215208779747,-3.367147606777503,-4.308329025281053,280.3001471076483
410,6,5.7742861079636665,-3.96934941005467,1.8159676316178124,-15.56832825714118,2.2785656450027605,-8.073783591423604,2.769165678902953,-3.3671553364431417,-4.3083728001040695,280.3001772093519
410,7,5.774284297926707,-3.9691908427319733,1.8160061402512984,-15.576972814913121,2.2785316318315014,-8.069422544085171,2.7691399331804876,-3.367150783821488,-4.308325655642303,280.30017162535216
410,8,5.7742917974441195,-3.9691938668772395,1.8160079927687487,-15.568756639675252,2.2785752747146977,-8.07329305377303,2.769166952344756,-3.36715472270414,-4.308361894454165,280.30015553978456
410,9,5.774294177776542,-3.9693353261383226,1.8159449917681945,-15.526133519689743,2.278554947294326,-8.075073638561664,2.769192203715262,-3.367160662310383,-4.3084540743534525,280.30013428235367
410,10,5.774292040076362,-3.9691776512339474,1.8159230020559247,-15.547321118089952,2.278542100892836,-8.064735914575117,2.7691464348563497,-3.367165795376769,-4.308350929150414,280.3001749468819
410,11,5.774287497487728,-3.9693568236812,1.8159484844571243,-15.557891041633221,2.278552413993244,-8.075183681637892,2.76916720748673,-3.367154700809008,-4.308394741424729,280.3001452717119
410,12,5.7742944911757235,-3.969355200683447,1.8159881894127927,-15.551049002847392,2.27859702577354,-8.07283343453015,2.7691633414176597,-3.3671530107118857,-4.3083344770969685,280.30014057836115
410,13,5.7742952699642744,-3.9692694926561134,1.8159352814264604,-15.552930315228648,2.278578249365373,-8.071602327280546,2.7691839560099005,-3.3671570069313623,-4.308413822772201,280.30015392168934
410,14,5.774293441294002,-3.969217340222047,1.8159514359599316,-15.547882424788574,2.278568716533096,-8.070137559532988,2.76914897693522,-3.3671512746849173,-4.308343933924182,280.30017287773495
410,15,5.774287277596379,-3.9693937664313506,1.8159677142442057,-15.592390084131074,2.278518801754384,-8.068494640727081,2.769136200251021,-3.3671516392466483,-4.30834175262276,280.3001884816214
410,16,5.774297080055802,-3.9692662289891154,1.815976996859556,-15.53177847015756,2.2785798017317873,-8.07173486198472,2.769177493510062,-3.3671496463650983,-4.308372220987575,280.30014341946213
410,17,5.774302718247234,-3.969160397240678,1.8160160117461073,-15.557369867761288,2.2785772041321675,-8.07105102374301,2.7692199973600315,-3.367167092351527,-4.308441821549589,280.30018346410645
410,18,5.774286754476897,-3.9691463900784476,1.815955477758198,-15.54965812348287,2.278542313819234,-8.073891987181929,2.769162676019138,-3.3671602364521225,-4.308361381802441,280.30015880346895
410,19,5.774296363458368,-3.9692695198957564,1.8159981736652229,-15.55645346793403,2.2785592067265306,-8.069183583851263,2.76917310831333,-3.3671562249750737,-4.308376355837135,280.3001346598449
410,20,5.774294291885817,-3.9692594140232145,1.8159455282614017,-15.552271594468023,2.2785876805661487,-8.073461983796468,2.7691586868498552,-3.3671506800882316,-4.30832443704051,280.3001585331874
410,21,5.774286765140069,-3.969418026497744,1.815963935264664,-15.544367346345656,2.2785525464786263,-8.068218941073662,2.769176969831684,-3.3671697725341883,-4.308389010570837,280.3001930322663
410,22,5.774294689311493,-3.969440566693258,1.8159572289218697,-15.54866674306481,2.2785939211357142,-8.067499851788343,2.7691230973527294,-3.3671517586930517,-4.308307357674369,280.3001408405103
410,23,5.774293582663472,-3.969343107843492,1.815983792459172,-15.563464765838662,2.278568489033161,-8.071680338937652,2.7691580562916465,-3.367153052591002,-4.308385057415708,280.3001392357518
410,24,5.774294682437645,-3.969348767378417,1.8159855856094405,-15.55514499351786,2.2785669934954713,-8.066315987357074,2.7691662286351897,-3.3671634839684796,-4.308408987811332,280.3001620638438
410,25,5.774284894042138,-3.969102224896981,1.8159492405994744,-15.555933834285131,2.278538462353472,-8.062183937298183,2.7691551846877953,-3.367168430690132,-4.3083329623278726,280.3001392722159
410,26,5.774291081390604,-3.969316885113868,1.8159357882949334,-15.534234933510056,2.2785676452166044,-8.074129628414976,2.769177528043684,-3.3671537436504893,-4.308381025419942,280.30015993435234
410,27,5.774287775082208,-3.969115536813078,1.8160175350247005,-15.602461726014486,2.278550708869113,-8.06533164016062,2.769159598946662,-3.3671521529960353,-4.308344376169536,280.30015065062565
411,0,5.77429907841467,-3.969255085968647,1.8159533024727064,-15.516984899347758,2.27857216659602,-8.071083140613684,2.76916814072141,-3.3671542304205806,-4.30841465769044,280.30016943207943
411,1,5.774298763239923,-3.969299999015653,1.815994750256256,-15.545858035038115,2.2785805883037678,-8.071990513937155,2.76917409758516,-3.367155888777209,-4.308412850982348,280.3001816334429
411,2,5.774288966185551,-3.969361405543592,1.8159271074763763,-15.561091271163367,2.278533183853465,-8.069368019969108,2.7691138476730077,-3.3671589634115318,-4.308338786535643,280.30014457359096
411,3,5.774296203127506,-3.9693068577198676,1.8159079513876124,-15.547441849534513,2.278552643649859,-8.065019758785208,2.769177149505635,-3.3671618954732696,-4.308375088467855,280.3001240732262
411,4,5.77429578983876,-3.9694006340189474,1.8160452784856829,-15.595227528626245,2.278578527977816,-8.066089991256396,2.769160707272178,-3.3671477267437444,-4.308368049581873,280.3001572814466
411,5,5.7742870236099515,-3.9692882465416326,1.8159449617390697,-15.554639798106292,2.2785584860631323,-8.070446833694836,2.7691492281063894,-3.367154253952092,-4.3083439173251765,280.3001685070286
411,6,5.77429578775043,-3.969315007472073,1.8159882424709848,-15.56739532696951,2.2785607361376488,-8.06660021047925,2.7691543786632984,-3.367153549865309,-4.3083649289854575,280.3001342079602
411,7,5.7742992465764695,-3.969334176477082,1.816019266896822,-15.5367890743708,2.278600402135797,-8.0712907985029,2.7691934348620775,-3.367154639256617,-4.308390980492542,280.30016961741694
411,8,5.774292583426773,-3.9693360278981786,1.815872971315386,-15.531714954192006,2.2785601165076415,-8.067998024004144,2.769146694947753,-3.3671500219432855,-4.308319795857437,280.300143928613
411,9,5.774295856567853,-3.9694144402846834,1.8159447255913994,-15.539598039622328,2.2785961176722456,-8.076368471608161,2.769204385484807,-3.3671574205860484,-4.308392557127676,280.3001584289332
411,10,5.774288209828528,-3.969476748152216,1.8160171510481844,-15.569782530957065,2.2785628992096947,-8.07400077373147,2.7691316588826953,-3.3671545536154177,-4.308364100276413,280.30016046706595
411,11,5.774297198503287,-3.969219409150891,1.8159159829376113,-15.534698090107538,2.2785456867842795,-8.069683577890268,2.769148166945181,-3.3671547846203014,-4.308370833980784,280.30016563722137
411,12,5.7742927549554235,-3.969151407080726,1.81595048962703,-15.53280913292221,2.278549654163749,-8.072457287304593,2.7692012726253603,-3.367167284135894,-4.308470508194157,280.300136574845
411,13,5.774292388649471,-3.9690847699470417,1.8160154514632882,-15.530193170914776,2.2785397803192406,-8.072755769485763,2.7692113654689186,-3.367169042989729,-4.308475226827475,280.30016852915315
411,14,5.774286837962061,-3.969224710959001,1.8159728254297756,-15.547696413708682,2.278551625382408,-8.068580165831465,2.7691195971156586,-3.3671515943178143,-4.30832557356788,280.30014232696556
411,15,5.774302153811733,-3.9695411779250724,1.8158919330123728,-15.535190284472701,2.278607491567993,-8.077745234181323,2.7691701936559183,-3.3671528158195025,-4.308384547818636,280.30018742280663
411,16,5.774291914391097,-3.969238848308224,1.8159974218767843,-15.558197032205852,2.278547204828293,-8.063446293048088,2.7691404079893847,-3.3671608167642963,-4.308343503320612,280.3001606645469
411,17,5.774290601308342,-3.9692091577888147,1.8160335745129355,-15.572051562909197,2.2785722382042044,-8.070755984823196,2.769177589952554,-3.3671529190602927,-4.308389470147432,280.3001684187803
411,18,5.774297929428274,-3.969365051016748,1.8159260613163761,-15.539363117859777,2.2785495633987627,-8.073281054638512,2.7691585634783804,-3.367152677322485,-4.308373537980117,280.3001594260839
411,19,5.774296252656538,-3.9693320185231267,1.8159419641476398,-15.556911125004886,2.2785664255936298,-8.071747351854622,2.7691494309940596,-3.367152045265541,-4.308324402418463,280.3001627829194
411,20,5.774287746273086,-3.9691058191755793,1.8159889943550571,-15.580939683099336,2.278556795750538,-8.072776375288715,2.7691570194859185,-3.367148346188726,-4.308369290371796,280.30015268743364
411,21,5.774301676453111,-3.9695504865871456,1.8159247591103473,-15.534387002330908,2.2785884656252766,-8.069112266504847,2.7691494130044814,-3.36715823443209,-4.30835584969137,280.3002097669478
411,22,5.7742957037984155,-3.9693852546114994,1.8159236474504377,-15.534698079860062,2.278556277107089,-8.065622367429041,2.7691620655317783,-3.367157638886236,-4.30840435507684,280.30014898201307
411,23,5.774291960519675,-3.9693317549452,1.8159558106883518,-15.568703825081393,2.278566821304009,-8.072213168217361,2.769143367861377,-3.3671528729161615,-4.308361822049879,280.3001463878759
411,24,5.774288818563469,-3.9693006685155217,1.8159691059568885,-15.55642064130351,2.278574483370036,-8.070675479744434,2.769163719804559,-3.367153970122906,-4.3083579816982285,280.30015898429474
411,25,5.7742949578449325,-3.969348800286139,1.8158947089380042,-15.534654567212558,2.278547587510212,-8.071509098393689,2.7691775859856453,-3.3671607372128163,-4.308426246905787,280.3001344821039
411,26,5.774296378899252,-3.9691987204553447,1.815999854842851,-15.551393792268435,2.2785536785238123,-8.070552746802921,2.7691853915199145,-3.3671486116157605,-4.308406355268157,280.30013495465676
411,27,5.774296230868255,-3.9692582211650533,1.8159398901045325,-15.538735564472804,2.2785865002519445,-8.06956874837498,2.7691443538885756,-3.3671438208194613,-4.308310085378766,280.30016146215064
411,28,5.774301095047751,-3.969554659570929,1.8159681251989312,-15.55981060764046,2.27858283794968,-8.070993960185056,2.7691647582016383,-3.3671595148682782,-4.308397956105065,280.30017206039463
411,29,5.774296076274899,-3.9693037636731394,1.8160359872798646,-15.551152214498833,2.2785553984943037,-8.071656928623558,2.769189062933872,-3.367157354584824,-4.30843964427314,280.30013594108414
412,0,5.77430467297934,-3.9692650931124858,1.8159463352259917,-15.563037505191682,2.278555724760655,-8.068847713607612,2.769187849889425,-3.3671521794806005,-4.308391449022931,280.3002054767602
412,1,5.7742950279952945,-3.969295604848486,1.8159380256868576,-15.549454431800166,2.278577186964599,-8.06618727817564,2.7691514029724793,-3.367158546088533,-4.308343528060017,280.30016838633674
412,2,5.774295120807591,-3.969337304620793,1.8159894720003549,-15.561372661598945,2.278525191534321,-8.07006279267611,2.7691804770222403,-3.367163791466096,-4.308467744123953,280.3001287937995
412,3,5.774303009754029,-3.9693181055046285,1.8159583848302068,-15.535951284803287,2.278568890094714,-8.065953940022407,2.769174987700508,-3.367160941337243,-4.308404538444159,280.3001971907389
412,4,5.774298397794147,-3.9691912809182033,1.8159690667274007,-15.541897473479052,2.2785535334565656,-8.070764812948948,2.769194893420135,-3.3671631490348504,-4.308442900177983,280.30014477217503
412,5,5.774291531251794,-3.9693847850692787,1.8159649884517692,-15.541190310088513,2.2785390033069453,-8.064790439220241,2.769161354611137,-3.36716212161753,-4.308357338412,280.30015302937613
412,6,5.774297860845978,-3.969402022097351,1.815980506356406,-15.542857122463774,2.2785869288336533,-8.070054171918716,2.7692078747221305,-3.367148619979979,-4.308413072174656,280.3001653350183
412,7,5.774292290397035,-3.969288651477116,1.8159667761270213,-15.547284774010553,2.2785339269911353,-8.06979557147933,2.7691583633126258,-3.3671552857106444,-4.308387672324687,280.3001594323466
412,8,5.774301964552465,-3.9692392206285407,1.8159150908960902,-15.518525381003455,2.2785393885015544,-8.069166916289442,2.7691984607530413,-3.3671619770320493,-4.308439520962446,280.3001891742755
412,9,5.774298943826369,-3.9692667257214875,1.815995880138694,-15.531678487132734,2.278582080600178,-8.076951208292122,2.769196454914813,-3.3671463969989066,-4.308380645027764,280.3001855283071
412,10,5.774296022963761,-3.9691858142038137,1.8159006896873882,-15.518270543000536,2.2785549888636414,-8.073024340901473,2.769195035813336,-3.367159599319247,-4.308432207173531,280.3001438256746
412,11,5.774298409426647,-3.969290316996886,1.8159702681179064,-15.575383637198241,2.278547550828644,-8.069576201542061,2.769177765690043,-3.367155009351141,-4.308408048281488,280.3001598450129
412,12,5.774293366539222,-3.969251513537802,1.815902264830953,-15.5556138259194,2.2785449201982164,-8.068229811843796,2.76916433424196,-3.367159220740871,-4.308375352710474,280.3001505535841
412,13,5.774290371583373,-3.9692504932426407,1.8159091701638617,-15.539793407708702,2.278546502025285,-8.068268350748703,2.769164143433383,-3.3671587943785593,-4.308423597760458,280.30014101458016
412,14,5.774291739687536,-3.9693363133853037,1.8159549418173269,-15.542547504018152,2.27855254960746,-8.0651476864284,2.769150359296588,-3.3671565991880694,-4.308356540100936,280.300155971736
412,15,5.7742971049159095,-3.969327886503991,1.8159595254422107,-15.548778291861531,2.2785738190905436,-8.072311153290162,2.7691708547011715,-3.367158330520364,-4.308415066932031,280.3001257965227
412,16,5.774283611920049,-3.9691665342364835,1.8159326801902633,-15.574637246794335,2.2784972470658595,-8.06560448462313,2.769122940469405,-3.3671601960148307,-4.3083681565576555,280.30012761945136
412,17,5.7742965927501775,-3.9692733948673533,1.8159962875109845,-15.560705473424319,2.278551281307269,-8.069838308585826,2.769175602914221,-3.367164269270887,-4.308405841119137,280.30012173866595
412,18,5.774301159055071,-3.9694542835842173,1.8160216578053052,-15.57105271200167,2.2785436836016317,-8.064156867810723,2.7691438934279162,-3.367151622661156,-4.308341693720238,280.30018032157324
412,19,5.7742976127038395,-3.9691739436176077,1.8160427328541535,-15.551229440401041,2.278554104900122,-8.069733746862157,2.7691881824557356,-3.3671613069851483,-4.308431235594938,280.30013648084076
412,20,5.774292364798752,-3.969227448527144,1.8160097126199357,-15.594585892570922,2.278573811830379,-8.072524774346887,2.7691892273028897,-3.367150220463579,-4.308410675594028,280.300145014324
412,21,5.774297598009061,-3.9692756597135195,1.8158661976904413,-15.550118696956542,2.2785395538706106,-8.068558160558787,2.769193953298227,-3.367145920278329,-4.308371703695613,280.30014115723105
412,22,5.774288123699426,-3.9692148369511577,1.815903959190517,-15.536076172935736,2.2785119019742974,-8.067513081744936,2.769152245953715,-3.36716031044739,-4.308369164985206,280.3001604973952
412,23,5.774285479107582,-3.9690795975564632,1.8159433997647274,-15.582025553632954,2.2785360553791447,-8.065930374324251,2.7691338864066113,-3.367151907051173,-4.30831120453205,280.3001610473532
412,24,5.774286048896478,-3.969421346857167,1.8159159109998297,-15.54232756101186,2.278550326054685,-8.06827866215681,2.7691391261178255,-3.3671621051149345,-4.308347764074016,280.30015392095413
412,25,5.774292021072609,-3.969386994380666,1.8159689970282455,-15.553629488280817,2.278565169107953,-8.073215946027892,2.769189823121962,-3.3671626496073945,-4.308443420505256,280.3001576672615
412,26,5.774297811062711,-3.9693881193662612,1.816006904630478,-15.581210951683794,2.278536973499971,-8.068764226884705,2.769179137540947,-3.3671512533932297,-4.308398803119954,280.3001746440617
412,27,5.774287219946193,-3.969262095041388,1.8159259270136843,-15.560239277863523,2.278529230085607,-8.071582507969111,2.7691427163816256,-3.367157071810687,-4.308384172816672,280.30017318542366
412,28,5.774297551974389,-3.9692973977055632,1.8160093934540087,-15.544581706725523,2.278566835519279,-8.071461815530231,2.7691554791471233,-3.367152837272912,-4.30841704795682,280.3001389819172
412,29,5.774289405909265,-3.96929099396483,1.8158960775767947,-15.579604337088869,2.278531109491482,-8.064080484553282,2.7691630901713884,-3.3671547348749713,-4.308361789861225,280.3001624485147
413,0,5.774287735911477,-3.969294482141995,1.8159914025635846,-15.536929490965276,2.278539954984764,-8.066887695061883,2.7691574747937784,-3.3671616718843156,-4.308380545380244,280.30016641351443
413,1,5.77429548897924,-3.969309108315031,1.8159836995614125,-15.578174663478688,2.278548654069493,-8.073000237585614,2.7691246327339334,-3.3671600069454923,-4.308392927261711,280.3001560477829
413,2,5.774295250318729,-3.9692029580145136,1.815951450838874,-15.544805805447572,2.27854349327892,-8.070162956577809,2.7691606751652587,-3.367155927144545,-4.3083703385279115,280.3001494062499
413,3,5.774306759892916,-3.969393723961777,1.8159249153645436,-15.548098151958241,2.2785525432512674,-8.068455714888557,2.7691819567788616,-3.3671716840940094,-4.308509432210708,280.3001853391782
413,4,5.77429646123024,-3.9691907242670506,1.8159275371507542,-15.540897080191165,2.2785573406353405,-8.06457734143779,2.7691446176312366,-3.367145136629463,-4.308338472218386,280.3001478758997
413,5,5.7742934205044145,-3.969365683531214,1.8160442951171754,-15.586049522081906,2.278543726374514,-8.068958826868142,2.769192818107057,-3.3671655576210537,-4.3084586708288555,280.3001716252369
413,6,5.774293445371117,-3.9693775937875464,1.8160065212932077,-15.582569389439872,2.27854243461879,-8.069171157098658,2.7691796276131764,-3.367165384501516,-4.308443339647111,280.3001429419622
413,7,5.774297750817828,-3.969385670328089,1.8159857996037443,-15.532521176472024,2.2785521222563223,-8.069730881369816,2.7691790443742432,-3.3671689319083717,-4.308442752804709,280.3001559392213
413,8,5.774290425968597,-3.9691366343498675,1.8159252209357215,-15.546075040695985,2.2785169390185556,-8.068213384246148,2.7691699889420565,-3.3671678605887116,-4.308410127078177,280.3001655300477
413,9,5.774297859183052,-3.9694364561820623,1.8159943586958258,-15.555779423191797,2.2785846454821197,-8.074567247623992,2.7692119307127867,-3.367163428096592,-4.308439108435908,280.3001757383249
413,10,5.7742894361278605,-3.969075892101884,1.8159378870864507,-15.571809035369085,2.2785060834843947,-8.067703528338967,2.7691816086166243,-3.3671781671721126,-4.308519765520958,280.30015920267493
413,11,5.774296892083025,-3.969348974592642,1.8160205498593427,-15.54233819711282,2.2785650612921713,-8.076282213845083,2.769217805232513,-3.367166381156494,-4.308474711068917,280.3001335510479
413,12,5.7742952261123905,-3.9692796666618673,1.8160281599355046,-15.54697698075936,2.278525507947807,-8.074168768737408,2.7691610904622004,-3.367157495472161,-4.308397930770086,280.3001753732203
413,13,5.774292226150736,-3.9692262104762235,1.8159496739424954,-15.535864430125049,2.278562614706416,-8.066501078044805,2.7691204867514547,-3.3671505564213606,-4.308288515126904,280.3001351458979
413,14,5.7742914470076645,-3.9692652735375544,1.8159425777377016,-15.554692810998862,2.278543905989566,-8.063530529826217,2.7691099888204933,-3.367159391894733,-4.3083080122249315,280.3001526257929
413,15,5.774291701857286,-3.969211921031781,1.8160046480380665,-15.587598729312278,2.2785216612659367,-8.068280413138366,2.7691880312392274,-3.3671606419642597,-4.308393084323737,280.3001425734054
413,16,5.7742896003301425,-3.969217418674118,1.8160100010137066,-15.589633839513892,2.2785471817565015,-8.075065789813609,2.7692242710469253,-3.3671666533842957,-4.308490755701006,280.3001556530967
413,17,5.774291273644648,-3.9692390636683093,1.8160269431407599,-15.57951809267097,2.2785621131089737,-8.071086306360193,2.7691697308060426,-3.3671637824973555,-4.308401858742303,280.3001401762284
413,18,5.774298114368111,-3.969348045550207,1.815964543942866,-15.551479580136187,2.278586879564433,-8.072314832089189,2.7692338875270313,-3.367160051365592,-4.308495596224615,280.30014428859533
413,19,5.774285509317433,-3.9692882397813793,1.8160086044039085,-15.558856618052335,2.2785232078227047,-8.066476164370677,2.7691259523361693,-3.367164479803591,-4.308378968519976,280.300183377756
413,20,5.774292129674179,-3.969151351230011,1.816002459772309,-15.555144882213932,2.278517910422576,-8.067339530005931,2.769221118922016,-3.367172731105764,-4.308507692822584,280.3001559172895
413,21,5.774291624979717,-3.9691918020733934,1.815892061530238,-15.564905406697303,2.2785301837473924,-8.068051616848267,2.7691958221438284,-3.367158230471406,-4.308357654455315,280.30015873688177
413,22,5.7743035758648995,-3.969406777372617,1.815985530140163,-15.52618877784891,2.27856451382804,-8.072833488443715,2.769159529145295,-3.3671666861356124,-4.308456211366733,280.3002007375205
413,23,5.7742956310689335,-3.969264785057229,1.8159584058826577,-15.536000072193891,2.2785434269981875,-8.072155571431896,2.7691549010482794,-3.36715186476462,-4.308377312626491,280.300156351573
413,24,5.774303594824662,-3.969297596954776,1.8158955546525988,-15.528955160654037,2.278553026704059,-8.066262128560828,2.7691466578422745,-3.367153181718181,-4.308416461833937,280.3001931421361
413,25,5.774303541205261,-3.969435183404344,1.815939873381516,-15.509758574498832,2.278566153922135,-8.079883064048914,2.7692122238770525,-3.367160991482607,-4.3084780455751694,280.30021769264107
413,26,5.7742933783289345,-3.969400272058974,1.8158676806764114,-15.547552299387409,2.278542109712476,-8.078045430644115,2.769168552031037,-3.367161237533022,-4.308458168530603,280.30016998337413
413,27,5.774295070620193,-3.9692882742591666,1.8159202353327588,-15.567274915686822,2.2785255271113063,-8.07056360964223,2.769212571160236,-3.36716929302962,-4.308507448572599,280.30015820608804
413,28,5.774299344029212,-3.9693081767047684,1.8159909230000202,-15.527861330940924,2.278584300501457,-8.074488180097815,2.7691689583064303,-3.367160078811155,-4.308449350703758,280.3001830792498
414,0,5.774291729502372,-3.969156105546941,1.8159933860967739,-15.580918359768043,2.2785377439922736,-8.06789581425255,2.7691404012887864,-3.367152669258469,-4.308344598011482,280.3001394446385
414,1,5.7742927619255395,-3.969201560084967,1.81598253844439,-15.536298020121658,2.278549004332071,-8.069425243902955,2.7691567010755698,-3.3671538542526016,-4.308358452162135,280.30013516458905
414,2,5.774298140856462,-3.969290236345587,1.8160583242876616,-15.551327737511606,2.278551648573453,-8.070033901326452,2.769182923641657,-3.367158360191466,-4.308410917442933,280.3001462286345
414,3,5.774294894204231,-3.969224939247964,1.8159490344667306,-15.535310311945869,2.2785306174552433,-8.071140118578727,2.7691533382521523,-3.3671556465936554,-4.3083820429847295,280.3001511510686
414,4,5.774293671512035,-3.96922256482941,1.8159984024927456,-15.548382681788784,2.2785546536625945,-8.07239251909236,2.7691908454959977,-3.3671615270349307,-4.308427618424557,280.3001554819291
414,5,5.774285286714228,-3.96925054009091,1.8159815251569484,-15.54952452975569,2.278531654921518,-8.066375150920184,2.7691441099472573,-3.367157964140833,-4.308360327730361,280.3001639324534
414,6,5.774288798234299,-3.9690709828336224,1.8159669466419912,-15.568195608088052,2.2785607918390425,-8.062017747032753,2.7691684068458824,-3.3671595774904404,-4.308326403920066,280.3001535027688
414,7,5.774295492341425,-3.9692171686288042,1.8159515040338667,-15.546259838369453,2.2785400580700172,-8.066992892520789,2.769158248557085,-3.3671544482900075,-4.308395292890839,280.30015145882635
414,8,5.774285713235552,-3.96925164106208,1.8159795450291683,-15.580267305552933,2.278532439892527,-8.06767410400339,2.76914448489478,-3.3671613595517935,-4.308345853419284,280.3001510612574
414,9,5.7742873507779935,-3.9691941884551816,1.8160552895547741,-15.535318915551718,2.278547498531253,-8.071944252459279,2.769121523520467,-3.367158252455558,-4.308322597416542,280.30016846016485
414,10,5.77429178966729,-3.9691771918708847,1.815977274283567,-15.561288640567081,2.278556171593519,-8.068149442427536,2.769144171407329,-3.3671560024513085,-4.308375920060959,280.3001264742556
414,11,5.774291227693086,-3.969207077866655,1.815981336958623,-15.560360753836147,2.278549286703079,-8.063280570458694,2.769173106509049,-3.367156621720191,-4.308376585795296,280.3001475691684
414,12,5.774292130501714,-3.969355389246344,1.8159657699844232,-15.536698369226293,2.2785433084554247,-8.076215653211754,2.769153964722497,-3.3671564457261614,-4.30841370191821,280.30013646672694
414,13,5.774293651366412,-3.9692576027861715,1.8160364320953644,-15.57571907697488,2.2785509275962825,-8.07280990671343,2.769198957162887,-3.36715882056484,-4.308437955375531,280.3001488328556
414,14,5.774291772715341,-3.969227337736881,1.8160526010424125,-15.577192076760467,2.278542586230421,-8.071605889599772,2.76921225562885,-3.3671749564250812,-4.30850331270132,280.30016808195955
414,15,5.77429322168747,-3.969195442270941,1.8159767065318118,-15.52651008770741,2.278568063306614,-8.077317283420246,2.769156580576004,-3.3671545412865402,-4.308371098734888,280.30014185251565
414,16,5.774295352372299,-3.9691572763593967,1.8160251059353443,-15.600535633351187,2.2785506239420257,-8.069784747374666,2.769244683154768,-3.367166325088382,-4.308481876331251,280.3001572741198
414,17,5.7742966424780855,-3.9692980747595037,1.8160837862374697,-15.56570929716699,2.2785716129230478,-8.077296641730957,2.7691840772811935,-3.367154713494881,-4.3084033815431475,280.30014010522495
414,18,5.77429287814592,-3.969282622592897,1.8160202219550734,-15.535947033545916,2.2785822907630537,-8.076168655487166,2.76916554454425,-3.3671492278259287,-4.30838104963451,280.3001303169404
414,19,5.774290799265259,-3.9692178782313645,1.8159595044329282,-15.57582461337681,2.2785376429988466,-8.071702857209052,2.7691825048428407,-3.367158725632403,-4.308417098829148,280.30017797696405
414,20,5.774293321734312,-3.9692788919748514,1.8160244656041324,-15.56253155136328,2.278558265692594,-8.073758282410703,2.769185540406601,-3.367164164690569,-4.308437644872921,280.3001492739793
414,21,5.774299064255847,-3.969286719122014,1.8160779858460123,-15.577491194098961,2.278568286235578,-8.073360026328421,2.7691909449965797,-3.3671581189725095,-4.308421585320433,280.3001926609189
414,22,5.774287028815889,-3.969283145076745,1.815931073248945,-15.580247853452029,2.2785571135834704,-8.074205423634073,2.7691336572939456,-3.367151808323511,-4.308365058187255,280.30015102433117
414,23,5.774285325504377,-3.96933573359637,1.8159435716093448,-15.567690215574055,2.2785226881314142,-8.071772810544886,2.769159741127716,-3.3671568627432165,-4.308388954424755,280.3001738588413
414,24,5.7742934793742045,-3.9693440143334118,1.8159486610550664,-15.541484051470706,2.2785361655195726,-8.07385892002365,2.769190821255864,-3.3671624276598036,-4.308448354148283,280.30015638489243
414,25,5.77428956655379,-3.9692052777606337,1.8159565456924052,-15.552264090733832,2.278546143834734,-8.074383568462153,2.7691864199976686,-3.3671637273613637,-4.308425094290147,280.30016997579344
414,26,5.774304073626164,-3.9693193209042104,1.815931102674793,-15.573471763730804,2.278576411670349,-8.067937552986663,2.7692016095181673,-3.367165769611967,-4.308459925695429,280.300180186112
414,27,5.774297583451026,-3.9692358378992325,1.8160126831201064,-15.551909263454593,2.2785759117302606,-8.070301926282346,2.769164491401725,-3.367152849033686,-4.308369171574419,280.3001111620507
414,28,5.774297027083151,-3.969166709750899,1.8160067323272728,-15.546642941012156,2.2785519962928524,-8.07247069270061,2.7691712246085816,-3.3671553602268083,-4.308423024193895,280.3001598339285
415,0,5.774295737532702,-3.969259679500197,1.8160300288312579,-15.54995261191991,2.2785438825835986,-8.075448552068318,2.7692299516199967,-3.367173896598908,-4.308522019822852,280.3001386623696
415,1,5.774299757924889,-3.9692704356150963,1.8159583634469996,-15.517443131394558,2.2786000280029532,-8.075165372490748,2.769168100447742,-3.367151690861251,-4.308342062986023,280.30019159696303
415,2,5.774291873064936,-3.969258133627403,1.8159109412976917,-15.526252647339048,2.278528125065466,-8.068977682516788,2.7691260698472764,-3.3671498615127926,-4.308367614214836,280.30015714304636
415,3,5.774295080194699,-3.9693992774497393,1.8160229106344112,-15.568789198876933,2.278594908244404,-8.071526465646262,2.7691378624510627,-3.367146925480717,-4.3082950070125134,280.30015277997103
415,4,5.774295371696439,-3.9693357200987323,1.816067656545371,-15.590161922614392,2.278588119853104,-8.079619819392834,2.769210363685797,-3.367156008352011,-4.308447986640634,280.3001946717883
415,5,5.774296120415827,-3.96921900879798,1.8159854871754455,-15.562734548104014,2.2785564218203676,-8.070960814316756,2.769207300233999,-3.367158107007787,-4.308458289275532,280.30014332435536
415,6,5.7743009122088,-3.9693055536473096,1.816018333263722,-15.51094323724734,2.278568405797512,-8.071039154777251,2.769166014995988,-3.3671531720549726,-4.308354108016953,280.30014340185915
415,7,5.774293264276786,-3.9694314763274576,1.8160294048966004,-15.552950622399829,2.2785821032965794,-8.072403763746589,2.76912948738372,-3.3671476696723,-4.308290260865583,280.30017046447983
415,8,5.774293741979935,-3.969233862919375,1.8159253939940379,-15.532695751799901,2.2785639441386825,-8.070549837054465,2.769166835179302,-3.367147645387017,-4.3083867411539405,280.30013627522726
415,9,5.774296674463026,-3.9692245404727693,1.815992982185025,-15.545976186462838,2.278538868057855,-8.066220406992498,2.7691545719008483,-3.3671621447238764,-4.308409927680143,280.3001276574639
415,10,5.774292160162829,-3.9691488280672305,1.8160784732234372,-15.57220191361835,2.278546873295038,-8.066610045739242,2.7691414049027285,-3.3671607870107234,-4.308364553163423,280.3001595763848
415,11,5.774289940091802,-3.9692291681459517,1.8160392935476974,-15.580455623408744,2.2785613990255627,-8.077295612429062,2.769177867318177,-3.3671535779181796,-4.308425738887652,280.30016321739106
415,12,5.774295555861653,-3.9692845735617763,1.8159367646456261,-15.499304494205193,2.278557357979214,-8.073159928461582,2.7691297168837035,-3.367152736443948,-4.30838548833491,280.3001784613625
415,13,5.774295285561816,-3.9692180643555472,1.8159179668038197,-15.519345684810814,2.27856054051206,-8.069786416614152,2.769172352546632,-3.367161936961873,-4.308405261677528,280.3001460180866
415,14,5.7742977568630245,-3.969468452670791,1.8159435883791017,-15.510712259598941,2.27856327192163,-8.073029914101152,2.7691379990423313,-3.367152389022208,-4.308390019495495,280.3001792140411
415,15,5.774290498225618,-3.9692781427171266,1.8159328823606224,-15.514011199081287,2.2785592765879827,-8.071214306849898,2.7691245402660036,-3.3671560675443977,-4.308277194936982,280.30014530578944
415,16,5.774297489812121,-3.9691787481245497,1.8159936038243538,-15.533526959403163,2.278568230349911,-8.07153392665785,2.769147598365784,-3.3671542531798053,-4.3083581551781,280.30017282040154
415,17,5.774292843056828,-3.9692614534867454,1.8159492990561699,-15.589959462898857,2.2785152125634096,-8.071026792211192,2.769130920347214,-3.3671520047901193,-4.308378595255039,280.3001601829748
415,18,5.774284176342197,-3.9691557853904667,1.8159524851514621,-15.557003623126107,2.2785432598539166,-8.069843508570608,2.7691431937081563,-3.3671565554917207,-4.308370819186745,280.3001722410447
415,19,5.774295704528757,-3.969224868480594,1.8159393461381172,-15.529265549195602,2.2785352478501903,-8.067280441814694,2.7691425861360797,-3.36715509762915,-4.308361498729238,280.30016377464864
415,20,5.774293312447059,-3.969159188488675,1.815997503153803,-15.561829036792831,2.2785392230429142,-8.069700786897586,2.7691913518870233,-3.3671707728925386,-4.308465010289298,280.30014311488696
415,21,5.774294947643674,-3.9694541544964568,1.8160205175539654,-15.569555432082337,2.2785730355364375,-8.079437797347461,2.769207201491756,-3.367161492596405,-4.308463627977101,280.30016249572384
415,22,5.7742882171457035,-3.9691443158202513,1.815900675155076,-15.507991605492407,2.27855532576631,-8.065924814550973,2.769130440306929,-3.3671554750435453,-4.308324981680417,280.3001589925312
415,23,5.774290583637913,-3.9691872686749057,1.816052516037079,-15.569582208049768,2.278543306408445,-8.070456593388588,2.7691977475765337,-3.3671568990617295,-4.308435209381267,280.3001620563345
415,24,5.774292713554036,-3.969222993309315,1.8159618273339897,-15.547443776432964,2.2785515125475926,-8.070531402526596,2.7691628126464427,-3.3671522044958797,-4.3083595593201665,280.3001310240504
415,25,5.7742929143447475,-3.9694081410626207,1.8160282096736955,-15.572676881739126,2.278562500730558,-8.072252359113044,2.76911719916837,-3.3671529142775323,-4.308352263231766,280.3001569638377
415,26,5.77429139598921,-3.9691783035547896,1.8160110603676118,-15.554928718757882,2.2785754735442096,-8.076544320905658,2.769177553473239,-3.3671575157047613,-4.3084095189125025,280.30014296297736
415,27,5.774298594307971,-3.969301419449425,1.8159937504601358,-15.56258160966097,2.2785782192731,-8.07518103976185,2.7692071858895817,-3.3671614288883096,-4.308456652310172,280.3001735105425
415,28,5.774291193664254,-3.9693640363888525,1.8160380902637177,-15.56681961174413,2.278566075769995,-8.072995191195592,2.7691643755302526,-3.367152231919328,-4.308375139207431,280.3001444136267
415,29,5.7742983697695625,-3.969195843852543,1.8160575528803788,-15.568201324194877,2.2785695942764015,-8.076549540911524,2.769170661895017,-3.367144965818782,-4.308401524542909,280.3001581508154
416,0,5.774294206618184,-3.9693069987061467,1.8159844332535415,-15.539305149954597,2.2785363165931773,-8.069424470369027,2.76915235975507,-3.3671559565798366,-4.3083701507281935,280.3001226638853
416,1,5.774291675647654,-3.9692839647364893,1.8159483802703873,-15.540020043242626,2.2785501520460776,-8.071278601513821,2.7691559916541144,-3.367163657284645,-4.308394507232581,280.30013702954
416,2,5.774291987450207,-3.9692575892378463,1.8159884670544264,-15.555083563781183,2.278528709691791,-8.06549879238936,2.7691899713800674,-3.36717461536206,-4.308472852344914,280.30015480895537
416,3,5.774289763299961,-3.969183933758019,1.8160384231335844,-15.573847692799372,2.278556204938434,-8.073364902394067,2.7691544685712945,-3.367154458563473,-4.3083298135585,280.3001425004552
416,4,5.774291790981298,-3.969237864092801,1.816007924912054,-15.563313021512133,2.278544838208567,-8.069958012376475,2.769169629093668,-3.3671500114085835,-4.308351442960621,280.30012830608905
416,5,5.774294184909472,-3.969328372186661,1.8160271880663714,-15.570824838554204,2.2785542546771325,-8.069912803607435,2.769162800242751,-3.3671486452056993,-4.3083717354616455,280.30017069022165
416,6,5.774295024121162,-3.969225266301813,1.8159644351637683,-15.538089545194243,2.2785631615802764,-8.064903229442578,2.7691650164189903,-3.367153849500524,-4.3083554049956145,280.30013330912544
416,7,5.774301980251567,-3.969240140823402,1.8160235978303414,-15.53090437751933,2.2785568874462903,-8.071331347508673,2.7692151314914835,-3.3671659725019243,-4.308476481046824,280.3001809527673
416,8,5.774291072930481,-3.9692556837657453,1.8159509968596312,-15.565646756336731,2.278540740104919,-8.067967251978919,2.769155855754023,-3.3671626118474074,-4.3084155384892036,280.3001523227664
416,9,5.774294960647854,-3.9692647672825245,1.8159846483223887,-15.55473111952434,2.2785639094308716,-8.070332597306072,2.769153907476177,-3.3671519655748634,-4.308361715006369,280.3001480542841
416,10,5.774293723680862,-3.9692161933366066,1.8160419016956433,-15.53364577471287,2.2785599233477027,-8.073431401445161,2.7691912085947155,-3.3671630217832695,-4.308465037496587,280.3001623186067
416,11,5.774292478351062,-3.9691677985953997,1.8160105571740572,-15.549924072409315,2.2785444413113223,-8.074352037216746,2.7691760428632186,-3.367152343753042,-4.308405003475039,280.3001502677035
416,12,5.774292939634252,-3.9691483370820713,1.8160074649055329,-15.5421509699974,2.2785667140915464,-8.07496550490988,2.769215336372795,-3.367168023549162,-4.30845063119764,280.3001632207971
416,13,5.774293524100293,-3.9691617022565278,1.815939886243409,-15.529170900078842,2.2785221096623833,-8.065612247341853,2.7691551433554786,-3.3671657882611274,-4.30843252357967,280.3001520691725
416,14,5.774290885972115,-3.9693154931293244,1.8160187480506917,-15.556378117813567,2.2785464784626344,-8.073172039453492,2.769158343698249,-3.3671598378562795,-4.308402007333929,280.3001290966696
416,15,5.774298747046229,-3.9692725958215007,1.8159513743387319,-15.548048682413217,2.2785546591795107,-8.069725209342517,2.769154674881284,-3.367140574152826,-4.308336990073868,280.30016596418
416,16,5.774296181490467,-3.969263507750804,1.8159899007023215,-15.567747663036302,2.278532983136334,-8.071471903367193,2.769203952833324,-3.3671673035236167,-4.308484668915509,280.30015026602064
416,17,5.774295895841512,-3.969261335521283,1.8160729087717502,-15.562042233062002,2.27856259171713,-8.071584284289136,2.7691908859017946,-3.367161849127201,-4.308450515166299,280.30015239927616
416,18,5.774291363955207,-3.9692473192155213,1.8159323182477738,-15.551739546243466,2.2785429573049676,-8.068993305780452,2.7691809151471585,-3.3671602156986546,-4.3084217162359,280.30014082012144
416,19,5.774291613910783,-3.96914145066706,1.8159942259431523,-15.566679105991025,2.27852781335241,-8.072014751809549,2.769187202797685,-3.3671638271244895,-4.308447838076814,280.30012543034223
416,20,5.77429283037176,-3.9691705332959635,1.815998102348106,-15.569278503168462,2.2785457827140907,-8.06339183886452,2.7691633397847926,-3.3671563169279968,-4.308364050401282,280.30013993891436
416,21,5.77429084100306,-3.969227191199656,1.8159593266578875,-15.535225082476543,2.2785616768348813,-8.069516952717702,2.7691277048399,-3.367155095151883,-4.3083169565243615,280.30013053467786
416,22,5.774294822329404,-3.9692545331983418,1.8159875808125823,-15.543595385439675,2.278551800349892,-8.074953780465975,2.7691949673649283,-3.3671597938144564,-4.308454778666792,280.30013579969983
416,23,5.774292492377543,-3.969266155058418,1.8160189445433244,-15.551825918687204,2.2785504682765385,-8.071645984821043,2.7691742135522093,-3.3671611460011692,-4.3084120885321635,280.300142473512
416,24,5.774295330758143,-3.969193997214305,1.8159699216026683,-15.514336372290748,2.2785732803120893,-8.07102934491796,2.7691756417136495,-3.3671559187037503,-4.308364275317473,280.3001364708975
416,25,5.774296271198307,-3.9692372040636577,1.8159883556541254,-15.543395844245598,2.2785508873740477,-8.072987639262902,2.7691593985676444,-3.3671621046077496,-4.308443984111424,280.3001454969966
416,26,5.774295146247552,-3.969275547111339,1.8159077592776727,-15.557360824130395,2.2785623959108023,-8.069048905795569,2.7691457815910097,-3.367158135811009,-4.308369542115988,280.30015032631394
416,27,5.774297492074048,-3.9691092842333626,1.8160128375576234,-15.52331100095328,2.278541828941217,-8.066671552098866,2.769170376175758,-3.367158458936688,-4.308385960768823,280.3001600261234
416,28,5.774294141203605,-3.9692615183169253,1.8160135206310306,-15.555827810250737,2.278577031972106,-8.070255730667826,2.769161678111996,-3.367160034597424,-4.308405588421166,280.3001464012822
416,29,5.774294958140945,-3.9692915994108366,1.8160418783115464,-15.562662420190708,2.278567770723042,-8.075688361858834,2.769179612697497,-3.3671518080374656,-4.308426621624474,280.3001592979066
417,0,5.774291878377293,-3.9692183298261856,1.815915176738012,-15.541616911882866,2.278528822056268,-8.067536163736426,2.769147094529205,-3.367159445485831,-4.308387019609118,280.30015401966347
417,1,5.7742930306823315,-3.969156393067892,1.8159929119848477,-15.575022156048961,2.2785554434872646,-8.071560079330782,2.7691717306263994,-3.367153816245368,-4.308364195780453,280.30012771099734
417,2,5.774288915817142,-3.96919719488721,1.8159474275038674,-15.5498411431708,2.278542403012936,-8.064772762520137,2.7691430847663425,-3.3671501857805795,-4.308301062639753,280.3001660709864
417,3,5.774293014453998,-3.9691055905649977,1.8159931262997386,-15.539807560053104,2.278545511362203,-8.066019036270982,2.7691409044039683,-3.3671531325295168,-4.308327844361586,280.3001583311193
417,4,5.774295914268065,-3.9692302834128346,1.8159768671427252,-15.530553792271316,2.2785376724135453,-8.06874934058763,2.769172018686168,-3.367159302245377,-4.30841525710129,280.30013720629387
417,5,5.774294565148905,-3.9692383335957304,1.8159610187375024,-15.553398311666662,2.2785167015835865,-8.071572089106612,2.7691668562917084,-3.3671635382245206,-4.308442143336291,280.3001640913099
417,6,5.774293610329415,-3.9692396528439513,1.8159662010764486,-15.544790113284028,2.2785661714439542,-8.068442517746464,2.769138435325321,-3.367148918373796,-4.308314517813654,280.30015760144477
417,7,5.7742932430230836,-3.969355112650473,1.816017405066743,-15.559585383351752,2.2785726658989223,-8.074795888947989,2.769145525938002,-3.3671501229862884,-4.308341618921147,280.3001894330786
417,8,5.774289869440644,-3.9691392331321316,1.8159427142857143,-15.549102523393035,2.2785439500474185,-8.071064789303744,2.769190635012871,-3.367158950538686,-4.308400502763224,280.30011250279483
417,9,5.774291867301494,-3.969263251252046,1.815989613160725,-15.5396407011499,2.278516646542762,-8.067748335731928,2.769192872443656,-3.367174828085839,-4.308474803862019,280.3001488850147
417,10,5.774294070087161,-3.9691470434289715,1.8159976609297936,-15.557969299541881,2.2785569073417107,-8.0693438749068,2.7691712428154003,-3.367153467125067,-4.308394079701663,280.30012775329476
417,11,5.774295345881084,-3.969277089629039,1.8159638579012511,-15.52646929400761,2.2785551525329444,-8.069901940141312,2.7691576163239717,-3.367157571939951,-4.308344027896056,280.30015660540573
417,12,5.774291766116848,-3.9692366296588517,1.8160176925316405,-15.546754995303978,2.2785255487337417,-8.068278640385412,2.7691991473609368,-3.3671640647792107,-4.308455773326358,280.3001405359976
417,13,5.774297481063739,-3.9692438106199766,1.8160279514869233,-15.539186182272756,2.278539976925991,-8.068696383461893,2.7691946579706834,-3.367153549294533,-4.308433933146876,280.3001695243905
417,14,5.774292407358442,-3.969304952820964,1.815928772878536,-15.5436833585449,2.2785187832916125,-8.071641125914924,2.769188275270373,-3.3671680286941355,-4.3084518822115445,280.3001481025358
417,15,5.774291597179702,-3.969109657362108,1.815971817151953,-15.537410882187853,2.278545956648664,-8.0686666463486,2.7691751417182155,-3.367161760339247,-4.30840260695331,280.30014619778007
417,16,5.774288721913155,-3.9693832930674118,1.8160522235763905,-15.581525425994444,2.278528343598745,-8.069761477048116,2.7691495199951977,-3.367151628958924,-4.3083536458581015,280.3001631785594
417,17,5.774295931301904,-3.9694229091300737,1.816016877963726,-15.569032018739701,2.2785638636952776,-8.076533446119296,2.769159990169457,-3.367148271287139,-4.30836923034545,280.30013712913285
417,18,5.774292243123379,-3.9692684445566933,1.8159939408269015,-15.553505818041584,2.2785322325350643,-8.071188299268115,2.7691761749577792,-3.367161174152495,-4.308432073024049,280.3001498228722
417,19,5.774287804936793,-3.9692092938641808,1.8159758447150558,-15.549407872396074,2.2785614335516535,-8.073291869452317,2.769129515059483,-3.367143142140624,-4.308325039747739,280.3001574284587
417,20,5.774291032736744,-3.9693065173278628,1.8159586862833117,-15.551708463378727,2.278551340857757,-8.072722997348013,2.769126669452969,-3.3671493680901774,-4.308324596884802,280.300143410044
417,21,5.774292629950869,-3.96922578127927,1.815971730366977,-15.561506458575556,2.2785531790385978,-8.07156011426841,2.7691804843557897,-3.367155928508192,-4.3084231048101165,280.30014205004716
417,22,5.774287936412756,-3.969229241772507,1.8160069812785482,-15.557236572705161,2.2785185317625523,-8.068009933212346,2.769187326860141,-3.3671664121694187,-4.308424458457014,280.3001633267497
417,23,5.774294311038649,-3.9692128134179367,1.8159167304149462,-15.54428316768545,2.2785386533596395,-8.060915242362002,2.7691391426157717,-3.367157557093898,-4.308312620765864,280.3001334386854
417,24,5.774290771629841,-3.969231680878326,1.8159804690775965,-15.52286035045056,2.2785205846138705,-8.066786320684088,2.7691685950491514,-3.3671718738295304,-4.308411291700968,280.30014870367427
417,25,5.774292023709423,-3.9692484577943423,1.8159643591388785,-15.550818384564982,2.278547903928068,-8.074137532912955,2.7691389810172597,-3.367151786624283,-4.308354743193163,280.3001477975508
417,26,5.7742927196174625,-3.9691338691940636,1.815979368335175,-15.52046337236488,2.2785473286979987,-8.067090970582171,2.7691481806705935,-3.3671526084968497,-4.308348430562805,280.3001318784962
417,27,5.774293698303748,-3.969315016001717,1.815988194990086,-15.56578984287866,2.2785440731332827,-8.071357395307906,2.7691550211255964,-3.367154257607596,-4.308370660676587,280.30011608101256
417,28,5.7742955793237,-3.9692610224093072,1.8159775620610634,-15.528886305130262,2.278574412258068,-8.071976615626843,2.7691832405626817,-3.367155460607542,-4.308386190983573,280.300132078558
417,29,5.774292083500598,-3.9692870467611048,1.8159529513962234,-15.544727057797886,2.2785679099536402,-8.065628024208653,2.7691631231487865,-3.367160300774204,-4.308342082052473,280.3001422272452
418,0,5.774289464725833,-3.969149694371084,1.8159540684929967,-15.53613034341709,2.2785283384311494,-8.06735070415165,2.7691879859675885,-3.3671669352672975,-4.308405830364561,280.3001473971522
418,1,5.774292938488562,-3.969315232509049,1.8159510704395152,-15.56186882119938,2.278541055806678,-8.068971045439088,2.7691687404645684,-3.3671619072738843,-4.308387943936884,280.300147739426
418,2,5.774294857735956,-3.9692396906061496,1.8160034059853645,-15.544761539148572,2.2785580691875085,-8.074084548617682,2.7691905354784,-3.3671554668385864,-4.308419668667148,280.3001534845723
418,3,5.774292254438871,-3.969183490184687,1.8159688094870767,-15.550971460287787,2.278559895535925,-8.071116120934136,2.7691371584773714,-3.3671431373805123,-4.308320465999035,280.30014274172595
418,4,5.774295325240973,-3.96916683081745,1.8159938319787596,-15.563237672377452,2.2785548736635173,-8.068818705495444,2.76919319678325,-3.3671547738758254,-4.308422786885069,280.3001438966046
418,5,5.77428952445174,-3.969142052396197,1.8159050720901238,-15.554731697747636,2.2785403276883085,-8.066967216111902,2.7691303732922834,-3.367154951739176,-4.308320612470388,280.300156665843
418,6,5.774293056356566,-3.9692095214792347,1.815948080135646,-15.539666091220667,2.278564884074846,-8.07343274526604,2.769194370759919,-3.367151094559801,-4.308383944347318,280.3001549743332
418,7,5.774289645867079,-3.9691771844199306,1.815973207011637,-15.588552271547597,2.2785432001144814,-8.06496883093463,2.7691227597338366,-3.367146092001571,-4.3083235358330425,280.3001218578385
418,8,5.774295622359676,-3.9691267705646305,1.8159956273822397,-15.529617536332186,2.2785574779740383,-8.074499135515373,2.7691755337697206,-3.3671547016544463,-4.308388420250031,280.3001355744571
418,9,5.774294380584922,-3.9692022080456844,1.8160251163846581,-15.559249739034458,2.2785467575024643,-8.068601969962911,2.769155452284313,-3.3671531248411073,-4.308372676149259,280.30016540241087
418,10,5.774291448411632,-3.9692053844804533,1.8159667402574549,-15.542778528558717,2.278555949092426,-8.071235524608422,2.7691687512406187,-3.3671576219189334,-4.308362503068964,280.3001379959402
418,11,5.774293430434965,-3.969190377947799,1.8159390234665096,-15.544860232928439,2.278569037718917,-8.06826763898836,2.7691203406747786,-3.3671447827712946,-4.3082936853977705,280.30013356326924
418,12,5.774295816197401,-3.9691856402023307,1.8159338965612979,-15.523747377200035,2.2785493751625996,-8.070643616446096,2.7691743135324702,-3.367154579709333,-4.3083960675932556,280.3001331473034
418,13,5.7742908372800485,-3.9691559747651546,1.8158891341766328,-15.515525130864507,2.2785109615073296,-8.064121857605773,2.7691512984751108,-3.3671610506532677,-4.308368504322202,280.3001380557196
418,14,5.774291137438367,-3.9692438950754445,1.8159797387741632,-15.563664751685998,2.2785742306198227,-8.074314357732312,2.7691841683416913,-3.367150758541547,-4.308380269219263,280.3001385560288
418,15,5.774293879505974,-3.9692107063047697,1.8159389409282003,-15.530236212576108,2.2785347149324333,-8.072932603603622,2.7691728586404083,-3.367157060197287,-4.308402747881104,280.30014906843576
418,16,5.774291621678121,-3.9692497272908667,1.815954478867917,-15.555332984223545,2.2785548698999127,-8.067545840274747,2.7691506563876285,-3.3671576780167207,-4.308347726793545,280.30015328380205
418,17,5.774297245760298,-3.9691716814439104,1.8159802275790193,-15.542070176119156,2.278560331233666,-8.069438697655182,2.7691797978966286,-3.3671537202033095,-4.308394973811573,280.3001264404224
418,18,5.774290752997161,-3.969121881526008,1.81594882463634,-15.548707672764811,2.278518376434818,-8.065538269690757,2.7691404574150296,-3.3671581197227485,-4.30835118103667,280.30014986302143
418,19,5.77429263858998,-3.969246104934699,1.815951967429838,-15.564173992840043,2.2785423104070675,-8.065882512737245,2.7691418098500913,-3.367161390036446,-4.308355937884669,280.3001672594729
418,20,5.774298571599859,-3.969263620199003,1.816012560395135,-15.540943180353718,2.278559398303209,-8.068397624548137,2.7691902094350773,-3.367158865068122,-4.308423090453533,280.3001505327758
418,21,5.774291705079038,-3.969263241059514,1.8159498068388522,-15.537262086480562,2.278547728274976,-8.072617994609255,2.7691526972415597,-3.367155579709457,-4.308358888989465,280.3001510700386
418,22,5.774292796604087,-3.969163285860913,1.815941632312844,-15.54681955848015,2.278550099910598,-8.072938760592296,2.7691601782881206,-3.3671544463875276,-4.3083682812157935,280.3001265052092
418,23,5.774290680691293,-3.969281283043303,1.8159225506695735,-15.563045278010772,2.2785450104973126,-8.068498149218854,2.7691765471082017,-3.3671539488374846,-4.308357395173354,280.30013983790934
418,24,5.774290003250523,-3.969109875559662,1.8159417261621147,-15.549477146497386,2.2785414612631434,-8.068783750717078,2.7691901458039734,-3.367160305521255,-4.308384465409321,280.3001359659115
418,25,5.774290567761399,-3.9691347450870658,1.8160115269085013,-15.564336529722805,2.278531109626083,-8.074409080207904,2.769217345748966,-3.3671613348576206,-4.308457382434481,280.300154667111
418,26,5.774290273190863,-3.969178085220726,1.8159301048629242,-15.547153432916307,2.2785457489033862,-8.068588825136345,2.769136984624222,-3.3671543821024708,-4.308327575835974,280.3001505329448
418,27,5.774294826996783,-3.969260751128378,1.8159335741739995,-15.536411625895019,2.2785535513018846,-8.071924698602025,2.7691744783306373,-3.3671558140911815,-4.308392313659134,280.30012884067827
418,28,5.774290605809358,-3.9693063946217912,1.8159618918805864,-15.540761056873132,2.2785422979505623,-8.070589311019912,2.7691426504110983,-3.36715073693364,-4.308310329911901,280.300163962391
419,0,5.774292360032782,-3.969089915147541,1.815968516827133,-15.548907554798044,2.2785217442298937,-8.065194364568042,2.7691445472322402,-3.3671547445787637,-4.308330294593442,280.30016572976183
419,1,5.774292141346285,-3.9692407933387868,1.815947672338116,-15.56494955804319,2.2785461688856423,-8.069194181700334,2.76913904583553,-3.3671472473805766,-4.308307830899732,280.3001780572815
419,2,5.7742966107751785,-3.9691074668810304,1.815906617672442,-15.525230163940824,2.2785570828452877,-8.065429727342854,2.7691722898539908,-3.367156866491319,-4.308389502532824,280.30014772102675
419,3,5.7742876961447385,-3.969212430743239,1.815924968896883,-15.536278164498754,2.278555762812583,-8.066768659959225,2.7691592732452626,-3.3671525662973316,-4.3083114860626095,280.3001635818127
419,4,5.774290249681535,-3.9692211327458673,1.8159451485649636,-15.520717172253542,2.278565571805241,-8.069865660990784,2.7691550025724667,-3.367151996852284,-4.308329943651747,280.30012535464255
419,5,5.774291289298212,-3.9691381108675827,1.815941308376162,-15.532520131222936,2.2785537376589327,-8.071505598246189,2.769131341650851,-3.367146748574445,-4.308316924578276,280.3001272645247
419,6,5.7742926941829325,-3.9691421123398625,1.8159761427314929,-15.533643174580456,2.2785597642955553,-8.07429058721971,2.7691891845521184,-3.3671601066903394,-4.308434140097236,280.3001348902397
419,7,5.774296452622304,-3.9690911741645234,1.8159331588504304,-15.520405284080063,2.278550876287232,-8.069289162220308,2.7691561646730127,-3.3671509062771596,-4.308366919315835,280.30014089787244
419,8,5.774294460189959,-3.969247525918249,1.8159419717830776,-15.566940129018695,2.278554733955986,-8.063876562587424,2.7691416141970566,-3.3671442665581908,-4.308303526829883,280.30016847840113
419,9,5.7742929946534405,-3.9691254215536707,1.8159022941064429,-15.547490381411539,2.2785423886138414,-8.070082315868058,2.769140958041673,-3.3671492457246464,-4.308365225125048,280.3001686635723
419,10,5.774293745008002,-3.9691810623056263,1.8160599843298857,-15.573877853523996,2.2785604430193804,-8.070391317054604,2.769169659406356,-3.3671517059596567,-4.308370616102473,280.30016745910643
419,11,5.774291110395188,-3.9693153224167212,1.8159408561591492,-15.543202545002082,2.2785424842651403,-8.071803504955344,2.7691368150922084,-3.367154233014004,-4.308349554222977,280.30016013169137
419,12,5.774296605286113,-3.969219464700435,1.815964367817242,-15.532692518776855,2.2785665925967526,-8.066417921909617,2.769163647039335,-3.3671553832092402,-4.308362046306658,280.3001195813732
419,13,5.774292298395565,-3.9692370954450302,1.8159675993241364,-15.530997189059363,2.2785582024101556,-8.067792384609602,2.769162836616787,-3.3671510771789053,-4.3083733080703395,280.30013301432734
419,14,5.774289484166552,-3.9691351825276064,1.8159600749178988,-15.535877551628788,2.2785453396079602,-8.065516242156923,2.769141431672653,-3.36716062825571,-4.3083459583189,280.3001435192517
419,15,5.7742962427258195,-3.969151375828174,1.815925690217952,-15.530106287758267,2.2785410457398605,-8.071649107809266,2.769152670303204,-3.3671481885954653,-4.308359232020864,280.300148249454
419,16,5.774293982540076,-3.969178217885998,1.815933372978695,-15.550814087045907,2.278554523132323,-8.068658656780197,2.769155903382324,-3.367154947412253,-4.308368671816629,280.3001439040613
419,17,5.774288426522771,-3.9691046554622367,1.8159620007801454,-15.568867327333036,2.278551456644826,-8.071492211580976,2.769129941048127,-3.36714698686473,-4.308335975585458,280.30014540078895
419,18,5.77428975586065,-3.9690649755872967,1.8159152928614268,-15.540055271375877,2.2785576269452164,-8.066160183222438,2.7691600873182187,-3.3671499826582925,-4.3083424429811155,280.30015348970267
419,19,5.774291124033143,-3.9692144902441275,1.8159841300142687,-15.585995176290114,2.2785529906887785,-8.072635728546983,2.769176864607987,-3.367149975024924,-4.3083784143876365,280.3001367423292
419,20,5.774293415054697,-3.969097663775853,1.81599734951357,-15.562918785421283,2.278549328993265,-8.06820104745071,2.7691561287429147,-3.367153842984871,-4.308387285505119,280.3001392490188
419,21,5.774293443421658,-3.9692177230088004,1.815967660387097,-15.552049379149835,2.2785653034883837,-8.069458442120082,2.769168092537086,-3.367143421598161,-4.308333105876239,280.3001546298964
419,22,5.774291467403798,-3.9691471243120153,1.8160027100308873,-15.567449136463718,2.2785553094393736,-8.070474560795818,2.7691446661200247,-3.3671500210314984,-4.3083298291059915,280.3001331686618
419,23,5.774290498141105,-3.9691233955574385,1.8159460237100542,-15.556062921827435,2.2785378656095263,-8.06845362540302,2.7691658358626374,-3.3671588472737244,-4.3083706084098345,280.30012812871985
419,24,5.774288650112937,-3.9691948659563274,1.8160062447958274,-15.59242478065783,2.2785455514351263,-8.063030200910623,2.7691762768462875,-3.3671613376040357,-4.308374373248524,280.30016172310786
420,0,5.774290098372017,-3.9690739318575945,1.8159458553821521,-15.562773904032868,2.2785615188885626,-8.069939712992463,2.7691615548755624,-3.3671511693904166,-4.308347252563261,280.30011804317724
420,1,5.774294810835411,-3.9691519933162303,1.8159272913004254,-15.522677160833515,2.2785672298799304,-8.06872954386552,2.7691556354007654,-3.3671545590908836,-4.308372204518792,280.30013562206113
420,2,5.774293913863223,-3.9692183248752038,1.8159392767101588,-15.501871613725758,2.278562458051213,-8.069375654122792,2.769159194361049,-3.367159119118558,-4.308370841612815,280.3001412339705
420,3,5.774289560161777,-3.9691638319675726,1.8158909573186768,-15.52473164571992,2.2785520352986874,-8.06768393769901,2.7691631908300605,-3.3671554198453633,-4.308361955355162,280.3001615708915
420,4,5.774293653880567,-3.9692383735622205,1.8159112851834671,-15.522668038710247,2.27854972220885,-8.07131571518564,2.7691518341398518,-3.3671456913063778,-4.308364203641373,280.30014368599933
420,5,5.774291765710288,-3.9691412578121064,1.8159289391122586,-15.548054497139608,2.278570727121317,-8.07295482518878,2.7691397089247096,-3.367145285586583,-4.308342527401349,280.30014837410056
420,6,5.774287494071149,-3.969098645160568,1.815970319150986,-15.569448581026437,2.27855145180147,-8.070486277153758,2.769152158400343,-3.3671513360051297,-4.308334101567953,280.3001684095458
420,7,5.7742901226446905,-3.969120752154554,1.8159622609879629,-15.546993691452155,2.2785721975296584,-8.072500294083616,2.7691463746310525,-3.3671516646830284,-4.308337350070781,280.30014526428477
420,8,5.774291382646917,-3.969229393833978,1.8159533197325362,-15.540810524715207,2.2785446412371773,-8.071210988569804,2.769123149716338,-3.3671477390741242,-4.308317365734176,280.30014996316083
420,9,5.774297131540395,-3.969182353618502,1.81593033259088,-15.525396028253256,2.2785605197676575,-8.06355571934672,2.769154724469331,-3.367157155809217,-4.308345586006811,280.3001334211333
420,10,5.774291568048845,-3.9691397624596867,1.8159391280349921,-15.526747350362307,2.2785401857323104,-8.070644733804397,2.7691484090772542,-3.367150630141157,-4.308381062366412,280.3001307724493
420,11,5.7742953118202704,-3.9692606260893477,1.8160137962924536,-15.54372325043678,2.278539267893794,-8.072587851000486,2.7691403627312754,-3.3671542371483794,-4.3083763813684035,280.3001596896164
420,12,5.77429185309939,-3.9692180785993183,1.8159513349565022,-15.51716122380763,2.278556521770855,-8.071275794574156,2.769173552016637,-3.3671625677118056,-4.308394134410638,280.3001433937316
420,13,5.774291810714596,-3.96917204833905,1.8159879982022182,-15.573476457567207,2.278542860332158,-8.069705904365133,2.7691514177214396,-3.3671524649302054,-4.308352809979236,280.3001312698739
420,14,5.774299599861496,-3.969203241993782,1.815921566990213,-15.522113064934334,2.278574829173027,-8.06341333900036,2.7691601510154213,-3.3671555670504643,-4.308367615110032,280.3001887180751
420,15,5.774289899559812,-3.969171397999318,1.8159916367103108,-15.576773078871813,2.2785411922247203,-8.070384498740438,2.7691716943667566,-3.3671599484614925,-4.308390135216685,280.30013253124076
420,16,5.774292103581495,-3.9691478988466002,1.8159514649481994,-15.520086646109784,2.278559914568712,-8.069613129859558,2.7691474704359873,-3.36715301424078,-4.3083369268784,280.30014595482
420,17,5.774293951149949,-3.9691020082885147,1.8159647427022323,-15.557004639355627,2.278564984402447,-8.073477182431585,2.7691676538178887,-3.36715063721955,-4.308376138395446,280.30014361193093
420,18,5.774297930371248,-3.9692081869495905,1.8159526439743439,-15.533154011692046,2.2785549681859707,-8.071196158654889,2.76916670331735,-3.3671562276962814,-4.3084091933230075,280.30014280866965
420,19,5.774295642519459,-3.969259988909585,1.815946171626423,-15.536509100364917,2.2785721337530336,-8.069310377685648,2.7691773972577196,-3.367152626341709,-4.308366906264813,280.3001422361417
420,20,5.774288455294257,-3.9691771998661616,1.8159845262175718,-15.567624951146078,2.2785265719290804,-8.072891856228834,2.7691753322097354,-3.3671603278791444,-4.308432456774325,280.3001708558823
420,21,5.7742931617561695,-3.9692460929255886,1.8159804000721158,-15.532981140980798,2.278562451522401,-8.069666312050268,2.769173326758367,-3.3671546461233097,-4.308364146253859,280.30015165322703
420,22,5.774297040181601,-3.9692883792138174,1.8159875314156357,-15.538323544017898,2.27856091445919,-8.067089205631673,2.76914705911399,-3.367148725573385,-4.308341209239027,280.30015894540236
420,23,5.774293985077578,-3.969187502582258,1.8159193334866202,-15.528819451495108,2.278554788153433,-8.069271662276611,2.7691427484588056,-3.367149292582589,-4.308348047529786,280.3001329058881
420,24,5.774291638030219,-3.96916513995872,1.8159603027173477,-15.534071706908474,2.2785660038557607,-8.067876445845222,2.769181058909443,-3.367161481997649,-4.308350116306303,280.3001344406242
420,25,5.774290587619413,-3.969236654408323,1.816049021087776,-15.5727611968379,2.278538224497621,-8.072789388073454,2.7691799698061077,-3.3671620565494886,-4.308390090319809,280.30015517744795
420,26,5.774293050385211,-3.9690966680599415,1.8159309293845913,-15.531678608720055,2.2785592431379675,-8.06847804407077,2.7691437347152763,-3.367151781919164,-4.308349409517793,280.30013523278274
420,27,5.774295144400851,-3.969282581987245,1.8159515529515284,-15.546788964188503,2.278548432448456,-8.067584307345603,2.769127481983313,-3.3671501761400418,-4.308318086651674,280.30015406722407
420,28,5.7742918496466915,-3.9690749574610154,1.8159948931238243,-15.531047320120999,2.278535647784128,-8.065343725038431,2.769178724403956,-3.367155827436375,-4.308361713058355,280.300152046044
421,0,5.774295702015318,-3.969268827794812,1.8158931727970058,-15.5256807362553,2.2785565426101897,-8.067224868989367,2.7691577107250063,-3.3671575419197723,-4.308367545260081,280.3001670515676
421,1,5.774291337369756,-3.9692197242058835,1.8159211118463674,-15.533377041152788,2.278558099277372,-8.069908740603681,2.769135482203128,-3.3671516661156895,-4.308356086862854,280.3001566191757
421,2,5.77429168994031,-3.969124963223837,1.815986592722806,-15.574514498444353,2.278537432275129,-8.06173943883966,2.7691518086138562,-3.367163178251326,-4.308339359236839,280.3001188838081
421,3,5.774289195621479,-3.969160894990365,1.81596396931926,-15.554605697426735,2.278545023636881,-8.070354423348714,2.7691518355523104,-3.367150918043429,-4.308355531692592,280.30015672047944
421,4,5.774291781142594,-3.9692297096104503,1.815973920179279,-15.542586471598813,2.278557653686292,-8.071739454136496,2.7691567169646407,-3.367156632834928,-4.308395054868149,280.3001296114618
421,5,5.774293189456287,-3.9691589240047462,1.8159155909257014,-15.532583628620785,2.278547714598717,-8.066042264930422,2.769144426900589,-3.3671478079127715,-4.308334196469878,280.3001505818089
421,6,5.774291019883271,-3.969127141302084,1.8159530358722322,-15.5310180256184,2.27854294205323,-8.06580302478235,2.7691556188664315,-3.367160266320458,-4.308390942088304,280.3001321652958
421,7,5.7742911250699285,-3.9692307713796833,1.815896046765598,-15.534819963663226,2.2785697700608765,-8.068864323599763,2.769145343049514,-3.3671506313348476,-4.308326677609655,280.3001614592058
421,8,5.774292802575029,-3.969192860302474,1.8159426423395781,-15.531964505271686,2.2785604156079926,-8.074442187653434,2.769153526764345,-3.3671520712577045,-4.308367959858438,280.3001605476237
421,9,5.774291338631648,-3.96909995852247,1.8159512187767062,-15.561004637381153,2.278568132203582,-8.071933656948394,2.7691617315349926,-3.3671506926145036,-4.3083463173489545,280.3001308850096
421,10,5.774292274103607,-3.9691510367308647,1.8159761117014057,-15.541447270798384,2.2785522948071995,-8.068360488734228,2.7691733159640366,-3.3671555650623795,-4.308361696052507,280.3001363270024
421,11,5.774289651885602,-3.9691266474808162,1.8159675143488907,-15.562002622625386,2.2785686389118576,-8.071436601351618,2.7691471796710996,-3.3671477972992294,-4.308304060670864,280.3001418007963
421,12,5.77429308425845,-3.969155161489146,1.8159618895389043,-15.569521744512532,2.2785642437978644,-8.070287855791005,2.7691690835859273,-3.367149917095008,-4.308371681628039,280.3001519585159
421,13,5.7742921396048414,-3.969136074492505,1.8159631978453799,-15.566444313402268,2.278544055948805,-8.069843205149414,2.769160095262351,-3.3671543623352433,-4.30839315359437,280.3001482391909
421,14,5.774294862611856,-3.9692051942742967,1.8159467314347317,-15.534561181304577,2.2785486255108673,-8.072999910749175,2.7691387259449454,-3.367156437973126,-4.308368882791341,280.30016028879527
421,15,5.774294987513086,-3.969222558383017,1.8159332210757857,-15.526771780192442,2.27854533225203,-8.070451761564225,2.769156093064926,-3.3671516902330656,-4.3083560792073285,280.30013442563376
421,16,5.774292566223502,-3.9691610939406217,1.8159815286908343,-15.557419591437935,2.278563214229792,-8.068178653062274,2.76913283240906,-3.36714997820876,-4.308326639373822,280.30013637959905
421,17,5.77429165930616,-3.9691786721910676,1.8159057977374653,-15.524888669040047,2.2785433338897114,-8.06939148575525,2.769168064314375,-3.3671564409038797,-4.308364861485725,280.30014604319547
421,18,5.774292593998792,-3.9691332426636494,1.8159309682019675,-15.533762834438706,2.278556622242046,-8.070484856639023,2.7691699082586596,-3.3671520912026502,-4.308371291577291,280.3001393029892
421,19,5.77429198767632,-3.9691209093207345,1.815997974141683,-15.535148091412104,2.278538905119277,-8.069199861207965,2.7691452231658227,-3.3671604865292277,-4.308374526650896,280.30014016641246
421,20,5.774288492527458,-3.96907342280632,1.8160057016105777,-15.588900688340328,2.278542401366962,-8.069089020453012,2.7691310173048045,-3.3671444854981734,-4.308308314709397,280.30015949806216
421,21,5.774292329940549,-3.9692192894339917,1.8159497996480287,-15.547660262035942,2.2785729074369323,-8.070160287322057,2.769158417059444,-3.367152089555765,-4.308331164633745,280.30015550741336
421,22,5.774287354341656,-3.969161673599101,1.8159846985589607,-15.567485573606367,2.278562142515948,-8.067358486949336,2.7691513466494992,-3.3671512868517324,-4.308319372219289,280.3001667277281
422,0,5.774293934698769,-3.9691838367230003,1.8159656451503174,-15.558779856988338,2.278545438011907,-8.066706241468108,2.7691479362327436,-3.367161918692775,-4.308329435690614,280.30015302403245
422,1,5.774292998607084,-3.9690962932453355,1.8159505285551862,-15.534848210435884,2.2785615386412084,-8.065693128825247,2.7691560409729274,-3.367155814368536,-4.308361761652003,280.30014669632374
422,2,5.774296040153654,-3.9691354449171588,1.81598930764348,-15.536515704979783,2.278563478580471,-8.070946275270689,2.7691744493431494,-3.367153748074731,-4.30838980133302,280.3001129084314
422,3,5.774290602552759,-3.9691760908072276,1.815975161759639,-15.563545167215421,2.2785617669044114,-8.069661025496204,2.769126866030132,-3.3671509655517218,-4.308325567120774,280.3001337111476
422,4,5.774291636619773,-3.9691514330053246,1.815934889839958,-15.555876097571634,2.27852913234172,-8.068343097622176,2.7691811129163115,-3.3671642042530965,-4.308414285152321,280.3001535652086
422,5,5.774288675425421,-3.969142316811094,1.8159396980453655,-15.544455290514325,2.2785512198418982,-8.06451793922949,2.7691257360746735,-3.3671534190329857,-4.308314757566242,280.3001370530354
422,6,5.774292911939655,-3.9691616392206686,1.8159794145194756,-15.540762509209669,2.278561799074868,-8.067266341597644,2.7691657649143604,-3.367158587411244,-4.308358791489758,280.3001369158042
422,7,5.7742920594583165,-3.9691847857568576,1.8159793802253665,-15.547808756768315,2.278557919728902,-8.06833596938878,2.7691545361877323,-3.367156740818509,-4.308352738655853,280.3001182751676
422,8,5.774293352196316,-3.9691973901038597,1.8159969958308468,-15.567579117152208,2.278558410860722,-8.068913639941938,2.7691861065081063,-3.367161866001243,-4.308398038976574,280.30015150281326
422,9,5.774293493462745,-3.9692518722653833,1.8160013537041884,-15.530827373958825,2.2785613423961566,-8.073083661533762,2.7691747389071395,-3.367157682042507,-4.308396790314904,280.3001400878595
422,10,5.774289388604289,-3.9691398348173133,1.8159692341909455,-15.55324328194637,2.2785467746199095,-8.067120640077277,2.7691381523389285,-3.367156948828497,-4.308346207904441,280.300158105222
422,11,5.774290671901271,-3.9691728749369375,1.8159620224852062,-15.559618595500599,2.278551715082811,-8.067277458995747,2.7691497248810464,-3.3671568017397155,-4.308353234873792,280.30012988859926
422,12,5.774294464583957,-3.96923960123456,1.8159975843596137,-15.538174135284148,2.278541672699646,-8.069339540607347,2.769182570953275,-3.3671676879633474,-4.308420439234249,280.30013162918624
422,13,5.774291251985829,-3.969126736206173,1.815906531389952,-15.527844162318651,2.278534131009478,-8.067465001840812,2.769162277092615,-3.3671585949428753,-4.30837774050406,280.3001459664971
422,14,5.774291319119536,-3.969096029519818,1.8159508014103463,-15.5212398366188,2.2785521782882214,-8.069054297651695,2.769156988817269,-3.367157065305799,-4.308355379058954,280.30011120886525
422,15,5.774293088847569,-3.9691921656903952,1.8159764430912013,-15.560433182428413,2.2785480314881865,-8.07063943154149,2.7691556100923655,-3.3671502371418844,-4.308352052367038,280.3001383402854
422,16,5.774294111192062,-3.969161505080031,1.8159641985877304,-15.551568335623125,2.2785435234807085,-8.063674322648113,2.76913335408453,-3.3671542784204145,-4.3083620274588625,280.3001400128978
422,17,5.774290699575026,-3.9691534620291087,1.81595784798104,-15.550133108622921,2.2785493029971375,-8.067535876619747,2.769186090728742,-3.3671624900034645,-4.308388370945078,280.3001505537656
422,18,5.774288523907401,-3.9691137613468626,1.816008908285223,-15.567435292718327,2.278537390339748,-8.066729525881858,2.769188418123319,-3.367169870523575,-4.308400211697335,280.30013232338933
422,19,5.77429546621724,-3.9691852444621984,1.8159951870162323,-15.548906486398543,2.278554833934137,-8.067284718400513,2.7691592654995167,-3.367156292143967,-4.308376425868288,280.30014137121424
422,20,5.774289964554633,-3.9691665194882524,1.8159733237597917,-15.551636295830868,2.2785350829963105,-8.06534088076838,2.769131179490755,-3.3671569445830034,-4.308331611044422,280.3001357458095
422,21,5.7742922741370615,-3.969136148347123,1.8159204641256494,-15.55382644198666,2.2785382815595527,-8.064010404022639,2.769135276121279,-3.3671541584249365,-4.308311666175544,280.3001701831366
422,22,5.774293170839899,-3.9691240955904257,1.8160005311962328,-15.54614886231324,2.2785763481897026,-8.07247591466842,2.769170280749456,-3.367158243228053,-4.308380465758271,280.30015571738113
422,23,5.774292167257659,-3.9691511638429735,1.8159187696654702,-15.546624202786923,2.2785596372100234,-8.066099072627065,2.769173202715563,-3.3671590056001057,-4.308376863156748,280.3001579644498
422,24,5.774293014711241,-3.9691574090107546,1.8159226213108715,-15.543927563515954,2.2785475298873954,-8.066172104906398,2.769165953198741,-3.3671609232233997,-4.308389694282979,280.3001650101118
422,25,5.774292024599879,-3.9692651978284688,1.816008946820757,-15.55214835979018,2.278549874422645,-8.07038784478896,2.7691501904930944,-3.367158651251951,-4.308371645116662,280.3001304277214
422,26,5.774293935517166,-3.9692422269390915,1.81604144975402,-15.581748494510828,2.278557632984252,-8.071050807648836,2.769157144474363,-3.3671556397363593,-4.308364451438714,280.30015236047245
423,0,5.774293771196479,-3.9691506103976626,1.8159997376853598,-15.545089744651508,2.2785543085865254,-8.066519382051506,2.7691611651532977,-3.367159917622198,-4.308352980063851,280.3001289942685
423,1,5.774292223568517,-3.9691966524117697,1.8159365823903402,-15.540427443817148,2.2785541266906253,-8.070816361293419,2.7691452916019954,-3.3671524125193844,-4.308369148761232,280.30016905077775
423,2,5.77428836449224,-3.9690670345216583,1.8159479610677414,-15.555410820994377,2.2785289162183395,-8.062549158934889,2.769135998207581,-3.3671578695045428,-4.308298594239497,280.3001515865677
423,3,5.774291776480753,-3.9691313008479927,1.815974058020787,-15.538033850605197,2.278572231631292,-8.069052181481128,2.7691437990321996,-3.3671561300225967,-4.308328363188478,280.3001333346675
423,4,5.774292500791478,-3.9691776509784065,1.8159963541321538,-15.549866687345514,2.2785522023256406,-8.067516591950385,2.7691542322000293,-3.3671563387676104,-4.3083812965138755,280.30014521825177
423,5,5.774290115176808,-3.969112773148283,1.8159936959288978,-15.559426987628381,2.2785574373257527,-8.066991877379024,2.7691469446420167,-3.367158073128589,-4.308323748062425,280.30014507978325
423,6,5.774289898241781,-3.969140032359821,1.8159679842781953,-15.539881364763103,2.278553522329476,-8.065117420806427,2.769153307380799,-3.367162597616727,-4.308347165405846,280.3001170169974
423,7,5.7742879306279224,-3.9691492686774144,1.8159971815096072,-15.532105385941135,2.2785516507761745,-8.069511629598837,2.7691553584161954,-3.367157707326667,-4.3083553850601515,280.30016655104316
423,8,5.774292388449595,-3.9691403266456757,1.8159799909670464,-15.555957966458186,2.278555806954526,-8.068163356286611,2.7691699411873345,-3.367157427898841,-4.308362478624783,280.30015068067695
423,9,5.774294944243309,-3.969220082232767,1.8160008121203293,-15.542531726624274,2.278562503727685,-8.070713232485005,2.76915439593244,-3.367159092687618,-4.308368082098282,280.3001360650857
423,10,5.774292279605621,-3.9692294607387195,1.8159420810874833,-15.515014358206152,2.278562311634556,-8.066653964450818,2.769123871561559,-3.3671542087527353,-4.308325511531344,280.3001310696583
423,11,5.774292453762222,-3.969150364586338,1.815990251621256,-15.553297981713749,2.2785541857509246,-8.068533666314856,2.769163575835117,-3.3671576926494993,-4.308381697818973,280.30013153014954
423,12,5.774292125081725,-3.96917590362881,1.8160142780027775,-15.536607596571539,2.2785369590508315,-8.067739396898318,2.7691781256803103,-3.3671666555189685,-4.308419967272249,280.3001507558024
423,13,5.774291752125121,-3.9692284292026914,1.815986916594372,-15.537071675006983,2.2785549782993892,-8.068663824278513,2.769132784604679,-3.3671496092333193,-4.308317103541721,280.30013333580825
423,14,5.77428987002632,-3.9691031902489105,1.8159742623583577,-15.560609548326315,2.278545130912443,-8.066172126182465,2.7691361522162907,-3.367155864807571,-4.308354860492812,280.3001428638339
423,15,5.774291923881004,-3.969150966578471,1.8159842734609035,-15.532985125238426,2.2785549812293264,-8.072260314944636,2.769148454078968,-3.3671547021382917,-4.308364542861515,280.3001230434791
423,16,5.774291968586625,-3.9691662183538674,1.816003758004802,-15.57575990695354,2.2785379634728304,-8.067700714930401,2.7691358857507447,-3.3671584942624926,-4.3083667741999125,280.3001413600965
423,17,5.774298128853135,-3.969265632678053,1.8160070496873117,-15.53415050139635,2.2785764239060264,-8.074294941637401,2.7691659710412635,-3.367151793824941,-4.308382430020737,280.30013189107206
423,18,5.774287576795768,-3.9691264700529496,1.815977068578163,-15.548699175004677,2.2785309655330677,-8.066679220933429,2.7691630860656034,-3.3671687728128896,-4.3083908842107475,280.3001490635933
423,19,5.774294812575474,-3.9692800434858038,1.8160234453702357,-15.547133668487502,2.278550894371465,-8.06874851720605,2.7691727024769692,-3.3671634610479786,-4.308395460419364,280.30015578043873
423,20,5.774292584659755,-3.969138314057509,1.816010937905534,-15.558399717383661,2.2785633060135475,-8.069784032911748,2.7691832669632164,-3.3671583513719625,-4.308381782496709,280.30014274855944
423,21,5.774289635459887,-3.9691478034481635,1.816000167050209,-15.531112765588949,2.2785283290052516,-8.067291610587192,2.7691557423898843,-3.3671601215764255,-4.3083619707794085,280.3001306297499
423,22,5.7742882964677635,-3.9691504893219185,1.8159704100531298,-15.55200258744482,2.278542556051686,-8.063594614596322,2.769159753366787,-3.3671645597242628,-4.308335627331206,280.30015956112476
423,23,5.774292073434225,-3.969205673948994,1.8159754883569164,-15.528293193554235,2.2785660638845715,-8.068518354949308,2.7691308584702905,-3.3671525154543542,-4.308323951012856,280.3001403543393
423,24,5.774293150227847,-3.9692657234761044,1.8159924611819496,-15.529292579533328,2.2785421049711334,-8.071382475018263,2.769164231664915,-3.367159101161027,-4.308396153987145,280.30012483085784
423,25,5.774287288719783,-3.9691682135938597,1.8159864005546014,-15.54705666096955,2.2785346588420126,-8.067581330998609,2.769141108657951,-3.3671640378809693,-4.308356020064353,280.30014659002194
423,26,5.774291966917427,-3.969232938558037,1.8160065692071752,-15.569874804991114,2.2785496413503314,-8.067931150062401,2.769146963857352,-3.3671533335808,-4.308349120932969,280.30014472593393
423,27,5.774291108517157,-3.9691761882866747,1.8159790087570327,-15.542021147036058,2.2785366893599006,-8.067430236030187,2.7691498901769127,-3.3671541363668904,-4.308345592717021,280.3001439131094
423,28,5.774291058327028,-3.969139352081471,1.8159673078388734,-15.55172551321793,2.2785526731880825,-8.066035635769843,2.769156232331198,-3.3671513784924922,-4.3083496388076625,280.30012055946366
424,0,5.774290454788798,-3.96912578455964,1.815965700398358,-15.541619858788696,2.2785499444238346,-8.0665789545039,2.7691518735763716,-3.3671547707380975,-4.30834710468794,280.3001334162697
424,1,5.774287918011402,-3.969118269380638,1.8159745375648293,-15.530639779403932,2.2785630085754724,-8.066139586303647,2.769126226808825,-3.3671552242246876,-4.308291664452842,280.30013433381373
424,2,5.77428983733797,-3.9691126011443365,1.8159781041740615,-15.538545958470783,2.2785621717905107,-8.06830731038581,2.7691318129232836,-3.367149058373999,-4.308303674607878,280.30013528681167
424,3,5.774297258136802,-3.969183970797276,1.8160024888852404,-15.549500187097278,2.27855798889196,-8.068735436711961,2.769143636980795,-3.3671532984147365,-4.308367299352127,280.30016989409074
424,4,5.774292651847603,-3.9691463238544533,1.8159913918058475,-15.526518470721305,2.278537687131706,-8.066654639594049,2.7691797863136003,-3.367167461346192,-4.308412315990536,280.30015398979356
424,5,5.774290725898786,-3.9691999936774622,1.8160046584507208,-15.57815086801991,2.2785422183174444,-8.068508810340393,2.769133076183792,-3.3671522801101705,-4.308342974197552,280.30014320077953
424,6,5.774293690276595,-3.969155731618247,1.8159742041311897,-15.531646459675272,2.278565015507974,-8.070310271435082,2.769173609508079,-3.3671552158224065,-4.308380427977968,280.30013779197077
424,7,5.7742944559827025,-3.9691589711852955,1.8159665447938909,-15.52485653804764,2.278560241046704,-8.068016833884363,2.7691574749752537,-3.367156820378695,-4.308371236260944,280.30014582375975
424,8,5.7742912913361595,-3.9691350838412975,1.8159791194649242,-15.54573243671179,2.2785549009000823,-8.07167468958936,2.769155848939943,-3.3671535610863037,-4.3083666740259075,280.3001065491226
424,9,5.774290887516056,-3.9692363621190188,1.8160152529936722,-15.531498599236901,2.278558474884642,-8.068549780269372,2.7691493743025064,-3.3671619538975563,-4.308366157085061,280.30015172208374
424,10,5.774289334903669,-3.9691440055163256,1.815960822180799,-15.54123059112619,2.2785537144885217,-8.064948225373023,2.7691482923601733,-3.3671553763507824,-4.308327965722851,280.3001565548492
424,11,5.774290601167346,-3.969133504612669,1.8159536193342027,-15.55168499159232,2.2785523958223757,-8.066677283360695,2.769153427496758,-3.3671548193463736,-4.308349688715126,280.3001192654174
424,12,5.7742931213253526,-3.9691727738862514,1.8159567393560894,-15.52118875328873,2.2785671122165296,-8.06987713582561,2.769133284250229,-3.367149693975611,-4.308315263485428,280.30017399788073
424,13,5.77428877609417,-3.969155766530926,1.8159416125690888,-15.545662076416278,2.2785515874842353,-8.065957078789003,2.769138471125936,-3.3671551100010544,-4.308322536284528,280.3001473498493
424,14,5.774291911041814,-3.9691659428804202,1.8159580817014975,-15.536900240942778,2.278547462675031,-8.067663329995218,2.76913294692048,-3.367155234091856,-4.308320050781558,280.300156190833
424,15,5.774290049618876,-3.969193086898956,1.8159809323498282,-15.517000366310612,2.2785568572973474,-8.067046920927842,2.769135345576679,-3.3671597152218915,-4.308340117374179,280.3001217809913
424,16,5.774290853047996,-3.9692693542548727,1.8160123086281912,-15.523732881118832,2.278547526663991,-8.071291741206961,2.769151901199148,-3.367162636526578,-4.308357038160394,280.3001364452366
424,17,5.7742923544933875,-3.969146746686252,1.8159554812375465,-15.540814886376294,2.2785362219036407,-8.067104039962457,2.7691656571334167,-3.3671624176090353,-4.308398887527338,280.30015013517186
424,18,5.774289590375485,-3.96910941884442,1.8159726071322468,-15.509105666429898,2.2785426699569062,-8.066368517567414,2.7691444301710386,-3.3671610986438574,-4.308355338045607,280.3001497580752
424,19,5.77429106844952,-3.9692067252136183,1.8159648117381368,-15.53400577986639,2.2785465172383295,-8.07012112085992,2.769149697918775,-3.3671528736029614,-4.308349011087974,280.30014960577597
424,20,5.774288868582344,-3.969167215061791,1.816002425191237,-15.550405244937936,2.2785424499494504,-8.068885443404318,2.769181653844602,-3.3671670473943647,-4.3084097326096575,280.30014107839656
424,21,5.774291518481669,-3.9691658421042084,1.8160019970931989,-15.565966065956514,2.2785582046829735,-8.06899975489744,2.7691617559959663,-3.3671575383018877,-4.308377059772454,280.30013263776584
424,22,5.77428980475043,-3.969156429587863,1.815959002224534,-15.510568792102134,2.2785169180275444,-8.06638324639313,2.7691543532509617,-3.367162279729894,-4.308386774780766,280.30013719843856
424,23,5.7742944119567055,-3.969168941247673,1.8159491963760972,-15.530754587891774,2.278555600651435,-8.070274376285886,2.769164892675169,-3.367157826345178,-4.308375498069947,280.30013432845936
424,24,5.774290650207981,-3.9691595663619053,1.8159786544012024,-15.528378901499352,2.278539661980845,-8.068493397718417,2.7691595261736848,-3.3671618895264617,-4.308383688285139,280.3001429703869
424,25,5.774289289750027,-3.9691807429480654,1.8159971811605276,-15.555261589352659,2.2785334974336964,-8.066935297340823,2.769161401677129,-3.367163282076438,-4.308358593497935,280.3001442726673
424,26,5.774293649716889,-3.969190133986328,1.815985133025667,-15.514159285406095,2.2785756019367955,-8.071431033075436,2.769144289623536,-3.3671527896483235,-4.308330489424515,280.3001602248923
424,27,5.774294821250915,-3.9692057406427175,1.8160034555540596,-15.538907550317761,2.2785380716644745,-8.071411063180529,2.76918273753226,-3.367161495110067,-4.308437573153024,280.3001262243357
424,28,5.7742937052447285,-3.969236928291086,1.8160363285358565,-15.53735608187468,2.2785496003997125,-8.066855396800614,2.7691545286338086,-3.3671584062972597,-4.308387991471921,280.3001625918932
424,29,5.7742919326777775,-3.969239400532411,1.8159535043634591,-15.520204533610352,2.278544717526873,-8.067594125527089,2.7691637432724088,-3.3671637702885446,-4.308395257791263,280.3001419491974
425,0,5.774292311891558,-3.969141235894914,1.8159704578721256,-15.534653942481615,2.2785596259200736,-8.07175634079932,2.7691592719545195,-3.3671541254671733,-4.308367726640616,280.30013098594486
425,1,5.774290066543067,-3.9691418017913973,1.815995895423729,-15.551320835444319,2.2785546520958317,-8.069084208729565,2.769148201890978,-3.3671531235911063,-4.308347364975735,280.3001310858788
425,2,5.774290773116582,-3.9691585714684177,1.8159965866257857,-15.538525811904117,2.2785624319174786,-8.068775019857418,2.769150402963629,-3.3671610573789805,-4.3083453113450245,280.3001558354911
425,3,5.774292975319704,-3.9691799813031188,1.8159828934865092,-15.548507921566594,2.2785531273206425,-8.070593137286908,2.7691581489496193,-3.36715560205184,-4.308363152589761,280.3001272153306
425,4,5.774291040943393,-3.9691660842736374,1.8159603881143633,-15.547241775153903,2.2785514975047434,-8.065296804704959,2.7691612306232036,-3.3671613596242547,-4.308365259191594,280.3001387022231
425,5,5.7742908774188795,-3.9691659415332894,1.8159656968596245,-15.534883869928986,2.2785654619845754,-8.069925204238743,2.7691522453247557,-3.3671563305048484,-4.308355303989777,280.30012622023264
425,6,5.774291604511296,-3.9691439659550176,1.8159946449139324,-15.559670974296612,2.278542322491675,-8.070504023648306,2.7691653365497575,-3.367155481916148,-4.3083938404657145,280.30012186451626
425,7,5.77429325910537,-3.9691114610335867,1.8159894791787308,-15.530239646935263,2.278552139944191,-8.071126992048582,2.7691751059931895,-3.367159236639502,-4.308382241321971,280.3001300348818
425,8,5.774291271714468,-3.9691662252174282,1.8160030132006089,-15.538989375359987,2.2785472365990525,-8.070681546045776,2.7691698196308283,-3.3671573896239524,-4.308388034620995,280.3001246053093
425,9,5.77428978261547,-3.9691463546305368,1.8159765495884042,-15.527932380828632,2.2785467675172524,-8.069955376430954,2.7691567586989483,-3.3671573869505527,-4.308379307655527,280.30012201145723
425,10,5.774290963372195,-3.9692116866669878,1.8159787122806978,-15.512359055275564,2.278555877530377,-8.069298200414543,2.769130231379713,-3.367155735399936,-4.308339441971047,280.30013443652103
425,11,5.7742902928463264,-3.969153856797106,1.8159956588396104,-15.553161927164679,2.278537674418579,-8.067373310632712,2.7691410132716263,-3.367156041554074,-4.3083594643909855,280.30014373500035
425,12,5.7742934470852685,-3.969146480473484,1.8160142344768495,-15.55622466392247,2.278562285326818,-8.069824001480198,2.7691439651866654,-3.367154676564738,-4.308352178295503,280.3001356112951
425,13,5.77428998788711,-3.9691219332263343,1.815968316473333,-15.534483151332216,2.2785497069110976,-8.067195744095324,2.7691472488176427,-3.3671551650218334,-4.30834097094314,280.3001297046453
425,14,5.774290652249792,-3.9691818240721575,1.8159341744813784,-15.522411659691963,2.2785631643216413,-8.069607330319037,2.7691460044254703,-3.367150667661019,-4.308343477791629,280.3001497690739
425,15,5.774290500811081,-3.9691616077445437,1.8159739569525983,-15.544592799267068,2.278552655374107,-8.065957484198417,2.7691219311695026,-3.367154252371321,-4.308339186040627,280.30012485304286
425,16,5.774292679846083,-3.969157399711105,1.8159528566499752,-15.550257800433222,2.2785411073888615,-8.066719661479327,2.769183213412308,-3.3671604666837553,-4.308387959243542,280.30014570903995
425,17,5.774293174956812,-3.9692354704462067,1.8159771579979893,-15.534147372254965,2.2785548589500104,-8.065132991611444,2.769152150931709,-3.367159038547055,-4.308345560632945,280.30012435589094
425,18,5.774291907108605,-3.969115960504306,1.8159658677736867,-15.535076134998578,2.2785481991726773,-8.066746833261085,2.7691655877525165,-3.367157869438755,-4.308372203144354,280.3001299145844
425,19,5.774288430165634,-3.969078089457789,1.815978938235458,-15.555175099514653,2.278561415558715,-8.067241186638517,2.7691529232211374,-3.3671545948609225,-4.308336436817565,280.3001481230458
425,20,5.774291333255134,-3.9691889159596543,1.815987393627556,-15.523567587730977,2.27856254621198,-8.069233827825132,2.7691581871526822,-3.3671615371919295,-4.308375974242363,280.30012174999626
425,21,5.774294791672218,-3.9691612877702944,1.8159876921758187,-15.522764766486496,2.278558446299847,-8.067959393734338,2.7691619127271148,-3.3671598990083758,-4.308383364993437,280.3001314509248
425,22,5.774292657253298,-3.9691515807001814,1.815968311799405,-15.5328739807962,2.278544726564063,-8.07072342102431,2.769159590161437,-3.3671546629443614,-4.308379833096889,280.30012862859303
425,23,5.774290193171436,-3.969160581662142,1.8159663225993032,-15.523446762538422,2.2785438679938115,-8.066960016579634,2.7691459125294395,-3.3671549305331685,-4.308343340205404,280.3001274733623
425,24,5.77429082504986,-3.9691150241804443,1.8160065721191883,-15.565339292776951,2.2785475790286585,-8.067393171269076,2.7691802417438014,-3.367159428216491,-4.308380657971017,280.3001359125287
425,25,5.774292736523267,-3.9691808106213244,1.8159406060621384,-15.525386373508047,2.2785424761213746,-8.068004035026604,2.769150451981211,-3.367159250998263,-4.308391570656826,280.3001578336226
425,26,5.774292586849742,-3.9691722273046492,1.815979732566431,-15.518582193381267,2.2785630186488603,-8.068315031548957,2.7691637109779403,-3.3671606845456314,-4.308377268443942,280.3001188688928
425,27,5.774290948856393,-3.969132889989261,1.815987233288163,-15.534043632134544,2.2785534486103187,-8.069042642646773,2.7691639087187316,-3.3671622815286355,-4.308388068071745,280.30012088430055
425,28,5.774287628489864,-3.9691866822568795,1.815942704914666,-15.533513180432355,2.278539780035586,-8.070867495202437,2.7691286082693236,-3.3671555546075114,-4.308359202533036,280.3001463707684
425,29,5.7742911568507775,-3.9691465497183938,1.8159310645497575,-15.508806876299268,2.278558646481117,-8.068438207936492,2.769165827854477,-3.367161579579106,-4.308368592444451,280.3001353103267
426,0,5.774292716634058,-3.969130110091827,1.8159326306647758,-15.528774197669241,2.278555244965931,-8.073455252378283,2.7691489199690125,-3.3671532911311375,-4.308377421590568,280.3001420547961
426,1,5.774293020591532,-3.9691958144005897,1.8159929241393757,-15.515563241316208,2.278564973030564,-8.075248430254966,2.7691793798505016,-3.367159447287431,-4.308404604683698,280.3001444443154
426,2,5.774291380738864,-3.9691646494937567,1.8159922092264102,-15.536951726222492,2.278566299949266,-8.070742390408231,2.7691691616571634,-3.3671586370346778,-4.308377689660183,280.3001241444248
426,3,5.774291135617469,-3.969150521129952,1.8159767689876292,-15.520177040257503,2.278559676943046,-8.070302078975375,2.76916546251803,-3.3671578032078506,-4.308371151761079,280.30013638137257
426,4,5.774292721431689,-3.9691876396916426,1.8159608659585433,-15.520643582514353,2.2785722528909145,-8.068262287903275,2.7691300421415077,-3.3671518939871863,-4.308327644653851,280.3001513835941
426,5,5.774289672602237,-3.9690999941244223,1.8159824440155068,-15.50848036529322,2.278563191006944,-8.068196973852377,2.769142774287539,-3.367159982630299,-4.308340025266481,280.30012939505656
426,6,5.774290315297405,-3.9692170607201174,1.8159944807267696,-15.535364906162117,2.2785663303946877,-8.071008970662726,2.769150709174846,-3.367153118916933,-4.308352099047157,280.30012833481703
426,7,5.7742919258829195,-3.9691780687591507,1.815960454813701,-15.510910114973868,2.278552718022358,-8.067448558800578,2.7691607736544284,-3.3671581158741746,-4.3083479948673755,280.3001333669639
426,8,5.774290922358714,-3.9691726457226757,1.815988665753396,-15.53071534120225,2.2785591773738405,-8.068781903226409,2.769148191458185,-3.3671567134572635,-4.308361747317836,280.3001271331101
426,9,5.774291664792912,-3.9691073003079778,1.8159593810115289,-15.559758233689546,2.2785613741250264,-8.065115336415802,2.7691534162642797,-3.367154961028877,-4.308351816567853,280.30014047038446
426,10,5.774292764686688,-3.969150316195405,1.8160251901651094,-15.529466400253124,2.2785494256551004,-8.071558523956936,2.7691672722599354,-3.3671622822226697,-4.308412051857324,280.30012344579086
426,11,5.774293217163382,-3.969195340511879,1.815993038248501,-15.53971599725637,2.2785601015651187,-8.070351265998264,2.769189224439697,-3.3671649922808022,-4.308419250991048,280.30013302608637
426,12,5.774292901224072,-3.9691570178879316,1.8159635908903813,-15.531811610415987,2.2785512091681,-8.06837203363582,2.769167973088145,-3.3671601083761793,-4.308390784482998,280.3001557562947
426,13,5.774289630907651,-3.969141156568832,1.8159998614025286,-15.520769014477938,2.2785565821391325,-8.066953727016417,2.769154925903014,-3.367157473413125,-4.308347527748202,280.3001396444246
426,14,5.774292315482418,-3.9692014311914035,1.8159864415894935,-15.543689732183482,2.2785623239456854,-8.07018095827908,2.7691755523130412,-3.3671577749378394,-4.308384421262822,280.3001470270763
426,15,5.774293080234871,-3.969219822500886,1.8160181468932286,-15.522393507949081,2.2785591204277225,-8.072522799999357,2.7691701020471693,-3.3671625826914844,-4.308406896089666,280.30015582175014
426,16,5.774292956514465,-3.9692361912168717,1.8160013283136598,-15.53011556866341,2.2785460728843003,-8.068425270846292,2.769167934291812,-3.3671619165214657,-4.308406050201941,280.3001458961886
426,17,5.7742931583349515,-3.9691911761619756,1.816020906439532,-15.538538896833801,2.2785703569709286,-8.069116748050892,2.769178416963958,-3.367160815143506,-4.308394419496942,280.3001915205631
426,18,5.77429169439961,-3.96915848924575,1.8159914538010566,-15.545854562969861,2.2785384245988682,-8.067891074737778,2.7691617604659253,-3.3671638926538923,-4.3083996341351325,280.30014934918165
426,19,5.774293486762726,-3.9691051242515587,1.8159754577268847,-15.536037182037182,2.278569584114574,-8.071130242547225,2.769165462750877,-3.36715287805905,-4.308375396399715,280.3001435528457
426,20,5.774292968021125,-3.969238934082767,1.8159799197518354,-15.54662276453205,2.2785709783360963,-8.068826387533782,2.7691614386341175,-3.3671567585930817,-4.308351943409813,280.3001394112529
426,21,5.774292971438041,-3.9691766015763763,1.8159777675092204,-15.522549145385476,2.278568982977336,-8.067578808430639,2.76914907942271,-3.367155687141029,-4.308351740906878,280.3001421530508
426,22,5.774290522465252,-3.9691631716278293,1.8159890089299782,-15.521769873115701,2.2785513573423892,-8.066914668643413,2.7691561532226667,-3.3671611786797646,-4.308359442092698,280.3001109377253
426,23,5.774291848736632,-3.969144733685411,1.8159582886545798,-15.540091409519471,2.2785551371164674,-8.065205125129877,2.769141005537292,-3.3671520859226587,-4.308329857796132,280.30013564824117
426,24,5.77429277509055,-3.9692130077020504,1.8159912671696994,-15.533637943407319,2.278557573825431,-8.068118365333902,2.769163000025163,-3.3671639940200473,-4.308392937076892,280.30014846442134
426,25,5.774289171494349,-3.969147121827425,1.8159560014537075,-15.540407755607287,2.2785496018472315,-8.06768245883444,2.769139862278468,-3.3671581055193998,-4.308368020911644,280.3001627967288
426,26,5.774294172076052,-3.9691891133824493,1.8159864823436183,-15.541516063402808,2.2785604584152526,-8.073028870215387,2.769173662058564,-3.3671537642333518,-4.308385720062622,280.30012599399464
426,27,5.7742910994293055,-3.9691704530328438,1.815999064140278,-15.538403786724086,2.278565283717155,-8.071144098088855,2.7691562485807233,-3.3671598823627558,-4.308362033090804,280.3001438682679
426,28,5.774291985261954,-3.9691252546446836,1.815975979641084,-15.510366881209702,2.2785552923094845,-8.068320772563709,2.769166275940497,-3.36716409851978,-4.3083915221874,280.3001358173359
426,29,5.774289966016393,-3.9691196011720264,1.8159794241059135,-15.548348832269792,2.2785545088698838,-8.064487243786784,2.7691436404192697,-3.367155969523438,-4.308327461402852,280.3001221226962
427,0,5.774291174824466,-3.969209370143851,1.815988898584073,-15.537167314502717,2.278545487735003,-8.069436927829173,2.769168602547859,-3.367164223876093,-4.308399482435794,280.3001116600285
427,1,5.774294531437243,-3.9691750882277645,1.8159663965536854,-15.514300693500404,2.278569836446339,-8.068190523264681,2.76917322143155,-3.3671611939831534,-4.308383001349687,280.3001404990055
427,2,5.774292072191695,-3.9691847485528458,1.8159768627931234,-15.529395970792155,2.278558420745907,-8.071670994414161,2.7691845938317785,-3.3671627840711595,-4.30840190008717,280.300127726435
427,3,5.774290890049738,-3.9692078431299866,1.8159958923360775,-15.53254278229593,2.278550176775199,-8.071846693485302,2.7691701333110577,-3.367161294204932,-4.308386466297953,280.3001149031483
427,4,5.774288979267664,-3.969158196015542,1.816000413365013,-15.5333590523685,2.278552523383455,-8.068423809151984,2.7691648151566883,-3.36716539997176,-4.308380165202482,280.30013487098125
427,5,5.774287288776508,-3.9691889430450673,1.8159691716492499,-15.562409855928582,2.278547157687451,-8.065588419319926,2.769152974971448,-3.3671613156262254,-4.308354539304002,280.30016876279365
427,6,5.774290058438826,-3.969129421297294,1.8159865797353016,-15.538299219708335,2.278560854435263,-8.065432545623068,2.7691376636978404,-3.367158017658918,-4.308329377298368,280.3001492347855
427,7,5.774293289885073,-3.969229562495766,1.8159796393809589,-15.537892476330304,2.278553289729299,-8.069971972079372,2.769158130481212,-3.3671575636127926,-4.308350127106272,280.30013748347045
427,8,5.774289231125705,-3.969190383760445,1.8159749971669203,-15.535975111229954,2.278554278076627,-8.06567369288601,2.7691572685332306,-3.3671600874964898,-4.308349460423874,280.3001343624784
427,9,5.774289581846083,-3.969150927175827,1.81598086735005,-15.528631117772191,2.278549508213203,-8.070100409315183,2.7691342699112056,-3.367154751550795,-4.308339135044064,280.3001323483572
427,10,5.774289813303913,-3.9691940372953702,1.8159738470889635,-15.511892320028624,2.2785638891397006,-8.070587542768893,2.7691485882590405,-3.367157862214994,-4.30835709534152,280.30011495364124
427,11,5.774292125272084,-3.969136727657693,1.8160220518493042,-15.524711263795478,2.2785577030916158,-8.070464221416614,2.769156180775634,-3.367156901798987,-4.308366822973412,280.3001234120826
427,12,5.774294846757843,-3.9692622115872727,1.8159915540608336,-15.531846945247251,2.278563611252031,-8.073698905593451,2.7691812725433502,-3.367151842296939,-4.308370576768,280.3001365314572
427,13,5.774290602879748,-3.969185426384324,1.8159828461299423,-15.547037282960272,2.278563162072039,-8.069121122254561,2.7691599228109336,-3.367158406060807,-4.308383517548964,280.30011336345035
427,14,5.774288441842497,-3.969083897563313,1.815998678060642,-15.537549939570532,2.278548240772945,-8.066592698616605,2.769142550428203,-3.3671591302340573,-4.308333750294017,280.3001675391096
427,15,5.774289216226988,-3.9691328078840304,1.8159656910286117,-15.527206067024782,2.2785442556030757,-8.066340440926043,2.769147309260698,-3.3671600188167816,-4.308329329591852,280.3001590769536
427,16,5.774290827103467,-3.9691939256125006,1.8159920916834922,-15.556123908921476,2.278546258893588,-8.06918222712478,2.7691746937890724,-3.3671637892259323,-4.308397930924789,280.30013974569533
427,17,5.7742928537964575,-3.9692197506372784,1.816011197376692,-15.529061592794804,2.278564853160767,-8.074469475951647,2.7691898626415434,-3.3671620745044173,-4.308420249687211,280.30014641746413
427,18,5.774293015799639,-3.969125287955205,1.8159441976076063,-15.503464574253188,2.2785479138902023,-8.065895877401898,2.769157002288113,-3.367158119613672,-4.308353538181984,280.30015662086714
427,19,5.774293237225337,-3.969160942326705,1.815977880413602,-15.560627786335658,2.2785463524382954,-8.068529274780062,2.7691729265995977,-3.3671530029126084,-4.308374617930245,280.3001359607155
427,20,5.7742895274261885,-3.9691779584528732,1.8159837055571448,-15.533769067462973,2.2785611304952877,-8.065857777426213,2.769141822261102,-3.3671575903011517,-4.3083479803894,280.3001428184872
427,21,5.774293363736984,-3.969221889158212,1.8159796026684862,-15.520020836247184,2.2785554909360393,-8.068468514155722,2.7691505262675884,-3.367163481526997,-4.3083609401350245,280.30014311708237
427,22,5.774290340277966,-3.969166127044577,1.81599353150618,-15.547726596248467,2.2785488132514695,-8.070046826067331,2.769159838557835,-3.3671566822953576,-4.308354594130256,280.3001198131966
427,23,5.7742910843654895,-3.9691955917456636,1.8159794987313127,-15.53243654714141,2.2785355334611914,-8.06578225835653,2.7691530571305267,-3.3671609346294717,-4.308370249823361,280.3001486644359
427,24,5.77429240148019,-3.969190048937136,1.815999635120028,-15.532756756852226,2.2785590765970523,-8.067091399462754,2.769158474099783,-3.367161233825694,-4.308373714404171,280.3001419538618
427,25,5.774293114527048,-3.969177028929981,1.8159781643539126,-15.51997108793974,2.278545017592936,-8.06657132796677,2.7691629914325593,-3.367167933161947,-4.308398284977665,280.30013352719413
427,26,5.7742914861189725,-3.9691264560750357,1.8159611951207542,-15.530524132860538,2.278562873007781,-8.068475287716545,2.7691547802392082,-3.367156266538541,-4.3083572569843485,280.3001206914127
427,27,5.774293922018654,-3.9692084361743825,1.815974139222079,-15.509052129956679,2.2785607013379923,-8.064346025673549,2.7691618020706,-3.3671626084873902,-4.3083578897650625,280.30014939401934
427,28,5.774289834825301,-3.9691472505836582,1.8159738172298256,-15.54036817235575,2.278556434660207,-8.06894257340579,2.769150146052754,-3.367155062298454,-4.308348627962776,280.30013765519794
428,0,5.774291967479898,-3.96916849062299,1.8160170515464023,-15.519594368694637,2.2785648558546288,-8.073048865892213,2.7691580985605464,-3.3671641644714327,-4.30840719598101,280.3001305972424
428,1,5.774290312374756,-3.9691328201289884,1.8160075854269462,-15.530987958203184,2.278550980391359,-8.068266627112541,2.769161013588008,-3.367163153972034,-4.308383992323144,280.3001116114526
428,2,5.774290455776733,-3.9691459503105726,1.815992344933341,-15.523431871592782,2.2785525911102873,-8.073090295361418,2.769153570770508,-3.3671558202738496,-4.308365783847345,280.3001137060229
428,3,5.7742915690746415,-3.9691695793688626,1.8159833830803676,-15.519836807945376,2.278556600757691,-8.074189170382638,2.769170584965298,-3.367158162845177,-4.308393779006865,280.3001128939518
428,4,5.77429354259759,-3.9692528404905874,1.816016215047478,-15.534032417114782,2.278555155760209,-8.069732772519911,2.769161595980112,-3.3671632041480106,-4.308394739087625,280.3001447914451
428,5,5.774288957695924,-3.969199007627131,1.81600095874299,-15.542232140822259,2.2785653819908758,-8.071963203599964,2.7691573349223764,-3.3671546759053155,-4.308358557320014,280.3001499609851
428,6,5.774289586250337,-3.9691932038470314,1.8159876103007038,-15.533767311337481,2.2785474525103133,-8.06840042296192,2.769165039468131,-3.3671658479580224,-4.308376028805952,280.300136077484
428,7,5.77429230272917,-3.9692122702756634,1.8159855833606438,-15.51872753998241,2.2785606025442475,-8.067838330612991,2.769156253511313,-3.3671613030354495,-4.308366061502153,280.3001471338194
428,8,5.77428979128819,-3.969202300629524,1.816004773258116,-15.532754514298997,2.278554329172076,-8.068820039142043,2.769181757101983,-3.3671713824531007,-4.3084116795585,280.3001327130173
428,9,5.774292894280284,-3.96918991396479,1.8159339494041944,-15.540373629555388,2.2785707166229225,-8.067876743909409,2.7691731676998903,-3.367158177064611,-4.30837183067162,280.3001615434142
428,10,5.774289669087047,-3.969100270932892,1.8159434884306005,-15.528160846899471,2.2785492554847036,-8.069335931233223,2.7691553906614006,-3.3671546691918848,-4.30836690951173,280.30013325987903
428,11,5.774295113258209,-3.9691763720360314,1.8160055094623557,-15.575812563088077,2.2785452744565604,-8.071218872379827,2.7691723813429157,-3.3671551308052856,-4.308394110974454,280.30014286914616
428,12,5.774288338004924,-3.9691778773668704,1.8159682478298171,-15.55273325753189,2.278546108991926,-8.069392114327222,2.7691359444619894,-3.367156488661911,-4.308361648478776,280.3001597828287
428,13,5.774288988684465,-3.969198080975808,1.815974991753777,-15.537387825217598,2.2785461833330585,-8.069626303539325,2.7691341785505204,-3.3671551339364956,-4.308336389171359,280.3001488780065
428,14,5.774288746233672,-3.96922068443328,1.8159976437301317,-15.54956237404319,2.2785377202352186,-8.07063882638237,2.7691585483834684,-3.3671600960740866,-4.308378650192211,280.30015139345574
428,15,5.774291773794217,-3.969170366999997,1.8160177010340977,-15.58091724044322,2.278554756262885,-8.070966636428672,2.7691825789126696,-3.3671549808697505,-4.308408525882934,280.3001463576799
428,16,5.77429306616448,-3.9691187181196255,1.8159799530694762,-15.538977991852354,2.2785582921270167,-8.066125022976486,2.7691662250396947,-3.36715730872544,-4.308380937325738,280.30013761614714
428,17,5.774293241105821,-3.969259010784102,1.8160024254293747,-15.530741679069802,2.2785551996434013,-8.070640239113999,2.7691511939586135,-3.3671567681095413,-4.308378495694043,280.3001430132825
428,18,5.774292682846853,-3.9690982816080482,1.8159756847281212,-15.486117206029173,2.2785625153502242,-8.072760232042429,2.769181849701144,-3.3671680779292847,-4.308424952702925,280.3001251419887
428,19,5.77429246434865,-3.9691711245599834,1.8159776311326905,-15.531935247104355,2.278554695071586,-8.07290240395854,2.7691683762391976,-3.367158862194461,-4.308400006854835,280.30014347098455
428,20,5.774293369864079,-3.969214774230377,1.8159802963821325,-15.52495211008152,2.2785645794390144,-8.068608907890066,2.7691657434031063,-3.3671556461939227,-4.308349072682108,280.3001367843641
428,21,5.774290892117084,-3.9691686019320986,1.8159731075289753,-15.554707606626547,2.278544794375002,-8.072275707341017,2.769164188445372,-3.367155977161557,-4.308385844531288,280.300146963296
428,22,5.774291230675687,-3.969108581200075,1.816018364013775,-15.547820169712645,2.2785500229698896,-8.06989591972502,2.769168478534878,-3.367160921170839,-4.308391675205864,280.300134650495
428,23,5.774290092985972,-3.9691443292612303,1.8159756262019477,-15.537733963988659,2.2785562157207697,-8.065715228380585,2.769155809389531,-3.367158426981364,-4.308340723047562,280.3001188773037
428,24,5.774293379878833,-3.9692261972911886,1.8160004126289313,-15.536327575610214,2.2785476887818374,-8.068281941037418,2.7691555221575137,-3.3671581610221626,-4.308369105884205,280.30014617975934
428,25,5.774288026186595,-3.9691592011172903,1.8159725671343983,-15.51868641637636,2.2785450949899113,-8.069077848710567,2.7691699959098615,-3.3671636174114163,-4.30838438792894,280.3001544397665
428,26,5.774291933330878,-3.969141851721075,1.815969674326366,-15.506828425861084,2.2785600611393173,-8.067810443686945,2.769182343312218,-3.3671641155225243,-4.308399622417676,280.3001436016157
428,27,5.774287207987307,-3.9691889965413902,1.8159402136496745,-15.540231906330265,2.2785559247257643,-8.0657875331774,2.769155123049076,-3.3671612144289456,-4.308355689820112,280.3001500480386
428,28,5.774292420273165,-3.9692068405479706,1.8160059095103762,-15.517269571742347,2.2785605116051104,-8.072195826853378,2.769161729357554,-3.367156607434109,-4.308386337360973,280.3001385098701
428,29,5.774292554274204,-3.9691669004931076,1.815995350417241,-15.519850603299718,2.2785545207922424,-8.06839137212302,2.7691623080819903,-3.3671597397108837,-4.308364919064949,280.3001404193137
429,0,5.774289035990544,-3.969195514422803,1.8160015625175712,-15.52085725152913,2.278558544000378,-8.070985150595408,2.7691590064478233,-3.3671644947023336,-4.308367930897343,280.30013406745206
429,1,5.774289608015142,-3.969103438760597,1.8159886086037038,-15.548178615494017,2.278547701481527,-8.070265061377386,2.7691335719512318,-3.36715346343123,-4.3083220064678525,280.30013543385274
429,2,5.774292328585791,-3.9691970539667043,1.8159914886312696,-15.51866685211246,2.2785575742786626,-8.069323416023469,2.7691706366367206,-3.3671627386033784,-4.308402610726252,280.3001451611329
429,3,5.7742919732821205,-3.969146712204442,1.8159889549901134,-15.52143800864171,2.278550916583085,-8.066633413294394,2.7691743361184207,-3.3671667974262984,-4.30837766973213,280.300131055975
429,4,5.7742905684147585,-3.969199924885064,1.8160042410175734,-15.531314558703274,2.2785634201210883,-8.069288591880948,2.7691408802442967,-3.367162728551384,-4.30835640554683,280.3001293212175
429,5,5.774291832363775,-3.969088869898686,1.815980122593341,-15.505905203108664,2.2785544598835705,-8.06780108090073,2.769137855592435,-3.367157228834179,-4.308360783480472,280.3001316994766
429,6,5.774290576365871,-3.9691030126694327,1.8159664485611517,-15.523220810638481,2.2785576757145907,-8.06771476970317,2.7691539049610685,-3.3671566702912235,-4.30833888650482,280.3001408306916
429,7,5.7742917874491555,-3.9691944456015107,1.8159718407177519,-15.514004558435099,2.278556419168969,-8.073096716049266,2.7691537500733,-3.367156278549189,-4.308371067614775,280.30012840434165
429,8,5.774290052119247,-3.969203942209955,1.8159709419550272,-15.517966538703398,2.2785681901123316,-8.069751101061264,2.769157760518205,-3.3671645514028867,-4.308362015183191,280.30011475977824
429,9,5.774290740166423,-3.9690977343506773,1.8159904504371447,-15.510718274842139,2.2785728807700734,-8.069767859217716,2.769160464765272,-3.367160903447868,-4.308365322822896,280.3001331461455
429,10,5.774293060971956,-3.9692060141076246,1.815997808498299,-15.521562999607616,2.2785382730448838,-8.065227906519548,2.769163311528537,-3.367165376484761,-4.308369410952422,280.3001471717106
429,11,5.774288236413808,-3.9691203877380383,1.8160212309421917,-15.489809876350925,2.2785506229722374,-8.069884444826227,2.7691532212628434,-3.3671746532725932,-4.308407377346636,280.3001673420663
429,12,5.774290830500765,-3.9692058343808974,1.8159905179063702,-15.524536774718328,2.2785603132755297,-8.072580385967344,2.769171553306891,-3.3671610464267143,-4.308390195251104,280.30011644647095
429,13,5.774289499449748,-3.969209325283128,1.8159687668978102,-15.529013668752073,2.278547956810601,-8.068419059225434,2.7691489256011734,-3.3671604898041085,-4.308351234100379,280.30015718356026
429,14,5.774292278387929,-3.969126621636839,1.816011211750698,-15.525455636596496,2.278555967015933,-8.07194276334558,2.76916290444326,-3.367158404979678,-4.308383386732144,280.3001323302512
429,15,5.774290415396498,-3.9691645797557107,1.8160006822830745,-15.520366092836756,2.2785694132681407,-8.070148906818968,2.76916023681961,-3.3671649010681346,-4.308366063675642,280.30013457018737
429,16,5.774291226401254,-3.969122555864789,1.815974578547027,-15.546843514845632,2.2785565957041407,-8.071392682790858,2.769168187222348,-3.36715747085135,-4.308390267945948,280.30011893482225
429,17,5.774292047566383,-3.9691392246576545,1.8160277382606482,-15.537817508946151,2.2785593393654473,-8.071729893304486,2.769169435453705,-3.367159735100177,-4.308408434214425,280.3001362806016
429,18,5.77429170503647,-3.9691647644919903,1.8159935483668417,-15.516368362992136,2.278549214075897,-8.073709771187927,2.769175373014858,-3.367160662235768,-4.308381126411977,280.3001329640115
429,19,5.77428991872879,-3.9691598918836593,1.8159623554520128,-15.513790443057552,2.278541956867285,-8.065700541694094,2.7691506927146974,-3.367164247307167,-4.308369730211873,280.3001385700007
429,20,5.774291387118248,-3.9691020168721507,1.8159616725465662,-15.498949593921587,2.2785565048997394,-8.071949588678157,2.7691734878469707,-3.367161576780065,-4.308403721067116,280.30015042670044
429,21,5.774287503311449,-3.9690869564446882,1.8159906388630336,-15.51523344788072,2.2785542409470487,-8.073091861834236,2.769145406798173,-3.3671556321165523,-4.308365940322999,280.3001699465676
429,22,5.774289384591561,-3.9691896818272094,1.8160087108131993,-15.527412170142458,2.2785549985317917,-8.070840292415332,2.769178196746295,-3.36716794849492,-4.308416075694275,280.30016079252323
429,23,5.774289944659377,-3.9691516039444754,1.8159931537246592,-15.492193219372128,2.278560933925036,-8.070714596796115,2.7691465123468775,-3.3671654205286674,-4.308371188327214,280.3001227786414
429,24,5.774292707986647,-3.96920248943594,1.8159969317830036,-15.536394283609969,2.2785537386949692,-8.070835616421613,2.769185681914493,-3.36716078891841,-4.308391247946247,280.300142039654
429,25,5.77429134264587,-3.9691161754453956,1.8160244720959486,-15.536127284209517,2.278548884321353,-8.070027469618875,2.769186967137538,-3.367165041147041,-4.308407352294484,280.3001248711754
429,26,5.7742919988899075,-3.969136233406915,1.8160261293297189,-15.536206213527398,2.278544140835359,-8.07288362844335,2.7691692992594095,-3.3671605292243765,-4.3084142194326835,280.30013169183917
429,27,5.774291555762092,-3.9691529352350714,1.8159809893976282,-15.540175932303285,2.278551565075324,-8.071472111857053,2.7691775475748983,-3.3671636351592933,-4.308434111023694,280.30013435904823
430,0,5.774290445608276,-3.969173598777144,1.816023242604308,-15.529189823987837,2.2785634877696284,-8.071072536338399,2.769151676831522,-3.367160310649951,-4.3083738336643735,280.30014882950763
430,1,5.7742892509113695,-3.969217805484912,1.8160152105253595,-15.543325891475407,2.2785374402470877,-8.07500734553244,2.7691790642819005,-3.367166249825207,-4.308417619587535,280.30014632380954
430,2,5.774290326702168,-3.969120685794476,1.8159876264406394,-15.527167221642408,2.2785675615393717,-8.069566961797369,2.7691467130891523,-3.3671609772149917,-4.308359993642219,280.30012852043876
430,3,5.774290136461164,-3.969186171899556,1.8159812845494014,-15.523016296927716,2.2785603102566445,-8.073487310707856,2.769173563506688,-3.367161918631272,-4.308414232948368,280.30010694105397
430,4,5.774292393862153,-3.969193395867716,1.8159762604929892,-15.534969221499255,2.278561954814949,-8.070992691020878,2.7691637023668525,-3.3671609155562487,-4.308390674075168,280.3001415874104
430,5,5.774290317836037,-3.9691806600834125,1.8160093838917328,-15.532242040742643,2.278558498553886,-8.06820967095682,2.7691407523039895,-3.3671602163575014,-4.308356658049709,280.3001321869883
430,6,5.774291473371232,-3.969102754600598,1.815980252522094,-15.521114543375141,2.278566618076335,-8.073635628313497,2.769162473490101,-3.3671600406724025,-4.308369022759809,280.3001250245709
430,7,5.774292572331597,-3.969081766249592,1.816010018967712,-15.552918893501545,2.2785618333882924,-8.067688705565118,2.7691743824619466,-3.3671573399623633,-4.308387214595283,280.3001519268664
430,8,5.774293785170801,-3.9691747479136192,1.8160160370634817,-15.52546016500334,2.2785648233669984,-8.07198709408477,2.769164927580563,-3.36716604269564,-4.308396696149007,280.3001427836417
430,9,5.774290155520054,-3.969182285060281,1.8159968921028844,-15.540599821379129,2.278558486247888,-8.070769363455074,2.7691745850039764,-3.367167448785317,-4.308395558911399,280.3001305057594
430,10,5.774293083461387,-3.969235589068564,1.8160086846497443,-15.554022561041077,2.278543167041181,-8.074832202528388,2.769185209540909,-3.367165072882336,-4.308435167767081,280.30016647796276
430,11,5.774288261864168,-3.969126536642361,1.8159906493898943,-15.53531009565477,2.2785605720674,-8.067768988485492,2.7691215603375423,-3.3671533967795755,-4.308317373062493,280.30015241510904
430,12,5.774292676676201,-3.9691543643093676,1.8159845861374502,-15.53215833715786,2.278574594278768,-8.072666802717928,2.769160171771767,-3.367153477429671,-4.308354303185593,280.3001238137563
430,13,5.774289926651214,-3.969173308129395,1.81597658045156,-15.531055804949915,2.2785519345176546,-8.069856566751882,2.769165713667194,-3.3671631137295703,-4.308396749292651,280.3001270451415
430,14,5.774292181342454,-3.9692304923405968,1.815966277698433,-15.510593783188513,2.278562251710166,-8.072071621742367,2.7691415132040627,-3.367159959956376,-4.3083662641732685,280.300143629127
430,15,5.774290253844409,-3.9691612835283805,1.815986257999243,-15.513436028732354,2.278555982644813,-8.072139106653333,2.7691734400306114,-3.3671622613742977,-4.308377144570507,280.30011925623376
430,16,5.774292308803772,-3.9691546868302403,1.8159778229777437,-15.50775476621331,2.2785522628313983,-8.071118392278487,2.7691810887875072,-3.367164208359311,-4.308422966435025,280.30011765952065
430,17,5.774290517467166,-3.9691777891239233,1.8159903152892847,-15.543988679147661,2.278557399754009,-8.070879166323705,2.7691505542894803,-3.36715768466692,-4.308368380244956,280.30013036666185
430,18,5.774292500035528,-3.9692098269500002,1.8159732093140726,-15.488068783048869,2.2785591241513554,-8.069748460892853,2.7691566322273617,-3.3671657410880615,-4.308385572817321,280.3001398080578
430,19,5.77429133628807,-3.9691523357241523,1.8159900617870648,-15.519028798135716,2.2785669888618805,-8.071037106685223,2.769166816972168,-3.3671631208567177,-4.308389353295645,280.300130310905
430,20,5.774290628326617,-3.9691370406556783,1.8159873071275048,-15.571654157651478,2.2785493062062696,-8.066766266500975,2.7691471546171016,-3.367154772871766,-4.308361024757042,280.30012705297855
430,21,5.774291517735085,-3.9691925700939583,1.8160043267787294,-15.537471291053228,2.27855909202701,-8.074785673360607,2.769180091580805,-3.367161541320898,-4.308406820306713,280.3001246364468
430,22,5.774292708398243,-3.9692059102867843,1.8159886560578764,-15.524173997275698,2.278560356570591,-8.07210696413387,2.7691669742932583,-3.3671580332379674,-4.308367125667607,280.3001259369398
430,23,5.7742901254184815,-3.969149175887925,1.8159743512813655,-15.553154245163487,2.2785583233663984,-8.069392993269053,2.7691608574707693,-3.367156368409144,-4.308373316389031,280.3001029528996
430,24,5.77429072357924,-3.969131119441254,1.8159899558718944,-15.53551136216483,2.2785592364411476,-8.068164674016682,2.7691699962831584,-3.3671638332325133,-4.3083843622503775,280.30013276707456
430,25,5.774290259759923,-3.9691982034946993,1.8160190817966593,-15.542994533957026,2.2785637077675003,-8.072216892554856,2.7691576327260385,-3.3671628236021194,-4.308386129205825,280.30012393863547
430,26,5.774289666006865,-3.969134548732516,1.8159843561486069,-15.543489112205117,2.278547216498307,-8.069165483742594,2.769143380395849,-3.367155206618097,-4.308350047694697,280.3001414131057
430,27,5.774290909778824,-3.969197758310045,1.8159921241372854,-15.505300158027145,2.2785613397924998,-8.073482373054173,2.7691619278346495,-3.3671637021842655,-4.308393536651337,280.3001374571213
430,28,5.774291913903249,-3.9690907542567375,1.815995329036844,-15.520381408176581,2.278553059721086,-8.069532359797632,2.769160971641894,-3.3671610953870585,-4.308386897201395,280.300123651436
430,29,5.774289644953696,-3.969140431061098,1.8160040260264207,-15.534518165131246,2.2785623386216747,-8.068942552671022,2.769142474434237,-3.367161998647172,-4.308345835267949,280.3001392645229
431,0,5.7742913894347065,-3.969177317080504,1.8159708053734986,-15.551615346264668,2.2785440235240815,-8.068171310957384,2.7691471755484605,-3.3671538733601634,-4.30834656033106,280.3001201326558
431,1,5.774290442855863,-3.9691804280043583,1.815984566890412,-15.524893527478257,2.2785634401326513,-8.074169025391871,2.7691691398817837,-3.3671604999333504,-4.308396938248825,280.30013269385495
431,2,5.774290917212958,-3.96915190264859,1.8160037597988665,-15.533749099993852,2.2785605092292727,-8.072056418908902,2.769168407360506,-3.367159264258648,-4.308393683548669,280.3001309568035
431,3,5.774290643370916,-3.969206482587669,1.8159973547479555,-15.535779852739324,2.2785589647495152,-8.07362000843642,2.769176915005409,-3.367161721098088,-4.308390865912885,280.3001492654271
431,4,5.77428837582238,-3.969096287502499,1.8159936801795227,-15.543219436572917,2.278548421759688,-8.069758863962045,2.769154010875893,-3.3671609453040587,-4.308380607721687,280.3001465707836
431,5,5.774292777101691,-3.969199089940974,1.816001466252077,-15.535851721813923,2.278564993468515,-8.07199485424513,2.7691769205216263,-3.367160970871273,-4.3084137809557275,280.30016102681884
431,6,5.774289553224341,-3.969099548212664,1.8159813872193968,-15.527919604258592,2.2785617769495112,-8.070800170216804,2.7691655730163385,-3.36715894912197,-4.308387143571553,280.3001188603797
431,7,5.774289396622818,-3.96914442056405,1.8159772650878983,-15.545988374244878,2.2785608793153433,-8.072567286047157,2.769149034658697,-3.3671546308430442,-4.308362047735093,280.3001265471935
431,8,5.774291344643237,-3.969225639342718,1.8159824490738907,-15.538540059354316,2.278557582706593,-8.069626266736492,2.7691583895911007,-3.3671605358838477,-4.308393179828437,280.3001188567397
431,9,5.774290130256907,-3.9691565251578567,1.8159677374390863,-15.5463458896735,2.278539771157263,-8.067391818219221,2.7691633735924315,-3.3671626518505273,-4.308401020134169,280.30014031426003
431,10,5.774291710979205,-3.969182242568827,1.8159753438429123,-15.557450461573664,2.2785584503184126,-8.069391804156636,2.769161073781741,-3.3671575429377887,-4.308371238032936,280.3001077944361
431,11,5.774292063327059,-3.969171977597016,1.8159666150734863,-15.528914476727689,2.278564446975304,-8.069698355633431,2.7691569834513157,-3.3671584852232845,-4.308378135478872,280.3001260733567
431,12,5.774289702659899,-3.9691565784632488,1.8159940945404185,-15.525576190778537,2.2785491694356046,-8.07094172735976,2.7691869190338183,-3.367170164068404,-4.308437697233502,280.3001515535145
431,13,5.774290349944316,-3.9691618861708218,1.815933606330819,-15.54654317330494,2.27855834509149,-8.071670197838275,2.769151681509488,-3.3671486673316826,-4.308340053063694,280.3001118979277
431,14,5.774292603571383,-3.9691472442593976,1.815994195023384,-15.500040004335952,2.2785630018576843,-8.071194406655701,2.769170285155106,-3.367164600188978,-4.308405898085743,280.3001344248046
431,15,5.774289798051516,-3.9692049391158797,1.8159783474944833,-15.533303457855409,2.2785574027195583,-8.070628652563263,2.769152749716716,-3.3671550620064727,-4.308348118657866,280.3001217323524
431,16,5.774291708568884,-3.9691240786463067,1.8160136519412136,-15.536136658851383,2.2785589475811445,-8.073037968497633,2.7691654958486804,-3.3671593548582783,-4.308392958844284,280.30010099732465
431,17,5.774290826026201,-3.969159421606004,1.8159923371488365,-15.528058414510776,2.2785608676533444,-8.071717885882407,2.769159197233515,-3.367162607489398,-4.308394680044776,280.3001296608402
431,18,5.774291088749785,-3.969152204269944,1.8159793212796629,-15.531392712805047,2.2785491779255986,-8.071937199372224,2.7691735539566182,-3.367160376213277,-4.308431869303479,280.3001451723983
431,19,5.7742926797600775,-3.969162742614655,1.816013528158393,-15.522028205609772,2.2785492533169465,-8.074235899445334,2.7691727655337597,-3.3671633174851405,-4.308427143864147,280.30013982174273
431,20,5.774290984761309,-3.9691793281145458,1.8160019136431889,-15.503651733632166,2.278568830521837,-8.074640660795117,2.7691809602983515,-3.367164680603932,-4.3083985801149804,280.300166457584
431,21,5.774291573140877,-3.9692124982421166,1.8159797277222423,-15.562762594905148,2.2785662566980283,-8.068949032318152,2.7691713996958778,-3.367160657971173,-4.30837409726073,280.3001282488511
431,22,5.774292035217708,-3.9691397904855723,1.815986785025444,-15.532017615060761,2.2785748906600203,-8.07463780754003,2.7691712507469264,-3.367153855327657,-4.308377349676817,280.300147536489
431,23,5.7742916083271245,-3.9691712434871587,1.8159720149391554,-15.51470592926731,2.2785501671883885,-8.068332901557284,2.769154626116788,-3.367161024107498,-4.308370744911547,280.3001292207457
431,24,5.774292494519921,-3.9691859433655003,1.8160172332437265,-15.530934249197246,2.278559596560824,-8.07364112764462,2.7691717828391256,-3.3671578351492726,-4.308404324047373,280.30015327900963
431,25,5.774291940592408,-3.9691530135502466,1.8160003068901618,-15.511505636718436,2.278566665561053,-8.070984729737056,2.769153221881297,-3.3671590494535657,-4.308353625046803,280.30013785318664
431,26,5.774290097123404,-3.9691543300048933,1.815974785074173,-15.522650637347619,2.2785502730965272,-8.070569922892721,2.7691686098788955,-3.3671602244400294,-4.308398596730388,280.3001204917357
431,27,5.774291175745942,-3.9691329458623428,1.815949833193421,-15.522480642177625,2.2785679332739592,-8.070564054804361,2.7691507423287702,-3.3671550592560093,-4.30836723060634,280.30014001354004
431,28,5.774289609896652,-3.969132383834196,1.8160093638937325,-15.55728269143186,2.2785494866988056,-8.071885008923145,2.769168530897503,-3.367154794049569,-4.30839486954322,280.30012656741826
431,29,5.774289569722403,-3.9690750185009973,1.8159928876406806,-15.507787878346418,2.278545590061066,-8.069239365832448,2.7691750929372536,-3.3671681918706446,-4.308400342298204,280.30014083434867
432,0,5.774290086639625,-3.9691444968636587,1.8159712447403717,-15.555481193563683,2.278554928677025,-8.067302414791522,2.769143573897748,-3.3671556243590817,-4.3083488751459935,280.3001224949455
432,1,5.774290009878662,-3.969100876450027,1.8159908386895665,-15.567364043175047,2.2785520634990055,-8.07123327403646,2.769162675768365,-3.367159032037654,-4.3083932469336235,280.30011380620306
432,2,5.774289947287769,-3.9691660957694226,1.8159806710692974,-15.543401660625985,2.2785615346457955,-8.06626388827147,2.7691379509433562,-3.367156582571083,-4.308329189011057,280.3001396083961
432,3,5.774291136715306,-3.9691687212156843,1.8159762445631888,-15.524648890670877,2.278561682293855,-8.072564944554902,2.769157812890629,-3.3671596777485178,-4.3083717458590005,280.30010782502364
432,4,5.774292296391111,-3.9691710283904458,1.8159858666975008,-15.539719877987721,2.278561593477605,-8.068572279834973,2.769154838562488,-3.367149260295106,-4.308339313399965,280.30013828939775
432,5,5.774291002247015,-3.9691735768344714,1.8160020121698675,-15.54024724273796,2.278547498092861,-8.067621927573391,2.7691440680816366,-3.367157122724908,-4.308371246681788,280.3001460941384
432,6,5.774291010281421,-3.969176987513978,1.8159952775995347,-15.545823649399797,2.278550065542244,-8.070880571850056,2.769148068931556,-3.3671548822180175,-4.3083810092259025,280.3001571499383
432,7,5.774288287439545,-3.969130881023904,1.8159604800600806,-15.543396558864565,2.2785512889621384,-8.068921493631356,2.7691684942708688,-3.3671610777305983,-4.308397025623219,280.30013870630677
432,8,5.774290924075538,-3.9691202632004954,1.8159932004404848,-15.546073490824847,2.2785612548297505,-8.06719980896277,2.7691761135937543,-3.367161524246527,-4.308392955541913,280.30014615944276
432,9,5.774290795731624,-3.969125476163018,1.8159668394524113,-15.53311009924922,2.2785485819938622,-8.068331190383576,2.769160937738503,-3.3671587343121208,-4.30837838888285,280.30014566256534
432,10,5.774291607137637,-3.96913545435218,1.8159730230899687,-15.541234899740601,2.2785780909638373,-8.07624659070195,2.7691589530846485,-3.3671510235999293,-4.30837216562742,280.3001446352671
432,11,5.7742903922134765,-3.9691817703819408,1.8159838027636317,-15.577380609662969,2.278554303573211,-8.069565522574448,2.7691602285693855,-3.367156044424193,-4.3083599492446085,280.30011631618936
432,12,5.774289935752781,-3.969189044651708,1.8159782820820292,-15.52883416669547,2.2785514561598124,-8.070933635491652,2.769145868076172,-3.3671611693537353,-4.308371903383759,280.30013705225105
432,13,5.7742939878022845,-3.9691873575890644,1.8160002329140665,-15.51841292776746,2.2785612445883667,-8.071153111027462,2.769160788277871,-3.367157506796021,-4.308377177394259,280.3001330399122
432,14,5.774290394183966,-3.969115230245469,1.8160050874729066,-15.526564828303675,2.2785499107608502,-8.070839388849944,2.7691739122353667,-3.367162837067718,-4.308394180323598,280.30012080075073
432,15,5.77429039600655,-3.9691789684022902,1.8160074585979549,-15.542330120266904,2.2785571423263677,-8.070655054469647,2.769172157166821,-3.3671654133823026,-4.308410789161836,280.3001227936874
432,16,5.774288933189833,-3.969168025558481,1.8159833692672207,-15.547715854499193,2.278556078023826,-8.072903441909737,2.76914558944891,-3.3671537049117486,-4.308370098428332,280.30014290230395
432,17,5.774290144201884,-3.969190425498377,1.8159570412381356,-15.535649218987388,2.2785534351713372,-8.0735251127452,2.7691614939620615,-3.367155274183604,-4.308402075194752,280.300145718795
432,18,5.774291839416989,-3.9691459237797604,1.815968807089348,-15.555099276762352,2.2785630675772146,-8.072607306758076,2.7691705853780757,-3.367152562497019,-4.3083784165417045,280.30013481953733
432,19,5.774290841184344,-3.9691572248295928,1.815959699253999,-15.527924308921955,2.2785630342827856,-8.069003340825954,2.7691429750408214,-3.3671491695530618,-4.308305326995768,280.3001415005665
432,20,5.774290625345255,-3.9691775325396312,1.8159894252818405,-15.531733697570834,2.2785659974661816,-8.068484157357082,2.7691619015305897,-3.367163977721432,-4.30836763816924,280.3001211221575
432,21,5.774290274020184,-3.9691480037665787,1.8159970838011597,-15.533571586421225,2.278551598892272,-8.072164096894534,2.769167833695887,-3.367162335409962,-4.308405215677431,280.3001186455027
432,22,5.774292410110766,-3.969103064599085,1.8159709277711695,-15.546914202244118,2.2785458748600536,-8.0713165706229,2.7691764317369403,-3.367154643810942,-4.3083955626535655,280.3001412551689
432,23,5.774289399818519,-3.9691896751419335,1.8159573479556212,-15.537055423603626,2.2785549505209635,-8.071511543733227,2.7691470412907497,-3.36715788489949,-4.308376085735959,280.30016171185855
432,24,5.774290213445904,-3.9691391717612934,1.8160052502267907,-15.519935088670373,2.278560642917887,-8.07318193742829,2.7691767826449873,-3.3671614163186034,-4.308407908331025,280.30012327253627
432,25,5.774289525249659,-3.9691198783853756,1.815980909727826,-15.549223090970989,2.2785490471461864,-8.069879004694348,2.769163668723534,-3.367160908152959,-4.308392179362986,280.30012418682503
432,26,5.774290803053499,-3.9691587768511885,1.8159907493904948,-15.539752122648444,2.2785493590618557,-8.072290805535086,2.769169151622294,-3.367160134441093,-4.308388798461543,280.3001112299683
432,27,5.774292526862959,-3.969210179737124,1.8159942631774781,-15.549256134879244,2.278557261647541,-8.070557031240838,2.7691827065741865,-3.367160839042351,-4.3083931049752895,280.3001458777895
432,28,5.77429177512381,-3.969169542165806,1.8159582830286765,-15.537548083908652,2.2785457133666513,-8.069615408663129,2.7691676297597003,-3.3671579609479365,-4.308398121300305,280.3001452342779
432,29,5.7742888874985105,-3.9691956306661718,1.8159929431248547,-15.557801825657833,2.2785520669337305,-8.071273353681253,2.7691593446813196,-3.3671549345370586,-4.308383212331848,280.30012563362766
433,0,5.77428965004096,-3.9691542436720044,1.8160288608073156,-15.519484362686157,2.2785571488995213,-8.071167368512098,2.769173886120004,-3.3671684209933876,-4.308406241369413,280.3001378956665
433,1,5.774290237728064,-3.969148077116139,1.815992970506243,-15.559816500812493,2.2785607840343247,-8.072448138002915,2.7691710133434646,-3.3671601339960557,-4.308399966097682,280.3001092404428
433,2,5.774290190675909,-3.969112471162711,1.8159690848200714,-15.589525825810034,2.2785507391229465,-8.068559785469247,2.7691625091696848,-3.367156424874982,-4.308364880978255,280.30013404774274
433,3,5.7742900866783415,-3.9691566821512536,1.8159403332983104,-15.542068304610124,2.27855370899898,-8.07295442656426,2.7691670976074128,-3.3671553918841073,-4.308391192625239,280.30014176473935
433,4,5.774290756632206,-3.969194091341751,1.8159582950992756,-15.528717480819006,2.278564944708491,-8.072314679115848,2.769158429412966,-3.3671569180750858,-4.308359542693778,280.3001207688187
433,5,5.774290451179636,-3.969066575511588,1.8159898050332335,-15.519866180309352,2.2785615547194995,-8.071739613476344,2.76916292179512,-3.3671613610793476,-4.308368024269004,280.3001183144057
433,6,5.7742899136330985,-3.9690912560138134,1.8159949548753127,-15.547173878606099,2.278536432119027,-8.071001753622255,2.769137498348982,-3.3671509390501586,-4.3083495872780935,280.30014788947716
433,7,5.7742888884433965,-3.969151592817944,1.8159987991210584,-15.529664649439761,2.2785583955418915,-8.07022659782959,2.7691715360598255,-3.367165042437743,-4.3083911031251265,280.30010966980785
433,8,5.77429228692178,-3.969171424801169,1.8159944988733,-15.565425990175157,2.278546942518775,-8.069661578695113,2.769151968080386,-3.367158071648219,-4.308370320099621,280.3001391950646
433,9,5.774292389773555,-3.9691786275150243,1.8159856943657073,-15.541553619588871,2.27856429700354,-8.072702397295535,2.769159549880718,-3.367155035849759,-4.308377403700298,280.3001422186395
433,10,5.774290786775021,-3.9691587351025905,1.8159973768357123,-15.572641928694788,2.278557760587157,-8.073603136332952,2.7691558900447393,-3.3671508043318767,-4.308372437143827,280.30013598855544
433,11,5.774290808376937,-3.9691352711348906,1.8159545207175942,-15.525363821033338,2.2785569261196255,-8.071346643945317,2.7691676846983646,-3.367161144571212,-4.308370037050571,280.3001670041954
433,12,5.774291886978928,-3.9691796010062905,1.8159976632515504,-15.556361759332638,2.2785552772267446,-8.07432907696789,2.7691715304816014,-3.3671557985598013,-4.308400008224315,280.30012943731066
433,13,5.774291291527604,-3.96913229245976,1.8160008397618959,-15.551858254074595,2.2785384335337584,-8.066817378782535,2.7691610355075884,-3.3671652346803413,-4.308396943835329,280.30012828992164
433,14,5.77429265444971,-3.9691494022191307,1.8159955562506775,-15.513442000905421,2.278556081501952,-8.069453891684919,2.769175608156017,-3.367163932329153,-4.308416695452672,280.30013989328233
433,15,5.774292128354035,-3.9691267330282014,1.81598347686433,-15.550113254550501,2.278543383471099,-8.072389608906153,2.7691778455894744,-3.3671607508122543,-4.308412734938107,280.30013238347726
433,16,5.774291378140633,-3.969131812220646,1.8160127239343473,-15.540805490892275,2.2785606479419953,-8.072617836399159,2.7691700036522624,-3.367164800963634,-4.308414382818643,280.3001200018891
433,17,5.774289489805841,-3.9691462514514035,1.8159577302751855,-15.553874724195815,2.2785607283977516,-8.071493099640158,2.7691706805813174,-3.367159724138038,-4.308367973395508,280.30013834829117
433,18,5.774289365446361,-3.9691559944421484,1.816003078799064,-15.53280589480582,2.278559190571819,-8.070342967213657,2.769181182366335,-3.367169250989199,-4.308406750126567,280.3001363990097
433,19,5.77428935919466,-3.9692024970663704,1.815958068303333,-15.54682810564636,2.2785520812885385,-8.068221912175035,2.769148668441065,-3.367159219193128,-4.308353364131007,280.30016664874915
433,20,5.7742914706356645,-3.9691764417809963,1.8159783777784193,-15.5270960659363,2.2785565247120743,-8.071935653350591,2.7691809264633305,-3.3671618430752726,-4.308405683608099,280.3001494500777
433,21,5.774292233361532,-3.9690852502133938,1.8159625559942094,-15.525055154294662,2.278560627260939,-8.07203921746775,2.7691902475895716,-3.3671637331811577,-4.308440628112502,280.30015750944347
433,22,5.774292395716422,-3.969098467419036,1.816009373448943,-15.53804456467965,2.278557748436413,-8.072496081874123,2.769190846686836,-3.3671626974289808,-4.308429006844409,280.300148328374
433,23,5.774291939211017,-3.969124700575484,1.8159867877528326,-15.531905927537364,2.2785448427948434,-8.074078080659396,2.7691669037276077,-3.367158936767906,-4.308395769306564,280.300124793557
433,24,5.774291652115836,-3.9691545614625316,1.8160170081876317,-15.52821147854234,2.2785504173764406,-8.073142266205538,2.7691678414592467,-3.367158690406413,-4.308381760180984,280.3001332605961
433,25,5.774290095601129,-3.9691497669545437,1.8159943612737208,-15.557305512110435,2.278545060198716,-8.072288993509023,2.7691792355489975,-3.367163019707137,-4.308405972557285,280.30012916756004
433,26,5.774290792490917,-3.9691469186862998,1.8159997711284863,-15.572902961196911,2.2785471056356243,-8.071906628658374,2.7691764130646948,-3.367158096797531,-4.308412245680897,280.30014494640295
433,27,5.77429047640411,-3.969117465066648,1.8159529150549483,-15.538626531685434,2.278552895667483,-8.071188375848765,2.7691642578732263,-3.3671536771889765,-4.308341309764478,280.3001402768841
433,28,5.774290783126344,-3.969137296412996,1.8160066374301664,-15.524877650940812,2.278566335348128,-8.07358215417614,2.7691762200584313,-3.367160697653333,-4.308393005053798,280.3001298467294
433,29,5.774290785943874,-3.9691716959016294,1.8159895844610046,-15.54466155543253,2.278562408563649,-8.069899199133175,2.769168098843276,-3.367166125994174,-4.308398972117998,280.30012836283447
434,0,5.774289907754306,-3.969132053207592,1.815976086277189,-15.570008001830335,2.2785443054500663,-8.07032862226404,2.769150083409893,-3.3671524135088524,-4.308355769405388,280.3001166329636
434,1,5.774290723015924,-3.96914238565423,1.8159802123144146,-15.547466712380237,2.278560274275854,-8.0728003003251,2.769172270039375,-3.3671595135965773,-4.308407358130311,280.300117221136
434,2,5.774290446326486,-3.969120532369458,1.8159490082814023,-15.509189947492583,2.278561257236936,-8.069992913996279,2.769164064769371,-3.3671582376720104,-4.30835444869338,280.30013698299655
434,3,5.77429137387803,-3.9691881018134065,1.8159693528675847,-15.556329084089354,2.2785751749352547,-8.072012365382719,2.769160101337074,-3.3671542173368456,-4.308363701034792,280.30015353198644
434,4,5.774290043793952,-3.969127307370997,1.8159581095453536,-15.518051928826804,2.278560349071363,-8.071881580236118,2.76916617943339,-3.367162588563222,-4.3083708076162255,280.30014115852555
434,5,5.774290555108914,-3.969116475158563,1.8160126401797085,-15.534272756165684,2.278558806502993,-8.073079749495621,2.769178836228505,-3.3671610232218714,-4.3084018704331655,280.3001442346963
434,6,5.774289729956963,-3.9691767720104827,1.8159943457425145,-15.519049774470508,2.2785474802623766,-8.072717268170472,2.7691784706151603,-3.3671637113838626,-4.3084004724415,280.3001570671806
434,7,5.774290943767136,-3.9692381694548327,1.8159782670725129,-15.561452499940755,2.2785631590074074,-8.069700965893055,2.7691539548367192,-3.367156560604529,-4.308358111538449,280.30011909943573
434,8,5.774289113646767,-3.969152448558489,1.8160120901847447,-15.527698906504837,2.278554634810293,-8.068342104067797,2.7691792666933783,-3.367173589934263,-4.308407488705144,280.30014721935373
434,9,5.7742896981259095,-3.969178418295039,1.8159608178589923,-15.57413135651907,2.27855178240192,-8.073360613228367,2.769168310617086,-3.367156608602714,-4.3083943452012265,280.3001503025381
434,10,5.774289621966953,-3.9691506706514796,1.8159997968863784,-15.516040548208702,2.2785577087529303,-8.068760154705812,2.769157347006883,-3.367167868352236,-4.30838526100665,280.30013297837706
434,11,5.774291000009543,-3.9690827313029113,1.815988386131011,-15.540652225738276,2.2785433112069424,-8.071698618972341,2.7691672287493665,-3.367158843772297,-4.308396478668719,280.30012740816994
434,12,5.774290497422375,-3.969084400983738,1.8159961507409677,-15.504236682071323,2.278563060004687,-8.073799361081207,2.7691708551867467,-3.3671634051709907,-4.308423587186994,280.30012948374906
434,13,5.77429169128379,-3.96909574979749,1.8159816098627084,-15.51459701988922,2.278559558792791,-8.074370030671274,2.7691726808310966,-3.36716129498583,-4.308417633212336,280.30013250998036
434,14,5.774290443632682,-3.9692158783249054,1.8159979314981216,-15.536267944825516,2.2785616647700215,-8.073468287879829,2.769182320068356,-3.367166240599422,-4.308429322858467,280.3001374126808
434,15,5.774291918790763,-3.9692206764600217,1.8159835623102518,-15.537845881612567,2.278561479174816,-8.071544880390991,2.7691544001392283,-3.367159945931743,-4.308360172091844,280.3001186367228
434,16,5.774290771159254,-3.969102131047131,1.8160111535827905,-15.52048766153142,2.278553502193683,-8.07634419172583,2.769186282958469,-3.3671695400705017,-4.308437259219473,280.3001515701118
434,17,5.774292003742893,-3.9691544051256713,1.815991655161381,-15.528923827801394,2.278551702710557,-8.069625685955167,2.769179354524308,-3.3671651138577476,-4.308404526332626,280.3001374801929
434,18,5.774293082487809,-3.969170977249719,1.8159729557438358,-15.539848371236893,2.2785653406138486,-8.07353773026395,2.769175632981022,-3.367161671530935,-4.308416586027481,280.3001687159738
434,19,5.774289483170295,-3.9691326088894945,1.81599799325328,-15.553236863171053,2.278548358095873,-8.072887252351572,2.7691816364753112,-3.3671637453618013,-4.308408270732733,280.30013880656793
434,20,5.774290976773081,-3.9691366150193517,1.8160047607845191,-15.54231056975252,2.2785563032679494,-8.070547520034555,2.7691690272417055,-3.367159080517326,-4.308385460959033,280.3001392810637
434,21,5.774291031141134,-3.9691116309906027,1.8160114525703337,-15.558466175088974,2.278548522269305,-8.07518176787957,2.769179506737308,-3.3671607513746062,-4.308434239581825,280.30014484444087
434,22,5.774291220841921,-3.969211972985945,1.8160115284276273,-15.554737148290258,2.2785617987047875,-8.072499731571973,2.769177105713268,-3.367161381306318,-4.308413064272075,280.30015251932144
434,23,5.774291360809109,-3.9691369084223136,1.816003835587954,-15.553178574028179,2.278550495527111,-8.070059093964085,2.7691498538978383,-3.3671544284973645,-4.308366870343841,280.30012321260665
434,24,5.774289444455852,-3.969166656934373,1.8160137637575606,-15.555736948789088,2.2785537905107947,-8.07057199125312,2.769157664643834,-3.367166264556892,-4.308377787592069,280.30012891675074
434,25,5.774289181914343,-3.9691269851456794,1.8159734988120169,-15.531040330949615,2.2785600563440838,-8.069831334902933,2.7691534476357678,-3.367156688976762,-4.308336422749358,280.3001410743964
434,26,5.774290107968011,-3.9691328543829845,1.8159827974508282,-15.54621634989627,2.2785505181783057,-8.071649500963971,2.769162846643014,-3.367165503597624,-4.308393192052989,280.3001201206873
434,27,5.774288402877662,-3.969157023917287,1.8159938740548267,-15.532650033632478,2.278563659823994,-8.07026155103652,2.7691558272504384,-3.3671617905523337,-4.308363625856643,280.30015255793506
434,28,5.774292680728415,-3.969158476342856,1.816022213811747,-15.524420415095884,2.278554397452551,-8.07313389351714,2.7691783368321885,-3.367162513871705,-4.3084126568488985,280.30014068120215
434,29,5.774292154623516,-3.969139350726818,1.8159909497312203,-15.551419548469227,2.278556184650726,-8.072901494884519,2.7691584566395018,-3.3671578038922014,-4.3083772392159085,280.3001254181755
435,0,5.7742886767892445,-3.9691404972019777,1.8159717944639049,-15.551617984539337,2.278556734814652,-8.07085949906584,2.7691684064592557,-3.367158407406982,-4.308383706777483,280.3001362258399
435,1,5.774291707190726,-3.9691340806874433,1.8159784474086946,-15.549795317933272,2.278553310121183,-8.070002163536826,2.7691571543859874,-3.3671524902285728,-4.308381044653668,280.30012125490384
435,2,5.774289016103936,-3.9690750496217846,1.8160140505149651,-15.552521121543283,2.27855636442546,-8.069977555790915,2.7691640543831824,-3.3671656311171283,-4.30840345673092,280.30011685702596
435,3,5.774290489376509,-3.9691359721042803,1.8159798766928525,-15.526366856958779,2.278559362630159,-8.071278693664935,2.769159678360182,-3.3671608607231724,-4.3083894037901125,280.30010856257616
435,4,5.7742905983117625,-3.9691679436922103,1.8159981667181837,-15.52163746245201,2.2785579341025564,-8.073340602569985,2.7691548375926107,-3.367159763815957,-4.308374270822558,280.30011596629095
435,5,5.774293058561132,-3.96921139609094,1.8159444320273563,-15.5502559784829,2.278559729664697,-8.065763692674636,2.7691365883691064,-3.3671506692303512,-4.3083224130211395,280.30015779806814
435,6,5.774292134324531,-3.9692151666358417,1.8159476929390235,-15.560800559690843,2.278560386308621,-8.070674556694202,2.7691543202716407,-3.3671536770445853,-4.308359184539067,280.30013882550605
435,7,5.7742903305605635,-3.9691638956763717,1.8159879087901243,-15.567446492633131,2.278545310624487,-8.068865162963679,2.7691524710512625,-3.367159551152037,-4.308353633882999,280.3001155466146
435,8,5.774288681916362,-3.969142075439365,1.815983140655315,-15.568135630632987,2.278557047190924,-8.07164923467971,2.769149471215522,-3.3671532834346483,-4.3083376021719495,280.3001443803149
435,9,5.774290774298658,-3.969154356872751,1.8159933211196595,-15.510014782309534,2.278549355253862,-8.069757582927679,2.7691599919624887,-3.3671683545549196,-4.308402946406039,280.30013048539314
435,10,5.774291151018343,-3.9691081689927947,1.8159914116896314,-15.519612435329954,2.2785571735098182,-8.070932940571508,2.769159246380575,-3.3671638403681214,-4.308380759701712,280.30010981777366
435,11,5.774290477267597,-3.9691990452935424,1.8160055966969963,-15.565600913078754,2.278545421599677,-8.072719708441737,2.769153859749293,-3.3671597577733277,-4.308392402888836,280.30011115395234
435,12,5.77429328727235,-3.9692010039759578,1.8159798045665068,-15.529050077273313,2.278558041622196,-8.071219506760945,2.7691509832042205,-3.367154600955111,-4.308362877789612,280.3001332357909
435,13,5.774289739249497,-3.9691534254277574,1.815968966508216,-15.5465913419187,2.2785449517970924,-8.071115924578598,2.7691589882444227,-3.367158010484974,-4.30838755013953,280.3001445719316
435,14,5.7742907016089635,-3.9691960038358265,1.8159749452619949,-15.538758543389623,2.2785576201839364,-8.075275376566783,2.769177032150118,-3.3671600167595366,-4.3084191757455015,280.30014258871694
435,15,5.774290213712207,-3.9691448798315974,1.8159847065478425,-15.552204530182728,2.278541532869893,-8.067306206660911,2.76915149119072,-3.3671594802573486,-4.308360245514533,280.3001154924665
435,16,5.774290231467976,-3.969118857122779,1.8159673030411885,-15.532012510336356,2.2785456538902364,-8.071096335820792,2.7691623699754624,-3.3671598760817014,-4.308397554552942,280.30014983456454
435,17,5.7742893328182845,-3.969134889528064,1.8159827976548097,-15.548317761454392,2.278546710459436,-8.072387408632894,2.7691751847849884,-3.367162583118126,-4.308409347025718,280.30013732245413
435,18,5.774290520435926,-3.969094046697621,1.8159753987726155,-15.580442977467031,2.278543409044354,-8.071810876424165,2.7691632956717975,-3.367153130428607,-4.30838701731573,280.3001372775989
435,19,5.7742906142262225,-3.96919745465803,1.8159819550136782,-15.55613880454242,2.2785788226621775,-8.071687449019313,2.769155815200606,-3.3671599338121623,-4.308361904713213,280.3001250000042
435,20,5.774289757881028,-3.969194349061651,1.8159771402549212,-15.551062916841387,2.278563742749828,-8.07455766142202,2.7691621727688323,-3.367157681873404,-4.308381641692335,280.30014378777105
435,21,5.774290565223371,-3.9691831445178165,1.8159404961437162,-15.554013404753107,2.2785546820050344,-8.070273617989791,2.7691370858880893,-3.3671485306094553,-4.308339858601738,280.30016091688907
435,22,5.774289778904156,-3.969196134440961,1.81600457273491,-15.56428533217637,2.278538284326008,-8.072166240863638,2.7691532237502723,-3.3671576375867,-4.308389843573128,280.3001247181256
435,23,5.774290731201479,-3.969123895865918,1.8159901491598043,-15.53774949817521,2.278549432099181,-8.074682189423605,2.7691618638362736,-3.3671590782595464,-4.308393343699872,280.30013473824215
435,24,5.774291377506859,-3.96917789520942,1.815984699675993,-15.588596017153055,2.2785645517251365,-8.073089859729246,2.7691531076752534,-3.3671547952557326,-4.308376250829257,280.30012122314463
435,25,5.77429000714529,-3.9691876001863737,1.8159658933853435,-15.54117784766424,2.2785505585276318,-8.07450579872984,2.769157283141609,-3.36715117944182,-4.308387499017097,280.30013699497977
435,26,5.774288462711601,-3.9691076200944706,1.815966730241848,-15.546527793875372,2.278549704815769,-8.071104578169162,2.7691570068409,-3.3671570723572803,-4.308372946758279,280.30015365709323
435,27,5.774290508883476,-3.9692136891289462,1.815978907030678,-15.53085041339811,2.2785562079454453,-8.071264487282585,2.7691495194685816,-3.3671628963365077,-4.308361292161333,280.3001527145426
435,28,5.7742884628329065,-3.969136046744065,1.816006953248323,-15.568060836958615,2.2785536132579813,-8.074603110353749,2.7691714794860647,-3.367164141161506,-4.308395851226626,280.3001319087123
435,29,5.7742913948232,-3.969183565311138,1.8159818962347758,-15.566509912947966,2.2785646507025263,-8.07034583180544,2.7691532181248184,-3.367158531538768,-4.308360147894336,280.30011194621113
436,0,5.774290344410994,-3.969163011209885,1.815993868579176,-15.56335628961678,2.2785393742860247,-8.070158161498712,2.7691484549898258,-3.3671573959890764,-4.308379111058405,280.3001456577212
436,1,5.7742918324690935,-3.969138467679957,1.815989732602131,-15.54207193028032,2.2785543376522153,-8.069562216042826,2.769150780399076,-3.36716290599198,-4.308381056519769,280.30012245889907
436,2,5.7742902674835355,-3.9691772154683593,1.8160001102059984,-15.550010485023098,2.27854933128402,-8.07236065839478,2.7691503198138743,-3.367159421138231,-4.308375113138251,280.3001302592017
436,3,5.774289559020843,-3.9691810294210224,1.816017511942439,-15.552348243378933,2.2785418788213176,-8.070317388387547,2.7691384424863457,-3.3671624061124925,-4.308375880502416,280.300146435585
436,4,5.774290993716841,-3.969123177393514,1.8159873679007024,-15.558772364107861,2.278554115317504,-8.071219658597162,2.769162024090214,-3.36715520597084,-4.308369880980029,280.3001347253451
436,5,5.774289895039992,-3.9691525602211692,1.815985567613381,-15.536304092559263,2.2785648700758263,-8.07010700567381,2.7691654577109532,-3.3671609933506663,-4.308384711779144,280.3001140891756
436,6,5.774289619319265,-3.969100259693057,1.816019466782074,-15.531077654203314,2.2785517226078538,-8.071520209049766,2.7691560673961515,-3.3671653150516527,-4.3083969962814725,280.30012946363246
436,7,5.7742882743325445,-3.9691661661128643,1.8160143360683993,-15.54775573397522,2.278552791247084,-8.073014524115647,2.769165252557912,-3.3671638778295456,-4.308391507724377,280.30013828407436
436,8,5.774290580201967,-3.9691105302330523,1.8159875281598319,-15.547797988211531,2.2785516081860284,-8.071067877115173,2.7691659348255855,-3.367157291898658,-4.308386430575488,280.3001212598411
436,9,5.774290629257064,-3.9691630225262693,1.815977700292505,-15.564159041900107,2.278559652680967,-8.07302226471373,2.769151216662671,-3.3671529936670264,-4.308372261787317,280.30011393721094
436,10,5.774291312028775,-3.9691565377841616,1.8159823936343744,-15.573098014209323,2.278548308776718,-8.070884901789686,2.7691544850227796,-3.3671559434590077,-4.308366766681271,280.3001287941328
436,11,5.77428938815817,-3.9691133821817406,1.8159822057740467,-15.551967941971519,2.278543331739122,-8.071882542136835,2.7691653344848075,-3.367158010742777,-4.308381411379971,280.30012856694105
436,12,5.774289571456666,-3.969197283384675,1.8159857706041462,-15.523813088750432,2.2785623650402145,-8.06997083591732,2.7691588106808633,-3.3671651604207824,-4.308389297574872,280.3001350822011
436,13,5.774289800046209,-3.9691304091575845,1.8159896886420905,-15.541255442345587,2.2785513623050435,-8.070204381090887,2.7691570233117826,-3.3671612109399276,-4.308376264141684,280.30012529937557
436,14,5.774289667168002,-3.9691189973969103,1.8159923480742373,-15.546425892805756,2.2785479039273593,-8.071296814052774,2.769157622412449,-3.367160607220205,-4.30838429041119,280.30013923519573
436,15,5.774289705616306,-3.969067733158548,1.8159575567415698,-15.534609513292303,2.2785613836948277,-8.069522097107857,2.76914606974503,-3.3671561657615543,-4.308343070223601,280.30015048012837
436,16,5.774289612840672,-3.9691272168158407,1.8160059751658404,-15.547718080223826,2.27854883236123,-8.072991767370333,2.7691598633445693,-3.3671601939931186,-4.30839872179193,280.3001142793471
436,17,5.77429075465774,-3.969139882188106,1.8159948253704876,-15.535224060143728,2.2785565378438535,-8.071797016592768,2.7691748786780392,-3.3671681429325218,-4.308409167113514,280.300142207578
436,18,5.774290530010934,-3.969142785079437,1.8159731057258564,-15.546847468884463,2.278551498246842,-8.071262991788776,2.769174247147413,-3.3671551276812246,-4.308391518993323,280.30013585328464
436,19,5.774290697329975,-3.9691087525988555,1.8159762915734445,-15.517192808688007,2.2785589930366834,-8.071310000975082,2.7691506852315833,-3.367160314856427,-4.308370367031193,280.3001121947532
436,20,5.774290362950757,-3.9691031753961967,1.8159874847114883,-15.56750380800118,2.278554796209175,-8.069248548920386,2.76915075754293,-3.3671571829121683,-4.308373550206793,280.3001138740165
436,21,5.7742899496034745,-3.9691821823321662,1.816012048903896,-15.534887105048359,2.2785523632734628,-8.072550610558261,2.7691672531486384,-3.3671678408108914,-4.308422418755997,280.30013452615276
436,22,5.774290771366942,-3.969192748210278,1.8159940583120624,-15.520527003928851,2.2785609892200553,-8.067846040406764,2.7691290003475886,-3.36716153134471,-4.308319172514473,280.3001405433689
436,23,5.774291100854502,-3.969107662470619,1.815985469566802,-15.526141598866007,2.278548992825665,-8.067492884788106,2.76914924523705,-3.3671620225050063,-4.308369163543939,280.30013797841656
436,24,5.7742925231978885,-3.969129306216149,1.8159797309102383,-15.54934827400272,2.2785525868893086,-8.07129316172103,2.7691722831595587,-3.3671575459466587,-4.308391524133977,280.30012481804226
436,25,5.774290602898618,-3.9691258563126905,1.815977659105943,-15.535988889704884,2.2785590941364866,-8.068704629466023,2.7691664838869237,-3.3671616130212154,-4.308388233434796,280.3001397932403
436,26,5.77429036933583,-3.9691134032814266,1.8160014609832893,-15.53043244927389,2.278546783852016,-8.0705233594791,2.76916705374484,-3.367164484238336,-4.3084026103908375,280.30013777583633
436,27,5.774289857634415,-3.969107635218802,1.8160029826492707,-15.532505187954163,2.2785658195310883,-8.073865446394093,2.769172613549426,-3.367163724177981,-4.3083926457115105,280.30012536357276
436,28,5.774291613791225,-3.9690693000263404,1.81598539814228,-15.532594420225372,2.278550879556098,-8.070224145179349,2.769153145269634,-3.367158726674509,-4.30837278265116,280.3001354281695
436,29,5.774290473913712,-3.9691738094972906,1.8159863946897008,-15.554715112108912,2.278548725334467,-8.065027394842746,2.769144351544178,-3.367162113283906,-4.308363136892283,280.30013287300875
437,0,5.774291003634395,-3.9692416344029495,1.8159900698938924,-15.5623510955651,2.2785520046356855,-8.071596383312194,2.7691550533401115,-3.367157539839536,-4.308368115250354,280.30012322326
437,1,5.774291553261775,-3.969069582286671,1.8159794430864473,-15.5621618110126,2.2785484339913693,-8.070595509124766,2.7691482433273924,-3.3671551378021705,-4.308383137887567,280.3001225135682
437,2,5.774290133201964,-3.9691840456559007,1.8160048055088245,-15.575374127035863,2.278564579165272,-8.06769545104428,2.7691405993956653,-3.3671594496194928,-4.308354339816355,280.3001235655486
437,3,5.774290605762628,-3.969120601352263,1.8159711609501645,-15.590514802624483,2.278549807463408,-8.069923094956003,2.769158626436938,-3.367146739973586,-4.308359337353,280.3001371591279
437,4,5.774289400697773,-3.96911132758388,1.8159897379459349,-15.528084296774383,2.278554929118745,-8.069212734681894,2.7691518586014356,-3.3671621107752365,-4.308371746478978,280.30013686967106
437,5,5.774290904826988,-3.969113901614825,1.8160117650715424,-15.555397842733834,2.278554859813872,-8.07347332943079,2.7691749090067894,-3.367161067489544,-4.308404603524744,280.30015208253207
437,6,5.774290198011639,-3.9691337738236814,1.8159929281932212,-15.533216101689566,2.278554619701318,-8.071354181860059,2.7691528255346993,-3.3671619316830768,-4.3083919852391235,280.30011412403724
437,7,5.774291076177997,-3.9691509647943097,1.8159990769985306,-15.531505174282849,2.27856081297533,-8.070415148393058,2.7691633626743988,-3.3671599485448325,-4.30837760772045,280.3001298384781
437,8,5.774291816520775,-3.9690796512726574,1.8159881947248628,-15.558366704918132,2.2785555336308803,-8.072987547417195,2.7691604551627664,-3.367153496399677,-4.3083908235954596,280.3001319771014
437,9,5.774290707382848,-3.969104548696944,1.8159847418878834,-15.562312696734468,2.278552849016283,-8.068716766797195,2.7691448499780806,-3.367156734826779,-4.308352279292523,280.300129889668
437,10,5.774291768994879,-3.9691243265101384,1.8159829023538125,-15.55788167364165,2.2785601272879275,-8.07204886139367,2.769148292079212,-3.367154751627269,-4.30837074318945,280.30011395014606
437,11,5.77428972576949,-3.9691216476836355,1.8159860677903301,-15.541138547024683,2.278557650992449,-8.071057869405942,2.769165868848998,-3.3671628407616856,-4.308397106218936,280.3001293690933
437,12,5.774291507665525,-3.9691028398605965,1.815983503322131,-15.56493330905271,2.278548061812959,-8.071280364629308,2.769146082248699,-3.3671533193607006,-4.308369960349152,280.30013026135504
437,13,5.7742905919207805,-3.9691303269192204,1.8159833290751028,-15.559500785503094,2.2785745739235193,-8.07059768518523,2.7691603158888274,-3.367162804210395,-4.308383516352054,280.3001190353151
437,14,5.774289921366752,-3.9691564129173993,1.8159776651379305,-15.541647412526757,2.2785621165535086,-8.07509102540202,2.7691501868656627,-3.367154408485909,-4.308359883797214,280.30012704900173
437,15,5.774288909016145,-3.969120490695203,1.8159874492986086,-15.587787986203269,2.2785618844545565,-8.069265342611512,2.7691491886263417,-3.367155489433225,-4.30834921560755,280.3001427907584
437,16,5.77429100327039,-3.969068686607167,1.815983653225221,-15.563542223856045,2.2785514288507054,-8.074369697075765,2.769169168864346,-3.367155796160071,-4.308409777934598,280.30012644809653
437,17,5.77429003535452,-3.969106621065171,1.815983467070854,-15.52870502609346,2.2785568775654683,-8.069032955024488,2.7691466802387343,-3.3671623782937368,-4.308365883112445,280.3001305803716
437,18,5.774290172101813,-3.9691138322332664,1.8159902694394527,-15.562294777616634,2.278552113087257,-8.068073035364971,2.7691450732637124,-3.367157568937531,-4.308343773364477,280.3001267468244
437,19,5.774290950944529,-3.9691244361852913,1.8159905142358843,-15.549999214112859,2.2785604258316736,-8.071142875433726,2.769157621003342,-3.36715661269909,-4.3083701694636005,280.30012145290885
437,20,5.774288977005885,-3.9691271953468252,1.815995110441166,-15.526359770690766,2.27856162348793,-8.071700452061458,2.7691504595903655,-3.3671590848670245,-4.308375562563,280.30014928847953
437,21,5.774289981576936,-3.969124672381859,1.8159823029810647,-15.546385208958974,2.2785447266358263,-8.06904601490962,2.7691620092723164,-3.367162541110404,-4.308384173954501,280.3001193823412
437,22,5.774291519133787,-3.9691593406445014,1.8159957869326135,-15.557794763547706,2.278558925837844,-8.073741515405981,2.7691696768518024,-3.3671604474290215,-4.3084064793025485,280.3001078695477
437,23,5.774290751548231,-3.969109213598867,1.8160038269043146,-15.523074431818872,2.2785607845142044,-8.070538398200762,2.7691586827367503,-3.36716176910965,-4.3083912861110765,280.3001133798231
437,24,5.7742900849698096,-3.969110813942176,1.8159908948681946,-15.5448475754324,2.278548542476449,-8.070790053430889,2.769153906837759,-3.367159823514744,-4.308383528995838,280.30011881398264
437,25,5.774290754050972,-3.96909959120891,1.8160018034768397,-15.543578395303095,2.2785535809269453,-8.072034769517677,2.7691594956211154,-3.367159936969792,-4.308382169273563,280.30012933690364
437,26,5.774290114666505,-3.969084407999476,1.8159998040758192,-15.533672428920944,2.2785593109867093,-8.075252269007123,2.7691692650955875,-3.367162287666265,-4.308409449035995,280.3001175798074
437,27,5.774290284147769,-3.969114447264251,1.8159986058505828,-15.533773073960603,2.278560299258857,-8.074097200529879,2.76916439631906,-3.367162438945047,-4.3084111492684265,280.3001059942386
437,28,5.774290795700251,-3.969107031366992,1.8159939913366758,-15.523031070958414,2.278564654799487,-8.069530140061147,2.76916092749935,-3.3671638233371275,-4.308379580813536,280.3001320105791
437,29,5.774290441452704,-3.969115080210026,1.8159747828540969,-15.57035993829769,2.278558542272574,-8.071435353741323,2.7691518055351425,-3.3671525877759825,-4.308362131187316,280.30011484024635
438,0,5.7742904507004456,-3.9691055871166383,1.815989194924712,-15.53144669657016,2.2785579734466292,-8.07238142141075,2.769147616323156,-3.367162246881724,-4.30839522818237,280.30013569220586
438,1,5.774289162150721,-3.969095559535301,1.8159728935394808,-15.533362332763472,2.2785598836746432,-8.074383122364555,2.76915401508547,-3.3671568445724254,-4.308378156681737,280.3001461925679
438,2,5.774291713697133,-3.9691192439131013,1.815978032618595,-15.544149779154818,2.2785565330968733,-8.070165684445078,2.7691722409021504,-3.3671610070632245,-4.308395492068018,280.3001414834904
438,3,5.774291461518277,-3.9691555491848067,1.8160071407210896,-15.537573329337883,2.278560283196775,-8.068482037369929,2.7691533018040904,-3.367163391720322,-4.3083828722020465,280.3001185817384
438,4,5.7742921456216845,-3.9691391927761925,1.8159804376272448,-15.53904191681305,2.278553820041485,-8.071210616777059,2.769163374196461,-3.3671595600300037,-4.308395973605538,280.30012968789276
438,5,5.774292005428932,-3.9691025334716223,1.8159947840484376,-15.537108596695944,2.27856401451893,-8.073024299098654,2.769168742630357,-3.3671595907096927,-4.30840624027616,280.3001416914376
438,6,5.774291027152563,-3.9691584085321985,1.8159823716960026,-15.541061000390389,2.27855661916314,-8.075128053142311,2.7691699514315125,-3.367156433909157,-4.308397038251413,280.30011906669745
438,7,5.774290826507585,-3.969108735775682,1.8160083959568556,-15.538967791837718,2.2785575666858913,-8.071428847596556,2.7691690717218185,-3.367163226742911,-4.308406922953319,280.30013056279904
438,8,5.7742910071853295,-3.969104618357064,1.8160122564811683,-15.528836579711486,2.278569051884334,-8.075424142644971,2.7691730064153512,-3.3671609816566748,-4.308406661159419,280.3001498796107
438,9,5.774290051768768,-3.9691512728490337,1.815991466941568,-15.541892586355171,2.2785573912129844,-8.06996007928793,2.769153141013304,-3.3671593015648384,-4.308359448862722,280.3001130376782
438,10,5.774289740937837,-3.969096667427955,1.8160137473296296,-15.527194971141032,2.2785749457761697,-8.075193679688113,2.769162832632564,-3.3671652412277355,-4.308410560788702,280.3001471297137
438,11,5.7742920541843175,-3.9691960240257074,1.8159912478762956,-15.565850955215828,2.278564354310925,-8.072754945485569,2.7691628000957476,-3.3671606383167076,-4.30839356991873,280.30013816300993
438,12,5.774289424823341,-3.9691335622525132,1.8159984578443689,-15.587723029860616,2.27854981645036,-8.07110349488255,2.769167309622051,-3.367156234935018,-4.3084006241727035,280.30012195142496
438,13,5.77429024115876,-3.9691414950846817,1.8160093295501387,-15.54525053148142,2.2785533497457893,-8.072808735773101,2.769156898729061,-3.367160806346873,-4.308383810271783,280.30010534686414
438,14,5.77429045258137,-3.9691232336692264,1.8160065614364962,-15.542372452919398,2.27855939032285,-8.072070145154528,2.7691565763446504,-3.3671604918664393,-4.30838562627602,280.300108876252
438,15,5.774290924718231,-3.9691628348544237,1.8159767522832018,-15.556210912657154,2.278552715605401,-8.070513140561175,2.769146129459798,-3.3671548277251953,-4.308343459290048,280.300144595904
438,16,5.774290211254183,-3.9691176579169096,1.81599944061735,-15.557112304803232,2.2785562050357195,-8.074099759867686,2.769159174965302,-3.3671629757585304,-4.30841408766811,280.3001173836413
438,17,5.774291223106327,-3.96912269011219,1.8159922312561705,-15.542937428400961,2.278558202171866,-8.073289966051727,2.7691612004800157,-3.3671619782159268,-4.3084064628199155,280.3001233547153
438,18,5.77429072449925,-3.969152665658752,1.8159914807492725,-15.538483237642744,2.2785579771593807,-8.072856495640663,2.7691513994305192,-3.3671592491505,-4.308388147355447,280.3001352189128
438,19,5.774290501613746,-3.969069451073221,1.8159925806177297,-15.537483546401262,2.2785637056079326,-8.0732674307358,2.76915988740837,-3.3671574421332378,-4.308407841509081,280.3001317593587
438,20,5.774290441239817,-3.9691134892259003,1.8159875158008065,-15.547377103121594,2.2785528678145424,-8.068965199230412,2.7691570052782213,-3.367161026002345,-4.308375323694111,280.30010399828234
438,21,5.7742906986209235,-3.969112368251047,1.8160204761245322,-15.52308454202454,2.2785655189025618,-8.074993443498773,2.769163434670589,-3.3671640412457813,-4.308414563472628,280.30011008505744
438,22,5.774291853029381,-3.9691496179439905,1.815978038960601,-15.535561897125742,2.2785615675290454,-8.07193244975247,2.7691598842270952,-3.3671632733223897,-4.308392510550553,280.3001292298503
438,23,5.774291255818969,-3.969102081850996,1.8159875744225151,-15.53409788204376,2.278561751421113,-8.07350845651369,2.7691657831773346,-3.367158683646833,-4.30839539756953,280.3001270015336
438,24,5.774289179864663,-3.9690794853254014,1.8159960607177559,-15.547547715027564,2.278538240444244,-8.068712505224507,2.7691575013355365,-3.367161600601861,-4.3083870383888385,280.30013002229293
438,25,5.774292218821977,-3.969171124797805,1.8159966250444894,-15.545253731559567,2.2785567439684304,-8.07281165619364,2.769160123231981,-3.3671598870538646,-4.308394397637587,280.300155258564
438,26,5.774289208244086,-3.9690940001247697,1.8159936920860746,-15.543181526209159,2.2785555707349494,-8.067740087783415,2.7691628209973214,-3.3671640215865994,-4.3083778818312775,280.30014854542367
438,27,5.774291130562533,-3.969167037260354,1.8159899547024954,-15.556523594839433,2.278549646056954,-8.0737464767209,2.769164435100443,-3.3671610221863126,-4.308413618561723,280.30012396144855
439,0,5.77429130288598,-3.9690972941924096,1.8159981030411723,-15.532770267487061,2.278563788663918,-8.071896431887454,2.769151202196963,-3.367161005887746,-4.308374795601407,280.3001404022108
439,1,5.774289776098297,-3.969100953836451,1.8160017019262096,-15.5629914916352,2.2785528092793874,-8.070783808265112,2.7691521045985974,-3.3671582298021794,-4.3083880441055955,280.30014439169474
439,2,5.774290437871782,-3.969127954729894,1.816004304039497,-15.525299506146945,2.278553979623538,-8.074575998583473,2.7691725337490305,-3.367166735499091,-4.308413504539172,280.3001191940681
439,3,5.774290463535531,-3.9690981178870204,1.816001527991972,-15.551729608302672,2.2785523520279662,-8.068574957269789,2.7691572665429893,-3.3671593221461347,-4.308379477740749,280.30010565856117
439,4,5.77429020556589,-3.9691233253769744,1.8160016450562848,-15.537383664515364,2.2785567026011186,-8.072702953614794,2.7691656389208976,-3.367164144209283,-4.308411101985095,280.3001345008605
439,5,5.774290626975744,-3.9691145593258157,1.8160143256081185,-15.528486428304777,2.278552542545959,-8.071677180279789,2.769149821608002,-3.367162410468029,-4.308391402550974,280.3001211500139
439,6,5.774289384025595,-3.9690883014355727,1.8160175413081867,-15.545476052850974,2.278567939840529,-8.073415390199665,2.769164435922884,-3.3671641188613988,-4.308413789610975,280.3001425633737
439,7,5.7742894759629975,-3.969116450885208,1.8160040463274016,-15.548289038737673,2.278559237077385,-8.072567020483783,2.769152556871472,-3.3671582513385516,-4.308367850038561,280.30012579696654
439,8,5.774289935798725,-3.9691333423216406,1.8159821599626689,-15.536340456602069,2.2785643514952825,-8.07268894541431,2.7691658766517953,-3.367162592478225,-4.308403550843263,280.3001120539458
439,9,5.774289475607821,-3.969106983356879,1.8160221038596054,-15.537328480789332,2.278547517795002,-8.070780874532135,2.769156201383102,-3.367165203782423,-4.308401860684765,280.3001400963625
439,10,5.774289888812291,-3.9691333996211404,1.81602183698212,-15.559529707207059,2.278555613398663,-8.074156952668375,2.7691604273506774,-3.3671632293861693,-4.308419276531021,280.3001185301491
439,11,5.774291587965154,-3.969135208038681,1.8160014493259404,-15.507410367244605,2.2785606080902223,-8.0732653728291,2.7691659771984902,-3.367166062618566,-4.308404811900311,280.30013855586213
439,12,5.774290102552303,-3.969105163570387,1.816008564461793,-15.550316713650131,2.2785593767873684,-8.074602883855983,2.7691686135010976,-3.3671583125803988,-4.30840625885546,280.3001281574395
439,13,5.77429010670733,-3.969090632518028,1.8159986918279758,-15.550975359248625,2.27856028685055,-8.072241293745588,2.7691670883347177,-3.3671646606450287,-4.308407092504575,280.30012959409385
439,14,5.774291295749111,-3.9692027927998317,1.8160005870798475,-15.545167552433343,2.278553619994638,-8.069127210801293,2.7691544093031593,-3.367163522501368,-4.308375525245146,280.30013431637155
439,15,5.774291400791057,-3.969106832034287,1.8159841613685201,-15.51650014139692,2.278563121723091,-8.073335854849818,2.769159763395081,-3.3671611436884232,-4.308380464683625,280.3001303639856
439,16,5.774290539548155,-3.969138408224851,1.8159742062003648,-15.55346161103198,2.278557320278774,-8.067859279292103,2.7691492515570464,-3.3671564258481173,-4.308355574892688,280.3001288921113
439,17,5.774290715568672,-3.969139476843778,1.8160137840032984,-15.557037886953717,2.2785508714794673,-8.07310666264951,2.7691570073898744,-3.3671592220526403,-4.308400794995654,280.3001250614184
439,18,5.774290057986365,-3.9690852146990663,1.8160181680599359,-15.524647309363907,2.2785571305470973,-8.070413137260907,2.7691620021153716,-3.3671658819129067,-4.308403133148247,280.30012319009626
439,19,5.774290414377046,-3.9691045755960763,1.815993155676303,-15.547787463246932,2.2785615380993156,-8.072029333569056,2.769169110163782,-3.367163121976647,-4.308398252050774,280.3001218617861
439,20,5.774290723660919,-3.969231335154205,1.815977172148307,-15.564986586041504,2.2785534206616918,-8.068864491011743,2.7691571438857374,-3.367157167352241,-4.308351722070027,280.30012503708303
439,21,5.774290206917213,-3.969158981545128,1.816011517325484,-15.546470493236827,2.2785560916369207,-8.073184584997975,2.7691590703503244,-3.367160715838894,-4.308379558767661,280.30011525482155
439,22,5.774288797309549,-3.9691541704295323,1.8159987294415147,-15.560759639587756,2.2785512327114836,-8.067542038144106,2.7691553430611067,-3.3671579094589386,-4.308351762723095,280.3001378482243
439,23,5.774291454972695,-3.9691333845543304,1.8159937863033484,-15.540054821215572,2.27855542344595,-8.071511719130571,2.7691571917964612,-3.3671563138640317,-4.308371320591287,280.3001101891475
439,24,5.774290749511356,-3.969086768230493,1.8159934656803203,-15.549422633902607,2.2785580052962056,-8.071264569385772,2.769156639192118,-3.3671584604989198,-4.308384387753196,280.30011322140064
439,25,5.774290655145574,-3.9691240489364796,1.8159874912467524,-15.56907678291128,2.278554631967995,-8.069955912805957,2.7691547464503135,-3.3671551829673407,-4.308369810837826,280.30011554912295
439,26,5.7742896488636735,-3.969079812270036,1.8160035683172608,-15.552089314751976,2.27854875304819,-8.070635522493054,2.7691559613900503,-3.3671617669916785,-4.308395448022774,280.3001269608196
439,27,5.774289836297603,-3.969086540544223,1.8159916088868944,-15.548869741182191,2.278551046335457,-8.070581380515907,2.769154178537643,-3.3671621490183528,-4.3083912043673545,280.3001301218087
439,28,5.774290892475652,-3.9691660583365174,1.8159865867864395,-15.560732830285607,2.278559011906151,-8.073488151735313,2.7691665297364683,-3.367158073830037,-4.308397304537878,280.3001434383625
439,29,5.774290550925307,-3.9691564196099107,1.8159851652223085,-15.55161584508039,2.278554847095917,-8.07040516212091,2.769146271186198,-3.36715670246384,-4.308346613650291,280.3001459455035
440,0,5.774290364968676,-3.9691446611734964,1.816010561710968,-15.542575451345286,2.2785581317590355,-8.070212909204429,2.7691632513209647,-3.367163602457829,-4.308398826578795,280.3001160282268
440,1,5.774290259813827,-3.969142166355464,1.8160104021797039,-15.570379029363524,2.2785518451089555,-8.071666829359055,2.7691524138513883,-3.3671602633560807,-4.308399408677123,280.30011439670625
440,2,5.774288801831444,-3.969125879113731,1.8159979916868585,-15.555701596534584,2.2785589195298184,-8.070909557126331,2.769158625869559,-3.3671634669430786,-4.308393060522234,280.30013833860914
440,3,5.774290202842479,-3.969104988638173,1.8160204953912649,-15.55258779303275,2.278557320147445,-8.070548202315031,2.7691611134538903,-3.3671654996345115,-4.308404523186275,280.3001063118701
440,4,5.774290968718184,-3.9691128388439836,1.8159899669436854,-15.538542710546848,2.2785523218494794,-8.070004374871143,2.7691544763740126,-3.3671602114759995,-4.308383790171363,280.3001197963232
440,5,5.77429056219575,-3.9690995069480386,1.8160075271342402,-15.549153954319369,2.278549309027613,-8.070444276107265,2.7691695289092335,-3.3671615976259743,-4.30840193019712,280.3001198647342
440,6,5.774290886819572,-3.969122128211557,1.8160029035514684,-15.541831450922858,2.2785529529533006,-8.071351835972509,2.769151494513204,-3.3671583909316065,-4.308381365871061,280.30011866055264
440,7,5.77429083728057,-3.9691009128749326,1.816013405219064,-15.571982043818503,2.2785539988485817,-8.073725240476689,2.7691625509393787,-3.3671609917808643,-4.308406016240218,280.3001319433393
440,8,5.7742906010959665,-3.969118257875416,1.8160082838101022,-15.537513625484957,2.278557325094645,-8.070814290021474,2.7691681370991597,-3.3671606408288293,-4.308397875018535,280.3001401159223
440,9,5.7742907204424885,-3.9691493288186552,1.8160141674595474,-15.561963739647089,2.2785530510958067,-8.070161652379609,2.769156641025411,-3.36715846031587,-4.3083704574865545,280.3001135557821
440,10,5.774290839209643,-3.9691421728961385,1.8159993006651243,-15.563644142865733,2.278549566034601,-8.07090706801671,2.7691620889877804,-3.367154597581694,-4.308372406842739,280.3001414100492
440,11,5.774290527402897,-3.96913449430384,1.8160015803647824,-15.553462426084627,2.2785588007557243,-8.071374756975738,2.7691558188073793,-3.3671564096678,-4.30836151708347,280.30011045859646
440,12,5.774291538329367,-3.9691181520308993,1.8159863536133616,-15.544213789630797,2.278559678340584,-8.072671074881736,2.7691580366746256,-3.3671560120189414,-4.308374035286963,280.3001192925068
440,13,5.7742895416323625,-3.969077894914324,1.8159940216234005,-15.567122571467133,2.27855229468092,-8.070390449654248,2.7691668604778474,-3.367161073492438,-4.308392444514133,280.3001175637952
440,14,5.774290697157999,-3.9691359016385825,1.8159919260884358,-15.545928271395699,2.278565714898855,-8.073499228544394,2.769159822800718,-3.3671561645904666,-4.308375810629926,280.3001082383772
440,15,5.774291127896057,-3.969115308101161,1.8159935231667408,-15.532104376127116,2.2785589551202934,-8.07376129202816,2.769161992476633,-3.3671595215840373,-4.308392593808874,280.30012972725126
440,16,5.774290729209678,-3.9691103919929254,1.8159859737932,-15.54699205383242,2.2785563352717593,-8.070360872414424,2.7691573481860527,-3.367158145656527,-4.308372178091849,280.3001129444759
440,17,5.774290410248211,-3.9691259714342713,1.8160001707956208,-15.529558224368563,2.2785621638164746,-8.073158568356288,2.769160691010985,-3.367161483552838,-4.3083974082082745,280.3001082768022
440,18,5.774290288871623,-3.96909859101213,1.8159959431358412,-15.550910467483936,2.278562979906944,-8.070468600584682,2.7691600881825145,-3.3671591100553244,-4.308368462829902,280.3001100978999
440,19,5.774289717128878,-3.969103737754034,1.8160108542478948,-15.570992658647771,2.278558462722041,-8.070718336139844,2.7691563459375805,-3.367155823883503,-4.308370136231217,280.3001223271642
440,20,5.774290858681711,-3.9691282200755587,1.8160006891841332,-15.528529732436516,2.278558999692277,-8.070694075507786,2.769151932664175,-3.3671619844863767,-4.308381413678852,280.30012919842846
440,21,5.7742903571438635,-3.969099205565058,1.8159978231569693,-15.555830136447774,2.2785523069709397,-8.070124387313902,2.7691613450569617,-3.3671622301142206,-4.308395425812236,280.30012523206665
440,22,5.7742903098177045,-3.969109396419412,1.8159968785382496,-15.555905269691902,2.2785525769321286,-8.069433903229955,2.769149655213538,-3.367157662682662,-4.308366678169709,280.30013086088707
440,23,5.774290577501567,-3.969155013821061,1.8160137475534983,-15.538550778644126,2.278554718426107,-8.073018496390265,2.769164758694429,-3.367162691997648,-4.308395541016237,280.3001180198818
440,24,5.774290731564334,-3.9691014610804514,1.816009525641518,-15.528967878611105,2.2785519752018937,-8.070925104392652,2.7691607811395578,-3.367165898340548,-4.308393390186377,280.30010538154966
440,25,5.774291685586595,-3.9691355409554925,1.815995794259431,-15.540282344547347,2.27855688707946,-8.071109553708432,2.769154299571387,-3.367157399381267,-4.308371846563911,280.3001313467234
440,26,5.7742904547768985,-3.9691061386927906,1.8159785430754931,-15.557613464571494,2.278559394308232,-8.071717562265228,2.7691573347068243,-3.367154592013822,-4.308375289975114,280.30010139587426
440,27,5.7742903693206085,-3.969073814777281,1.8159863056002996,-15.537850250869283,2.2785593968749653,-8.070754080643882,2.769156595776198,-3.3671589309456462,-4.308388863340724,280.30011159002777
440,28,5.7742915446383165,-3.969156642878705,1.8160000668935443,-15.539311315728629,2.2785608627989733,-8.073434671571956,2.769162902095151,-3.3671612696152167,-4.308405961254068,280.30013815775095
440,29,5.7742906780424015,-3.969085693959993,1.815995327573362,-15.541780445919091,2.278553762618355,-8.073489158866085,2.7691681373292663,-3.3671583737492936,-4.308400031236969,280.3001373562612
441,0,5.774290174338258,-3.969094144873359,1.8159985783822463,-15.532935888554755,2.2785658784758724,-8.071225989451237,2.7691576099342097,-3.3671629667949934,-4.308385608254949,280.3001016015325
441,1,5.774290367793934,-3.9691042038245157,1.8160005651523903,-15.521369837178595,2.2785609258615445,-8.071657490981005,2.769154801573062,-3.3671628269662723,-4.3083824597289055,280.30010514694015
441,2,5.774289689343087,-3.9691280202171764,1.8160054085462047,-15.530383820741205,2.278561398685122,-8.071307346873644,2.769163648831267,-3.3671615350497377,-4.308371777608258,280.30011240359295
441,3,5.774290438804442,-3.9691483108583094,1.8159978667223224,-15.547529266109283,2.278553016753301,-8.069832056960733,2.769156276642556,-3.3671605592400486,-4.3083777236643925,280.3001037206995
441,4,5.774290867832344,-3.9691101026480533,1.8160021342962422,-15.544866897924322,2.278562729927081,-8.073092253635693,2.7691539548532873,-3.3671583068317195,-4.308388175802598,280.3001221992798
441,5,5.7742899380179775,-3.969096736499404,1.816004120127695,-15.563756516069681,2.2785635185782493,-8.073483891069714,2.7691576075859525,-3.367156547262736,-4.308380568444698,280.30010708933855
441,6,5.774289995451486,-3.969104283899151,1.8160098294096254,-15.53822703680209,2.2785568888676186,-8.071235637423605,2.7691516125848508,-3.367159753044053,-4.308382358263836,280.3001157968537
441,7,5.774290570340731,-3.969126555469491,1.8160037228825294,-15.538633248432676,2.27855682451255,-8.071612288942605,2.7691585145566173,-3.3671633414943654,-4.30840855441496,280.30011018219216
441,8,5.774290348110502,-3.9690861414525176,1.8159785168573557,-15.55063300095489,2.278559027276154,-8.07153383086882,2.769163621231823,-3.3671591230814357,-4.308390194827014,280.3001116661853
441,9,5.774290209946572,-3.969124850443524,1.8160044789004592,-15.552059889659382,2.2785516629251643,-8.071129220528437,2.7691565796786204,-3.3671605089634826,-4.308380986804616,280.3000922261469
441,10,5.77429132819074,-3.969104605984205,1.8160044716188355,-15.551228357238157,2.2785478377073356,-8.070799184513353,2.7691623313363567,-3.367159943492624,-4.308388426500968,280.30013171635113
441,11,5.774290384048651,-3.9691564731705284,1.8159880404416204,-15.542272396388924,2.2785581140237854,-8.074136985487682,2.769161987285783,-3.3671574086612224,-4.308384842834767,280.30013314351515
441,12,5.774290146480196,-3.969091474045644,1.8160149673851331,-15.549563777846855,2.2785562495990708,-8.071070237317448,2.7691554735976487,-3.3671614233892444,-4.3083757986878615,280.30011740633506
441,13,5.774289952661814,-3.9691290620433852,1.8159895291140313,-15.54446279368684,2.278560859076522,-8.070603674413436,2.7691570636060954,-3.3671596117796105,-4.308365933224407,280.3001160044509
441,14,5.774291514194722,-3.9691096179957737,1.815986072864524,-15.555991247391061,2.278563972416403,-8.071774583057204,2.7691601198795603,-3.3671564923999324,-4.308378263645229,280.300144785044
441,15,5.7742907188278565,-3.9690831764879135,1.815998220095499,-15.54344450992697,2.2785598455024756,-8.071953086411757,2.769153810478149,-3.367160765436995,-4.308386138837746,280.30012162036337
441,16,5.774289718994252,-3.9691095716524822,1.8160086469684873,-15.526699681946457,2.2785541848860493,-8.071722601759317,2.7691646703472466,-3.367168754719432,-4.308408883706082,280.3001242846508
441,17,5.774289958134768,-3.9690971260904493,1.8160228391050446,-15.548818670670286,2.2785575844741706,-8.072051778915185,2.7691598662385895,-3.3671622563454178,-4.308392440182086,280.30012633954254
441,18,5.77429052915841,-3.9691225459449977,1.8159933792460479,-15.54467411313749,2.278567663045982,-8.07438981387516,2.7691605295854487,-3.3671593469303476,-4.308402448907357,280.300133070315
441,19,5.7742904088075155,-3.969155603945379,1.8160051488432836,-15.543313543453118,2.2785587459619343,-8.072575179160683,2.769163237006393,-3.367162212734847,-4.3083916762021115,280.3001121959309
441,20,5.774291104319532,-3.9690715480194494,1.8160096312220309,-15.536832298477869,2.2785538405404835,-8.071238517905853,2.7691579259915318,-3.367160195847766,-4.308392699911332,280.3001215407968
441,21,5.77429102881119,-3.9691564289438417,1.8159892233974264,-15.541598396577044,2.27856669047299,-8.072498354896725,2.769156640280999,-3.367156957847105,-4.308379239701317,280.30011550386143
441,22,5.774289994640563,-3.9691052302443905,1.816004717717139,-15.54705900122261,2.278559861520712,-8.069662954573683,2.769157441488554,-3.367161646050722,-4.308376902558809,280.3001024124521
441,23,5.774290098077633,-3.96913337153566,1.8160014795421335,-15.557923708908953,2.278563473229777,-8.071209181332613,2.7691614314208497,-3.3671596850097067,-4.308369974362309,280.30010904727635
441,24,5.77429106784957,-3.9691617366404515,1.8159784262831846,-15.569635855503886,2.278556407912774,-8.070353997451884,2.7691440327857233,-3.3671525412513796,-4.30835703279082,280.3001286986672
441,25,5.774290755067521,-3.969104964177382,1.8159926510183753,-15.55552038624822,2.278556628898672,-8.071209703644314,2.7691624810348414,-3.367157680600208,-4.308389937492443,280.3001305451458
441,26,5.774291137617486,-3.9691220334588992,1.8160050148214621,-15.55439842122437,2.2785582373640443,-8.073409848906573,2.76915957255567,-3.3671579696075433,-4.308387200243242,280.30012787664225
441,27,5.774292146016444,-3.969115848926201,1.8159935885001568,-15.545788373609305,2.278562292761397,-8.074408188682318,2.7691713830340734,-3.3671590079923037,-4.30840062445067,280.30013885809797
441,28,5.774290542992522,-3.9691238716500856,1.815992206990269,-15.55281043907969,2.27856235603752,-8.069819200190636,2.769162137829514,-3.3671647204183817,-4.308378728472813,280.30013459181026
441,29,5.774290917233335,-3.9691435573785983,1.8159846957763168,-15.5434826500529,2.278560475093484,-8.072826766297934,2.769160117936642,-3.3671569780436914,-4.308383126602887,280.3001432067693
442,0,5.7742901343757085,-3.9691062210749224,1.816008347106276,-15.538542203274453,2.2785633546978845,-8.070720049108878,2.7691621484339626,-3.3671621679269963,-4.308391429422275,280.30011115207645
442,1,5.774290820747378,-3.969121745693219,1.816000826759081,-15.54208932390455,2.2785536942034335,-8.07003665656174,2.769153723146467,-3.3671584438951276,-4.30837120021258,280.3001274855419
442,2,5.774290952294866,-3.969097874110651,1.8159983724501103,-15.555581388920496,2.278552689613633,-8.070240510344403,2.769152316189645,-3.367159254378648,-4.308392790293538,280.30013734476734
442,3,5.774290902577003,-3.969141148885443,1.8160051173491967,-15.548690946352718,2.278551654730329,-8.070734274114205,2.7691538234560182,-3.367161080610946,-4.3083716650717,280.3001090335273
442,4,5.774290659192787,-3.9691333223771625,1.8160026496433166,-15.523331840076429,2.2785590924330763,-8.072374383574642,2.7691658936064214,-3.367164065871154,-4.308401381730017,280.300124480466
442,5,5.774290408611616,-3.9691086755154985,1.8160080721258645,-15.5454633984138,2.2785668875323832,-8.071996135413686,2.769156332131716,-3.3671612182135995,-4.30838330337781,280.30011195479244
442,6,5.774290857111737,-3.9691240181154286,1.8159965017655908,-15.54162623867905,2.278555226630851,-8.071437568386122,2.7691628816977127,-3.367161381319108,-4.308386731220779,280.30012451193585
442,7,5.774290212605485,-3.969089675406011,1.8160064590811247,-15.562172753869998,2.278554763438903,-8.06999340179616,2.769150049988627,-3.3671552218017866,-4.308363944412489,280.3001301057436
442,8,5.7742908667983635,-3.969157387088455,1.8159835629832166,-15.547613933139804,2.2785646591810282,-8.070141143952691,2.7691533999066382,-3.367158289995484,-4.308369273364461,280.3001210858869
442,9,5.774290569825095,-3.969088363865915,1.8160011109546883,-15.550568433534512,2.2785628470876533,-8.068588542687117,2.7691523792129256,-3.367162404021026,-4.308373645970178,280.3001202958293
442,10,5.7742897332570395,-3.9690980291960685,1.8160093522640113,-15.53719148523063,2.27855608477039,-8.072704184337042,2.769161860011098,-3.3671645286090572,-4.308391362885057,280.3001227452999
442,11,5.774290542211517,-3.969082927976138,1.8159912741313897,-15.54602533196476,2.278558430252424,-8.070685195333638,2.76916336443183,-3.36716052582475,-4.308390433283874,280.3001246670396
442,12,5.774290553583207,-3.9691273878993956,1.8159737148667598,-15.554297125421723,2.278556861154725,-8.07021809445721,2.7691487284004306,-3.3671547836870594,-4.308349923651719,280.30012420618533
442,13,5.7742899245912245,-3.9691151952413946,1.8159788099352128,-15.551019553236888,2.278568498494685,-8.070195235841808,2.7691563391540055,-3.3671560363128203,-4.308355352653789,280.3001177958311
442,14,5.774290794602245,-3.9690735938515784,1.8160145191068962,-15.54407644074066,2.278560952022867,-8.069925244137863,2.769160259779679,-3.3671637566156822,-4.308388212895986,280.30013291581736
442,15,5.774290349164425,-3.9691158656958647,1.8160001280998186,-15.546696014057106,2.2785665733152305,-8.068233097368397,2.7691540101433567,-3.3671604762440017,-4.308364515629465,280.300126641992
442,16,5.774290028729447,-3.9691215946893985,1.8159910303126094,-15.554716338826577,2.2785576011319364,-8.071233091483988,2.7691552262844006,-3.3671604052284367,-4.308391814867393,280.3001090125889
442,17,5.774290363632359,-3.9691031594426,1.8160106163312402,-15.540313764205505,2.27856362753891,-8.07132262246683,2.769156341842851,-3.367159832485737,-4.308382374415663,280.30011544491754
442,18,5.774289291067569,-3.9691560693671777,1.815990198801861,-15.54938004215501,2.2785622195561928,-8.07012316967081,2.7691490086495665,-3.367153870997519,-4.30834929995637,280.3001382096165
442,19,5.774289924371647,-3.9691107917063575,1.8160075860482585,-15.558539736482308,2.278558532405142,-8.070389975152496,2.7691591536702345,-3.3671584755785307,-4.30837566143871,280.3001179604573
442,20,5.774290898548338,-3.969093803303614,1.8160047650579165,-15.524302657794339,2.278559460166429,-8.071740989845432,2.7691578226336766,-3.3671620177710984,-4.308388081804824,280.3001073113975
442,21,5.774290117452743,-3.9691308327766004,1.8159919017836204,-15.537798505820842,2.2785627230574605,-8.073399465001451,2.7691557323912717,-3.3671594028585408,-4.308386462860096,280.30011683947544
442,22,5.774290454388119,-3.969083460204275,1.8160034176583202,-15.552523747285072,2.278559337229164,-8.072818420494603,2.7691644559736552,-3.367158533918929,-4.308399880037286,280.30011945840045
442,23,5.774290551385418,-3.9691203294187045,1.8160102326669882,-15.531643686021956,2.2785596771120096,-8.071475019012196,2.76916738569728,-3.367168250445326,-4.308404598887909,280.30012665326484
442,24,5.774290255636367,-3.96912351369571,1.8160186991733458,-15.524406255698631,2.2785566953071155,-8.07084045667909,2.7691611574188375,-3.367165531857005,-4.308397646306014,280.3001151669506
442,25,5.7742899869326125,-3.969121338495598,1.816006697594719,-15.547487799553217,2.278555862867016,-8.07128548813764,2.7691573175170374,-3.3671599227889026,-4.3083821675618195,280.3001137279656
442,26,5.774290229918457,-3.9691248772638748,1.8159962319404814,-15.54940851943615,2.2785605275606513,-8.07119466153312,2.7691593410059365,-3.3671592418839156,-4.30837741453664,280.30010776347194
442,27,5.774290076798412,-3.969126618736352,1.8160072908688556,-15.531486333121679,2.2785594288336877,-8.072726748117843,2.769154946905384,-3.3671615399653048,-4.308383204804624,280.30011813980883
442,28,5.774288648836842,-3.9691142359065448,1.8160026527937747,-15.551967201995962,2.2785569263234455,-8.069638016665454,2.7691570545280926,-3.367159429960767,-4.308377600990757,280.300153687141
442,29,5.774289738661635,-3.9691109590761418,1.8160057191458583,-15.552863416682326,2.2785599107015466,-8.07049561485466,2.769163637492398,-3.367164861765169,-4.308383872674476,280.3001243239904
443,0,5.7742902018118984,-3.9690954713806565,1.8159980623384349,-15.548199298823763,2.278558736203425,-8.06978184972146,2.769159865935494,-3.367162907615082,-4.308386421667378,280.3001141082191
443,1,5.774290376083076,-3.9691318891581777,1.8159932979290019,-15.548483534689614,2.2785584865385227,-8.070635269373987,2.7691541258703505,-3.367159259584923,-4.308376728101057,280.3001155565565
443,2,5.774289944866442,-3.9691200213597306,1.8160070258566994,-15.539339129117781,2.278563863556831,-8.072427975041595,2.7691565415981056,-3.367161112166881,-4.308390869949754,280.30011061497294
443,3,5.774290101677722,-3.9691010738624466,1.8160087199056183,-15.566393997581656,2.27856154621194,-8.070879571388335,2.769156764957778,-3.3671585664945267,-4.308379740937913,280.3000993410303
443,4,5.774290608085693,-3.9691118934107603,1.8159901372839435,-15.537808339397047,2.2785640205128326,-8.072947529481189,2.769163336874235,-3.3671615698654014,-4.308404645479711,280.30011451541094
443,5,5.774289897031587,-3.9691035076564374,1.8160127730592692,-15.546144542830167,2.27855593674709,-8.070228388886195,2.7691572442028307,-3.3671635978382812,-4.3083897438241845,280.3001210449056
443,6,5.774290298232531,-3.969116061393582,1.815990895061336,-15.559788116500515,2.2785527693771823,-8.07074756216139,2.769160390122026,-3.3671598012746373,-4.308385942081355,280.3001129061471
443,7,5.774290354135598,-3.969094816074851,1.8160103480157352,-15.51867452940722,2.278562917311413,-8.074145983020376,2.7691630253723947,-3.3671632145389494,-4.3084023207913535,280.3001177683314
443,8,5.774290132606377,-3.969091969878704,1.8160069820248772,-15.546631398900555,2.2785597963201285,-8.073690870117517,2.7691636469266587,-3.367161092023168,-4.3084112268443855,280.3001128799251
443,9,5.774290535134712,-3.969152553120844,1.815993422115859,-15.546291513489548,2.2785575540579477,-8.070137924570966,2.7691538056380476,-3.367158025165591,-4.308371543630243,280.3001246012261
443,10,5.7742896719906085,-3.9691219941212648,1.816004091116098,-15.533813214821459,2.278562016415181,-8.069631998470994,2.7691562713405946,-3.3671624163794034,-4.308374190261226,280.3001187724923
443,11,5.774289837226534,-3.969084798978686,1.8159990136607722,-15.554195130074536,2.2785585629714715,-8.07271841301115,2.7691636479863018,-3.367159055422789,-4.308384764583196,280.3001221092569
443,12,5.774290507945629,-3.969108397882282,1.816003650959061,-15.541848439842385,2.2785623819809566,-8.07208094953855,2.769159575949697,-3.36716088359634,-4.308389517251,280.30010154422655
443,13,5.774290254542354,-3.9691259239485825,1.816006592655927,-15.532823739384233,2.278563550298157,-8.072540997309366,2.7691669919559256,-3.3671627797749095,-4.308393788157206,280.3001268998863
443,14,5.774289920488976,-3.9691139313799724,1.8159929146871028,-15.55293989952389,2.2785599139346426,-8.071224455985487,2.7691535441407673,-3.367156984522423,-4.308370420817219,280.3001210127135
443,15,5.774290723755634,-3.9691375714382002,1.8160031379075423,-15.549985304310283,2.2785537986580997,-8.070443166732552,2.769148941127558,-3.3671584476674705,-4.308380578984793,280.30011103257726
443,16,5.774291477557322,-3.969116285025225,1.8159977300968488,-15.532326510010671,2.278553169349186,-8.070340067834206,2.769152702336347,-3.3671611879580174,-4.308378339902858,280.3001205079492
443,17,5.7742905390328465,-3.9691434708612126,1.8159995668430016,-15.52381941005235,2.2785590948728776,-8.070388695274104,2.7691583301622633,-3.367163138422441,-4.3083841935560345,280.3001252743282
443,18,5.774290565251555,-3.969118876185444,1.8159978314417782,-15.547383009156855,2.2785614082877275,-8.071324552100586,2.769158714671844,-3.3671599904091836,-4.308380450676166,280.30012175062274
443,19,5.774291063141027,-3.9691327193199233,1.8159881666099362,-15.527024665256683,2.2785585283650316,-8.070549447983984,2.769154315969192,-3.3671603729230846,-4.308384863586615,280.30011534938507
443,20,5.774290199048905,-3.9691109409016456,1.8160108121884007,-15.542896942409909,2.2785645629757822,-8.07047733318985,2.769162495496519,-3.3671629200356823,-4.30838725995467,280.3001148290649
443,21,5.774290818388628,-3.9690949814249277,1.8159904461815803,-15.534602937475894,2.278553428492989,-8.07241633376312,2.769155254840232,-3.367158763989531,-4.308382180406247,280.30011478648856
443,22,5.774290177111123,-3.969083203220649,1.816007602503196,-15.532269560015033,2.278558060345239,-8.072176016364075,2.769159006716782,-3.3671630330429685,-4.308401111978904,280.3001156984969
443,23,5.774290362878778,-3.9691253904627994,1.815995041106617,-15.536596163316998,2.2785596931248224,-8.069923275061214,2.7691533583433534,-3.367160390634653,-4.308377810206478,280.30013055774094
443,24,5.7742906182604985,-3.9691427227599183,1.8160080941943013,-15.542404620569986,2.278556033076325,-8.073012874097651,2.769152505703168,-3.367161441794819,-4.308402791235938,280.30011577587106
443,25,5.7742901103953015,-3.9691341655759924,1.8160125913012817,-15.540868807917139,2.2785541871529964,-8.07083769182535,2.769159449617157,-3.367165159056078,-4.308399829873148,280.3001170174098
443,26,5.774290853604621,-3.969119471003069,1.815993160089093,-15.530662127701877,2.278557143281441,-8.069449316636266,2.769153830224604,-3.367160528268467,-4.308381787973217,280.30012223381925
443,27,5.774289817721839,-3.969132468235678,1.8159938978625823,-15.536040944548356,2.2785614337117166,-8.072249691002485,2.7691587649144647,-3.3671608165167544,-4.308381498500075,280.300113465232
443,28,5.774291041035918,-3.9691016910598456,1.815991988474256,-15.539716131227431,2.278555039365378,-8.070398908879046,2.76915909247895,-3.367160787181303,-4.308382311487073,280.30013110521634
443,29,5.774290607983636,-3.969110432376888,1.8159965455019549,-15.530829640543098,2.2785552497512356,-8.070579203746789,2.7691565249035768,-3.3671622911504047,-4.308386161927752,280.3001088387348
444,0,5.774290026056823,-3.969104138676571,1.8160050826835321,-15.54946360601787,2.278563853614996,-8.072343380720314,2.769156191827574,-3.3671607295502204,-4.308391349985893,280.30011481320963
444,1,5.774290168143963,-3.969107770716226,1.8160177041044563,-15.540163546322441,2.2785591057043266,-8.07151819992115,2.7691590223037883,-3.3671626965098715,-4.308386640230435,280.30012504242285
444,2,5.774290094032805,-3.9691057519406425,1.8159945439979193,-15.54656719620414,2.278561129725809,-8.070749377556846,2.769161089108206,-3.3671602777180287,-4.308386869729314,280.3001115639902
444,3,5.774290826973895,-3.969108493147741,1.8160100220801607,-15.546660793017534,2.278555050063933,-8.071876904836792,2.769158094566042,-3.3671621675566628,-4.30840552959703,280.30011579044674
444,4,5.774290318513421,-3.9690719659485696,1.8160057608494702,-15.527729450402726,2.2785686466735298,-8.074126698763186,2.769164611526634,-3.367164576762188,-4.308409469316548,280.30011607167023
444,5,5.77429041749501,-3.969086948064853,1.8160068995073204,-15.542764175741542,2.278567069412275,-8.073378823027722,2.7691688098054734,-3.367163338354993,-4.308422584688643,280.3001444342232
444,6,5.774291275378738,-3.969111377311557,1.8159969484803358,-15.552137001503562,2.27855825684022,-8.072243888298166,2.769159009095865,-3.3671573429498176,-4.308389135767497,280.30011508161203
444,7,5.7742907958172776,-3.969090252264113,1.8160020323828334,-15.550694127844743,2.278556819502599,-8.0714885310739,2.769154492998696,-3.367158830105625,-4.308390297526839,280.3001190492863
444,8,5.774290023831177,-3.9690963417645486,1.8160037129890714,-15.542134734799282,2.278556774209773,-8.071453882288612,2.769156348147962,-3.367162133670852,-4.308388185479114,280.30011024661405
444,9,5.774290287712094,-3.969106990690867,1.8159992587198275,-15.541234138885835,2.2785561028954913,-8.07143334315005,2.7691619949346444,-3.3671621239088183,-4.308398344079788,280.3001199959231
444,10,5.774289888418258,-3.969145529933205,1.8159907293553308,-15.567306842762555,2.2785598509177225,-8.070605599268672,2.7691544325674244,-3.367157239767347,-4.3083772139477885,280.3001131496308
444,11,5.774290128909182,-3.969114197201508,1.8160092241234447,-15.548482412840405,2.2785628147443684,-8.071855316669403,2.76915511730757,-3.3671609331597603,-4.308376682532634,280.3001176699706
444,12,5.774290087788567,-3.9691101385233387,1.8160257452551303,-15.557655689724676,2.2785584207625202,-8.070912923394442,2.7691524455540364,-3.3671602280180704,-4.308378928116126,280.3001422461512
444,13,5.774291155855985,-3.9691124949644077,1.8160058063415776,-15.54662814840397,2.2785596336083946,-8.071903704928978,2.7691618963134683,-3.367163919982683,-4.308410893201875,280.30012520917563
444,14,5.774290287706618,-3.9690982171089995,1.815999705046374,-15.54086394820511,2.2785603255083946,-8.072046027015363,2.769161507604764,-3.367161358803296,-4.308397167939952,280.30011051626474
444,15,5.774290618021327,-3.9690953215885507,1.8159971843902354,-15.547287418652344,2.27855664006232,-8.070568677796421,2.769159561298852,-3.3671613267155647,-4.308378752060869,280.30012006642636
444,16,5.774290518740264,-3.9690996002780676,1.8159972436573677,-15.548935135536711,2.278561939912209,-8.071975867268884,2.7691593374750334,-3.3671578027520694,-4.308389554724318,280.3001215244086
444,17,5.774290315021065,-3.9691229357250504,1.816012558027335,-15.54472944853166,2.278557234661073,-8.070890719264165,2.7691586382099174,-3.3671656946831816,-4.308398254329913,280.30010617667654
444,18,5.774290042852303,-3.969125976386987,1.816012698049048,-15.554204740190427,2.2785558203835103,-8.071760726029785,2.7691550843820014,-3.3671603310604814,-4.308381982108531,280.3001077084008
444,19,5.7742903381254145,-3.9691226164063798,1.8160157017810976,-15.550846419241543,2.2785624096457413,-8.070237687223331,2.7691528011391173,-3.3671599359006836,-4.3083782983407914,280.30012821065253
444,20,5.774289821668101,-3.9691200134865814,1.815994558490672,-15.555986892004503,2.278563347023278,-8.070868026546695,2.7691563593032713,-3.3671596797190806,-4.308385961130457,280.30010440995517
444,21,5.774290544895657,-3.969131814747214,1.8160038819510453,-15.553482402550065,2.2785588540326795,-8.072866292030653,2.7691618782232004,-3.3671604070596173,-4.308395024565489,280.30010525657985
444,22,5.774290146877718,-3.9691284625592362,1.8160080674861663,-15.551465092136237,2.278555073786899,-8.071568786670152,2.7691575947906695,-3.367162123752313,-4.308394226901517,280.30010476882313
444,23,5.77429027828619,-3.9691160949297317,1.8160050056302295,-15.549098230248616,2.278560534793401,-8.07153381622387,2.7691529387540954,-3.367158745479308,-4.308378397652045,280.30010316643364
444,24,5.774290500942731,-3.969113865048898,1.816008482562877,-15.545675604257628,2.2785631237644797,-8.071610998727488,2.7691564128681394,-3.3671588744559444,-4.3083827088256,280.30010755637943
444,25,5.774290403748373,-3.969107942243353,1.8160018807833487,-15.541148907928259,2.278565907856561,-8.07280979141445,2.7691543252278397,-3.3671606313380193,-4.3083915855347374,280.3001239313453
444,26,5.774290398646555,-3.969088595995783,1.816012044592475,-15.543481259124746,2.278562340500496,-8.07268140108481,2.769160090285068,-3.367162426423317,-4.308397730550245,280.3001198171312
444,27,5.7742901233411255,-3.9691260625660494,1.8160101063124314,-15.53790449375143,2.2785632057984193,-8.072610433358525,2.769162846383013,-3.367162978882722,-4.308393423207774,280.3001119191624
444,28,5.774290377920093,-3.9691007444668025,1.8159989350191763,-15.543792245713515,2.27856202044742,-8.071537042755285,2.7691609849527308,-3.367160557954162,-4.308392499620245,280.30012173407084
444,29,5.774289900275383,-3.9690913836101624,1.8159905572816017,-15.559466211875085,2.2785529564185394,-8.071098162693717,2.769161689158496,-3.367161037879338,-4.308395967240069,280.3001148771067
445,0,5.7742904903138745,-3.9691056990129683,1.8159986182368295,-15.541644624590981,2.2785559989465183,-8.071140444611862,2.7691526717447057,-3.367161378835811,-4.308388251822403,280.3001283348804
445,1,5.7742906569559445,-3.9691296082552894,1.8160080605075546,-15.55525055229016,2.2785614471255617,-8.073549854208876,2.7691537847476133,-3.3671577938998527,-4.30838806657923,280.3001090800926
445,2,5.774290309497685,-3.969122445209402,1.8159987643487956,-15.552546410946423,2.2785619709373783,-8.072863085409727,2.7691564737344536,-3.367158983980071,-4.308381155431305,280.30010333663654
445,3,5.774289958977927,-3.9691289593857384,1.8160058828576016,-15.559432997793428,2.2785636660462556,-8.071003824548498,2.7691595393357686,-3.3671608694164363,-4.3083927757122735,280.300104436197
445,4,5.7742900435705256,-3.969105170081348,1.8160088550680478,-15.54981578962435,2.2785619428715886,-8.07141086216007,2.7691628788922933,-3.367162267414673,-4.308398706771071,280.300107303962
445,5,5.774290110111678,-3.969110746892269,1.8160037684548875,-15.548595235973915,2.2785593275190386,-8.070715716272439,2.7691546536856273,-3.367159478256087,-4.308378949015262,280.3001019189108
445,6,5.774289806414041,-3.9691308680031634,1.8160072880979423,-15.55178036036855,2.2785618783669745,-8.07119724340612,2.76915607434776,-3.367158120139206,-4.308379336287144,280.3001146795415
445,7,5.774290094198348,-3.969135199888992,1.816009508946123,-15.546448935586717,2.2785626783187345,-8.071372509970452,2.769155679510628,-3.3671630141568256,-4.308392150755773,280.30011262690664
445,8,5.774290620916232,-3.969144316080372,1.8160043472506295,-15.547184822427683,2.2785556814492156,-8.070519595995465,2.769156127745851,-3.3671616388060883,-4.3083883577321025,280.30010539207007
445,9,5.774290202546983,-3.969133709795017,1.8160182747134666,-15.551061574928097,2.2785536391187127,-8.07161038921599,2.76915867162412,-3.367164984744555,-4.308401715402228,280.30012156766014
445,10,5.77428981751445,-3.9691442202871405,1.8160095503428384,-15.552097497787388,2.2785629397919935,-8.073040839185715,2.7691552292248383,-3.3671605660250803,-4.3083899001981365,280.3001165981082
445,11,5.774290072682668,-3.9691215263525885,1.8160046008228257,-15.537366382262059,2.278557340827929,-8.070166650725092,2.7691589365899727,-3.367164913459884,-4.308384788999006,280.30009917045186
445,12,5.774290197452137,-3.9690739055022264,1.8160054955287983,-15.547532803461676,2.2785622830413947,-8.0724620235715,2.7691625341577133,-3.3671614683087268,-4.308402474927733,280.3001013557996
445,13,5.7742907290458625,-3.9691109745209054,1.8160002705856537,-15.55426418297757,2.2785618064666386,-8.071557743362515,2.769157632168571,-3.3671591463619404,-4.308387331100465,280.30010464244583
445,14,5.774290559728455,-3.9691179722049497,1.8160168505030885,-15.541153060847796,2.2785564797733557,-8.073187494074158,2.769163276168394,-3.3671616843398415,-4.308406338931925,280.3001201137263
445,15,5.774290909145534,-3.969121439242595,1.8160116374309985,-15.539156779246493,2.278554450844767,-8.071349878546993,2.7691584068644044,-3.3671600918145552,-4.308386964459061,280.3001220437741
445,16,5.774290280571557,-3.9691040907860686,1.8160030227621733,-15.555530549941261,2.2785576013792928,-8.07026440818022,2.7691560758383496,-3.367160590491196,-4.308387425187749,280.3001008818796
445,17,5.774290001585937,-3.9691233028062047,1.816015707375122,-15.556012980100352,2.278549166410604,-8.07075454007299,2.769151805695491,-3.3671615161819775,-4.308385626093643,280.30012319072927
445,18,5.77429008604764,-3.969115947406688,1.8160042479070893,-15.55770504539499,2.278555022496568,-8.070514817069197,2.769151337091829,-3.3671618065543045,-4.308380053722094,280.3001132537546
445,19,5.774289738036564,-3.9691151998051435,1.8160086151898747,-15.566158412052978,2.2785622879740846,-8.072511139391048,2.769155473406844,-3.3671612955647543,-4.308396839823409,280.300137288984
445,20,5.774290503089394,-3.9691182764992385,1.8160005294848938,-15.529716155773755,2.2785630320480403,-8.070658486865549,2.769154651141453,-3.3671616073350004,-4.308385313044265,280.3001272376524
445,21,5.774290241516204,-3.969122080645637,1.8159920378261643,-15.565407064608902,2.2785554169285933,-8.070118332529953,2.769157015427304,-3.367159856088251,-4.308388609386687,280.30011003490955
445,22,5.7742900799808785,-3.9691261718838864,1.8160096182154915,-15.55568890425767,2.2785582753291407,-8.074076529315176,2.769168500058053,-3.36716014259219,-4.30841218076724,280.30012211296264
445,23,5.77428997178084,-3.969142739035939,1.8160075049250513,-15.539773312452809,2.2785606171493207,-8.072904521598522,2.7691593673496793,-3.3671620589270277,-4.308385911656939,280.30010970451235
445,24,5.774290229084806,-3.9691103608446094,1.816009515804137,-15.558582590439995,2.278557754664219,-8.070991784269411,2.769158792934048,-3.3671635064511256,-4.308398311209154,280.30011322274754
445,25,5.774290460256445,-3.96911314317825,1.8160138182482892,-15.538031824248424,2.2785603722603853,-8.073041550039857,2.769161736081483,-3.3671625230746356,-4.30840030817121,280.3001214331528
445,26,5.7742900785650635,-3.969125356361166,1.8160167393869235,-15.541707513307596,2.2785605921240193,-8.071465766805414,2.76915389616932,-3.3671637504871605,-4.308382796454571,280.30012957329797
445,27,5.7742903683270335,-3.9691099379642316,1.8160095330014734,-15.548248468191021,2.2785592084555875,-8.072359592265732,2.769156459427274,-3.367160361371191,-4.308393603953458,280.3001080610535
445,28,5.774289835991437,-3.9691203822967767,1.8160078271991922,-15.55598492827618,2.278559246681504,-8.072789689571108,2.769158345026098,-3.3671617852660334,-4.308395825179772,280.300115016327
445,29,5.774290586728047,-3.9691134999326643,1.8159971805494617,-15.5530265986372,2.2785535264367036,-8.071895029450438,2.76915914053051,-3.367159445866413,-4.308393074743074,280.30012389969914
446,0,5.774290003039976,-3.9690964658416514,1.815990718951541,-15.525979706427512,2.2785623634058303,-8.07221942461681,2.7691645618707423,-3.3671628183206015,-4.308397473074503,280.30010581019997
446,1,5.774290185475741,-3.969133328469292,1.8160012582774565,-15.552032110064843,2.2785601448927006,-8.071168918543577,2.7691578018664647,-3.3671603638464647,-4.308380913724582,280.3001069510409
446,2,5.774290319955625,-3.969107281551205,1.8160111990932888,-15.547883872827214,2.2785620016340955,-8.071252495567505,2.769159940218386,-3.3671631500295196,-4.308396934126151,280.3001173158193
446,3,5.77429064646878,-3.9691121128743094,1.815995880067426,-15.532974459737822,2.2785654497441064,-8.07139498007442,2.7691567415151566,-3.3671614695423155,-4.308382716783239,280.3001128421055
446,4,5.77429023020114,-3.96909503436503,1.8160106380266952,-15.540001115691878,2.278558121847471,-8.072549952469988,2.769163503260522,-3.367163299735631,-4.308407711440773,280.3001138331747
446,5,5.774290745233758,-3.969105894172001,1.8160040866821685,-15.555033123372313,2.2785604454446364,-8.071224661830565,2.7691600503304183,-3.367159775378434,-4.30838948659746,280.30011477744404
446,6,5.77429066757369,-3.9691058663331265,1.8160047507448713,-15.541649304947589,2.278563544777247,-8.071165655412823,2.769163599320783,-3.36716156891479,-4.308395289844543,280.30010637827775
446,7,5.774289716465545,-3.969095846116888,1.8160052681104701,-15.555933060504882,2.2785652535878875,-8.070744617604456,2.769158873486032,-3.367159751647171,-4.308382619301233,280.30011455122224
446,8,5.774290188247864,-3.9691424230599868,1.8160070414184266,-15.552931809437748,2.278558319351705,-8.070920508230806,2.76916097130342,-3.3671638361256977,-4.308397047398649,280.3001019015495
446,9,5.774290397197632,-3.969112941077868,1.8160091215643703,-15.549619447508174,2.278559054968281,-8.069958911495304,2.769156413366692,-3.3671607869822635,-4.308380901155118,280.3001152868175
446,10,5.774289946882465,-3.9691028913481663,1.816000001036039,-15.543040109544705,2.278561999696609,-8.07040801598754,2.7691572529915867,-3.367162964181823,-4.308387052789713,280.30012204235277
446,11,5.774290606410737,-3.969104090675704,1.8160023804611332,-15.553432542025813,2.2785609931206103,-8.07241196398336,2.7691623768496716,-3.367159683005246,-4.308395992884093,280.3001155893953
446,12,5.774289866195685,-3.9690868085319333,1.815999671360405,-15.560470487949233,2.2785614687268367,-8.071055005015863,2.7691546593419285,-3.3671582142470324,-4.308386077396892,280.30012802476165
446,13,5.774290049973255,-3.96916768460863,1.815996684255784,-15.5591990863019,2.27856209401734,-8.072104581920183,2.769154696366617,-3.367159467529339,-4.308384645464134,280.3001159826489
446,14,5.774290346335134,-3.969104980594349,1.8159962690513356,-15.547760911991418,2.2785657551051917,-8.070507100325512,2.769157664468326,-3.367159635612792,-4.30837771027491,280.30009983858724
446,15,5.774290255595869,-3.969113077108817,1.8159969062052486,-15.534733470835862,2.278561004682527,-8.071196545944956,2.769160239177431,-3.367162478830864,-4.3083923615066295,280.30010636653265
446,16,5.774290480089718,-3.969119252076575,1.8160043190007487,-15.544835966941095,2.278560177151923,-8.071333106297155,2.7691537774675115,-3.3671614262895244,-4.308386363524147,280.300111504375
446,17,5.774290187227028,-3.9691013986539017,1.8160040285547612,-15.546983669663597,2.2785569974284408,-8.0721660253309,2.7691608477649727,-3.367161340741948,-4.308395685719573,280.3001013365938
446,18,5.774290419656474,-3.9691310723805144,1.8159954064759154,-15.548131396493513,2.2785561429705568,-8.071469117794521,2.769156944174292,-3.367161891851639,-4.3083865857715065,280.3001229817687
446,19,5.7742905138327565,-3.9690906119631135,1.815994946506584,-15.539899874662416,2.27855828441915,-8.071320544730888,2.769163216437142,-3.3671627335937173,-4.308400424068011,280.3001297281643
446,20,5.774290142505933,-3.969115046964468,1.8160082302490665,-15.546422246884772,2.2785594262610447,-8.072136386309099,2.76915976424242,-3.3671608690757524,-4.308391331439449,280.3001161392965
446,21,5.774290364698303,-3.9690997832559,1.816007365326182,-15.549093524296218,2.278555686970857,-8.07121346589154,2.7691585987667184,-3.3671624883161346,-4.308403500663008,280.30011065830354
446,22,5.774289783264629,-3.9691242293480937,1.8160128164712974,-15.552838455467912,2.278559821306504,-8.071329699955886,2.769163157368141,-3.3671650782831124,-4.308402938226087,280.30012502163385
446,23,5.774290245989877,-3.9690822501835354,1.8160061525003306,-15.562923720033837,2.2785575713637565,-8.070906104905598,2.7691597141923108,-3.367161093797188,-4.30839328599819,280.3001024673842
446,24,5.774290614544144,-3.9690949618778975,1.816007703149424,-15.546649860083372,2.278564878055262,-8.072851498769689,2.769160025376523,-3.36716059719146,-4.308400614468229,280.3001085097297
446,25,5.7742899403155175,-3.969120602056043,1.8160069536868644,-15.548014422585462,2.27855918800681,-8.071106073430085,2.769157474392455,-3.3671624242191474,-4.308389767416007,280.3001108304412
446,26,5.7742904191852835,-3.969123769262025,1.8160063168898657,-15.543247165166646,2.278558456454335,-8.072715520814237,2.76915978049509,-3.3671622971860105,-4.308408600571805,280.30011146632114
446,27,5.774290050559643,-3.9690930914532645,1.8160089225127223,-15.539698031492867,2.2785587954494946,-8.071321880926362,2.7691604161170473,-3.3671639338714963,-4.30839919022781,280.300105854444
446,28,5.774290291757881,-3.969096606449802,1.8160058950966569,-15.557255749631562,2.2785554686949254,-8.070363566148641,2.7691574828565204,-3.3671602958650277,-4.3083917092403246,280.300093704082
446,29,5.774290720027196,-3.969117038863195,1.8160052805404625,-15.546404334661315,2.278560840840813,-8.071151798711783,2.7691592507585163,-3.3671605812904044,-4.308384938812112,280.3001077127216
447,0,5.774290668037956,-3.969116850584048,1.8160006332742902,-15.540647670389978,2.278554780653372,-8.071779019411052,2.769155395826702,-3.367161662645843,-4.308390745577516,280.3001182711932
447,1,5.774290048115033,-3.969096937591486,1.8159995672257685,-15.552536858690617,2.278559990383135,-8.07034774525423,2.7691567904899665,-3.36716174048059,-4.308388305395036,280.30011796414277
447,2,5.774290460045675,-3.969106648128812,1.816003734961357,-15.54303596296595,2.2785597332297756,-8.071926000312581,2.769161537065343,-3.3671612156273305,-4.308396351317428,280.3001099609694
447,3,5.774290953299856,-3.9691188955888963,1.8159963827187677,-15.540028771014164,2.278564482025943,-8.071296406795403,2.769156009431574,-3.367159008602271,-4.308374381671931,280.30013185718735
447,4,5.774290093691103,-3.9690784758700364,1.8159994307348832,-15.557651850228927,2.2785622271083095,-8.070464935969367,2.7691615774478984,-3.36715993879593,-4.308391290347952,280.3001172678033
447,5,5.774290385965509,-3.9691009161909427,1.8160026722833558,-15.551809016325649,2.2785609074828064,-8.071680379454929,2.769163651652556,-3.367160230966967,-4.308401900388504,280.3001017237083
447,6,5.77429038588522,-3.969099436298486,1.8159930742550583,-15.547747762200677,2.2785567569748375,-8.070343576921662,2.76916075336955,-3.367162047670491,-4.3083922396276835,280.3001122490332
447,7,5.774290088814985,-3.9691000576384714,1.8159954916283076,-15.54648022595047,2.2785681954211454,-8.069999495463716,2.769157972894613,-3.367160975599366,-4.308383860996439,280.3001332284555
447,8,5.774290250003376,-3.9690969494638364,1.8159981202492055,-15.550755140424942,2.2785552481512643,-8.070406740405105,2.769160816037436,-3.3671619455706727,-4.308387043348527,280.3000976765595
447,9,5.774290275168161,-3.9691028799431884,1.816001530130838,-15.548316513975315,2.2785638117144495,-8.071628143220552,2.769160631083602,-3.367160295287088,-4.308385928594906,280.30009983630674
447,10,5.774290531657453,-3.969074114236531,1.8160054404379058,-15.549642554734472,2.278556990199906,-8.070306070456297,2.7691612977884557,-3.3671627401677755,-4.308403476737912,280.3001093829359
447,11,5.774290584459843,-3.9691234364167776,1.8160027894420416,-15.558134043073908,2.2785578054420212,-8.070081987722228,2.7691605305330578,-3.367160739910829,-4.308388599807195,280.30011142048
447,12,5.774290322788219,-3.969086195060534,1.81600561913696,-15.545952107345071,2.278557876742067,-8.071652414550085,2.7691594420602774,-3.3671610980626148,-4.30838715796255,280.3001133590182
447,13,5.77429030397749,-3.9691142981025758,1.816003049244642,-15.555302453831098,2.278557285611404,-8.071493242433913,2.769163434640974,-3.3671617206839795,-4.308399693000053,280.3001079092438
447,14,5.774290265963555,-3.9690975832255377,1.8160092840928037,-15.546940990055312,2.278558252718848,-8.07178542561804,2.7691568476167387,-3.367160296898317,-4.308389412913637,280.30010356802745
447,15,5.77429029397796,-3.969093164280528,1.8160112973439717,-15.565869499865343,2.278551099943839,-8.070647972324677,2.7691566211235976,-3.367161845122039,-4.308396590692615,280.30010150255475
447,16,5.774290150332792,-3.9691097007742555,1.816005827740974,-15.54888358281388,2.2785626593648827,-8.071644364909005,2.7691615669604266,-3.3671626065425055,-4.308391672686409,280.30010019436895
447,17,5.774290323956886,-3.969109674604028,1.815998190854846,-15.554224572454443,2.2785584533474785,-8.071024692900703,2.7691543960153706,-3.3671585468732332,-4.308383085012637,280.30010458606904
447,18,5.774290070142728,-3.9690847757210626,1.8160038434973063,-15.54204907177219,2.2785546589905796,-8.071685807328675,2.769163117144939,-3.367162528197553,-4.308404415438336,280.30012205672006
447,19,5.774290636114336,-3.9691048788862804,1.8160082049092456,-15.548338563333596,2.278562982358767,-8.070780174408895,2.7691633640498257,-3.367162595299888,-4.308396138552103,280.30011074796425
447,20,5.774290217286705,-3.9691176872042613,1.8160007574376273,-15.5493724677171,2.2785592485162165,-8.071946404146043,2.7691617340457153,-3.3671616302009832,-4.308397760398177,280.30012756348776
447,21,5.7742904225756755,-3.969124513389522,1.8159984689519106,-15.559724375073879,2.2785585791819534,-8.07183928197427,2.769161058546631,-3.367158318109985,-4.308388221250652,280.30010891745206
447,22,5.774289981863561,-3.9691123870451985,1.8160015347567193,-15.564628872026638,2.2785589713507957,-8.0701414418084,2.769157457118354,-3.3671597342381308,-4.308384202320073,280.3001191258749
447,23,5.774290115458748,-3.969114220239642,1.8159978212944807,-15.547705250178582,2.2785578855897612,-8.070637472152052,2.7691532176496674,-3.3671599638709813,-4.308375780345763,280.3001207560402
447,24,5.774290080867106,-3.9690877454448823,1.8160125182233742,-15.54939877219755,2.278559348716411,-8.071294003034305,2.769157331801308,-3.367162063323644,-4.308392061581738,280.30011617156146
447,25,5.774290580543944,-3.9691125899490376,1.815996379012724,-15.54427681025657,2.2785579435407866,-8.071675224064728,2.769156206379738,-3.367160269081865,-4.308381796905361,280.3001157601829
447,26,5.774290290421203,-3.9691176789467693,1.816009157711913,-15.546431385223798,2.2785575567449277,-8.070654259014868,2.7691603439306047,-3.367163885530765,-4.308391297760009,280.3001196644293
447,27,5.774290424172497,-3.9691210012612665,1.8160000456129346,-15.55926908196309,2.278557975117616,-8.071248062250124,2.7691549759336493,-3.3671588263151113,-4.308382462281068,280.3001032518526
447,28,5.774290546159773,-3.9691091339294693,1.816013090022758,-15.551421205110396,2.278558030237811,-8.071265278970086,2.7691567449328285,-3.3671607283383316,-4.308397206857624,280.30010190091303
447,29,5.774290431127109,-3.9691119159497914,1.8159972708123353,-15.548378217414802,2.2785605723192472,-8.071633321247132,2.76915569327216,-3.367159804817012,-4.308389303176402,280.3001057577233
448,0,5.7742899794842355,-3.969113799385791,1.8160015368585256,-15.561016733433746,2.2785567750374285,-8.07159301427594,2.769157537908525,-3.3671597814696868,-4.3083879685660165,280.3001180239713
448,1,5.7742901758781935,-3.9690880422486914,1.816012904478632,-15.547585462057528,2.2785531586671968,-8.071062780109623,2.7691597906417917,-3.3671641217655277,-4.308405073182519,280.3001211645127
448,2,5.77429027800199,-3.9691012321082426,1.8160045746899471,-15.553833595228426,2.278561183120503,-8.07119186701151,2.7691619078548704,-3.3671619576341674,-4.308403164235904,280.30009236691603
448,3,5.774290389773222,-3.9691038421617315,1.8160062550773182,-15.54810952099622,2.2785592399293186,-8.071593333805188,2.7691585710326616,-3.3671615178366654,-4.308395041807317,280.3001124339939
448,4,5.774290293926523,-3.96909036529885,1.8160054397646297,-15.549186847024536,2.2785583686969746,-8.070814357372589,2.769160498904376,-3.3671625954560396,-4.308397254115169,280.300106211538
448,5,5.774290035082613,-3.969076483670979,1.8159920314972091,-15.549740944240853,2.278559875579542,-8.070846202934613,2.7691640779357725,-3.367162259736935,-4.308391937586572,280.3001126271474
448,6,5.774290431084841,-3.9690805693225326,1.8160075867146692,-15.55687699255922,2.278563175550122,-8.0726038080092,2.7691598654463174,-3.367160203421376,-4.3083998460287365,280.30011455568865
448,7,5.774289745359343,-3.9690927166482544,1.816004708306532,-15.544832834072551,2.2785615921679088,-8.07166500261765,2.7691585994209365,-3.3671636146208317,-4.308395795936397,280.3001123734773
448,8,5.774290511926647,-3.969130884467653,1.8160039326475066,-15.550266033393678,2.2785603295402534,-8.071052712702764,2.7691586033977145,-3.3671604697165236,-4.3083839143859075,280.300104467077
448,9,5.77429054848383,-3.9691044824966712,1.816007620834345,-15.558283261981646,2.2785583401059277,-8.070385824888184,2.76915512525663,-3.367159646125628,-4.3083862784750995,280.30010155383724
448,10,5.774290182216931,-3.9691007663060756,1.816000046208819,-15.560248044586226,2.2785561271151034,-8.069780398648641,2.7691621526242374,-3.367161577352605,-4.308391640155909,280.3001360594384
448,11,5.77429080397447,-3.9691123658441105,1.816003425923537,-15.555137651061134,2.278559567806426,-8.070994005059902,2.7691612884693995,-3.36716052028092,-4.30839637987135,280.30012207409834
448,12,5.774290136114765,-3.9691101038471563,1.8160107942234613,-15.540145335448798,2.2785605685708656,-8.07193698531339,2.7691596827090006,-3.3671611428551476,-4.308394351567428,280.3001111394881
448,13,5.77429013631202,-3.9690845939660044,1.8160002335027032,-15.567254796690285,2.2785589213985302,-8.071348875947763,2.7691618911082516,-3.367157984695138,-4.308387348629942,280.30013452056716
448,14,5.7742900782966915,-3.9691175711239794,1.8160111837836603,-15.555525904727274,2.2785569276848423,-8.069690851546307,2.7691614213286453,-3.3671640514631593,-4.308389570685486,280.3001118491533
448,15,5.7742902632306485,-3.969093709074853,1.8160039832307389,-15.540400724832047,2.2785603025164822,-8.072454126530625,2.769160866625278,-3.367161201192333,-4.308393240337126,280.300097323082
448,16,5.774290604972992,-3.9690810856870278,1.8160006120603922,-15.556168682686238,2.278560535174962,-8.071935591382374,2.769161294565451,-3.3671583385958104,-4.308393718331606,280.3001185297053
448,17,5.7742898746179225,-3.9691279422258496,1.8159995298260003,-15.560462099948815,2.2785605432548395,-8.071384221940654,2.769153477717853,-3.3671580776879093,-4.308376704822539,280.30012831331646
448,18,5.774290605374315,-3.969086927273982,1.8159899919634819,-15.560935719501312,2.2785603526374234,-8.070136827374371,2.769157007993945,-3.3671586069270667,-4.308379726770513,280.30011007521534
448,19,5.774290737571517,-3.969090806910564,1.816012935248969,-15.544216506194253,2.278555671225056,-8.070728982421892,2.7691589150463125,-3.3671629656827142,-4.308402084691606,280.300131936738
448,20,5.77429044323613,-3.9690886976755757,1.816007717054719,-15.551075771610158,2.2785585674106303,-8.071348516450966,2.7691617262626975,-3.3671612735964813,-4.308395473473846,280.30011544562024
448,21,5.77429008512212,-3.9691297360054065,1.8159995275897785,-15.555838096773392,2.278555754646368,-8.071452737302758,2.76916336752406,-3.3671617103082654,-4.30839668386486,280.3001260541413
448,22,5.77429007418385,-3.9690955030531243,1.8160098905473236,-15.56128353599874,2.2785574436461435,-8.07008024156391,2.7691511246830567,-3.3671606902258606,-4.308383639024232,280.30012303482033
448,23,5.774290065497289,-3.9691073135671653,1.8159976706996717,-15.567000565831538,2.2785570559415156,-8.069885226989037,2.769155078098466,-3.3671586614160316,-4.30838067469634,280.3001216013987
448,24,5.774290399684136,-3.9691224544104275,1.8160049523911599,-15.549039900854348,2.2785599806853565,-8.071321364203614,2.7691640231730115,-3.367162599226078,-4.308401340365894,280.30010593417705
448,25,5.774290150234829,-3.9691203496706606,1.816012294045831,-15.549841172207346,2.2785604881008026,-8.072027618442334,2.76915860340438,-3.367161945708015,-4.3083979063768485,280.3001151242107
448,26,5.774290387478625,-3.9691302072246093,1.8159949403153217,-15.553134683012239,2.278557872448944,-8.071126183304038,2.7691569088933226,-3.3671604832806805,-4.308385240220241,280.30012799815415
448,27,5.77429075643841,-3.9691118185911307,1.8159975889293243,-15.551673699162983,2.2785549975027304,-8.070387357993196,2.76915737161682,-3.3671603191364543,-4.308381059698136,280.30011786352543
448,28,5.77429031699471,-3.9690911542219864,1.8159987568537572,-15.565370590287282,2.2785612736616363,-8.071764716991243,2.7691560870205634,-3.367158355348795,-4.308387329055629,280.30011529381426
448,29,5.77429038231468,-3.9691152628435886,1.81600477358644,-15.555515791812011,2.2785573354864326,-8.070995678150487,2.769160501330944,-3.3671611540468116,-4.308389584882623,280.30010295483964
449,0,5.774290503974382,-3.9690942227692845,1.8160024763502292,-15.54187371052682,2.2785600753846187,-8.07131578213618,2.7691610029219853,-3.3671611313828853,-4.308393082554846,280.30012881278515
449,1,5.77429022036984,-3.969116597937009,1.8160024227735376,-15.549448380018811,2.278561511598717,-8.07158303196833,2.7691575753531876,-3.367160280562657,-4.3083863192552885,280.30010650487304
449,2,5.774290565088131,-3.969121844457254,1.8160024449717798,-15.546319831456675,2.2785599073080447,-8.070986451217665,2.769158518070125,-3.3671618220412767,-4.308389156880556,280.3001265532678
449,3,5.774290410312278,-3.9690994660200367,1.8160000405563543,-15.55265373508941,2.2785628934560425,-8.072074953400667,2.7691569568223846,-3.367158465555815,-4.308385697860388,280.3001045746765
449,4,5.7742902525997835,-3.9690955067209863,1.816002017912239,-15.54640253475236,2.278559725355819,-8.071036563013479,2.7691610259495723,-3.367162382341333,-4.3083985119487975,280.30011280731816
449,5,5.7742905922618615,-3.9691027114756885,1.816005597507863,-15.562895791568817,2.27855710105667,-8.070404505707632,2.769160274851777,-3.367159913039092,-4.308388761552407,280.30010468107537
449,6,5.774290515739746,-3.9690910248091504,1.8160046465497897,-15.543906867527284,2.2785593650432694,-8.071138947629482,2.769160013481049,-3.367162154971008,-4.3083946397337956,280.30011653626775
449,7,5.774290533784289,-3.969095194760199,1.8160070051926074,-15.552675612730388,2.2785607197830715,-8.072305603084338,2.7691644218098013,-3.3671617251938097,-4.308407805741386,280.30010759398465
449,8,5.774290326632978,-3.969084264830888,1.8159961070266295,-15.550159633797149,2.278561656677983,-8.070674101794884,2.769159252589756,-3.3671606973430213,-4.308387914683889,280.30011929238185
449,9,5.774290578381066,-3.9691001763404903,1.8160044366217716,-15.547404346374536,2.2785582420067274,-8.070902002817695,2.769159176234342,-3.3671614919123183,-4.308390641610231,280.300104780697
449,10,5.774289817028987,-3.969103121272521,1.8160093303374822,-15.546695867744479,2.278560448227363,-8.072025400604883,2.769163450849462,-3.3671632056712,-4.30840036289688,280.3001176965484
449,11,5.774290517117547,-3.969109846535709,1.8160056419108161,-15.54812340615816,2.2785614859241994,-8.071021101437703,2.76915782005171,-3.367160101210391,-4.308383459632009,280.30009715274184
449,12,5.774290118572791,-3.9691152382108985,1.816011025977505,-15.547054169620916,2.2785648775741514,-8.071873488123025,2.7691586557674044,-3.3671626479045234,-4.308396702353559,280.3001137713894
449,13,5.7742902162567,-3.969143857368506,1.816008140974354,-15.553309174929268,2.278559451804759,-8.071363547997134,2.7691594040138345,-3.3671616436042227,-4.308389991757415,280.3001189294778
449,14,5.774290367307832,-3.969097862378421,1.8159998173916563,-15.551602499678868,2.278559973350474,-8.071127459672198,2.7691574812584365,-3.367160162926204,-4.308389920755052,280.300097163356
449,15,5.774290070233516,-3.9691287307250906,1.8160052506867104,-15.555003927726782,2.2785559147773666,-8.070204690573483,2.769157757204338,-3.367163656777902,-4.308395918788055,280.300104934767
449,16,5.774290564510684,-3.9691019031792205,1.8160038574121369,-15.537190771726973,2.2785616169998084,-8.071655939685467,2.7691598989604573,-3.3671613113341317,-4.3083925504309715,280.30011403889483
449,17,5.7742901316831805,-3.969110667831583,1.8160078946773224,-15.547755188386141,2.2785606115561503,-8.07226298533806,2.769162893457007,-3.3671615004415956,-4.308402640710162,280.3001049403972
449,18,5.774290619532714,-3.9691205404430265,1.816002819745772,-15.55968760312186,2.278557036848841,-8.070187924552265,2.7691586883499526,-3.3671598306721977,-4.308386011546068,280.3001198924871
449,19,5.774289862339717,-3.969107520514124,1.816007740045911,-15.543762444036044,2.278562654752802,-8.071466018283365,2.769164667342707,-3.367165209133453,-4.30840314167692,280.3001186930385
449,20,5.774290229519349,-3.969120213335021,1.8160057106495193,-15.55473999242271,2.278561244784061,-8.069570785548594,2.7691593250538338,-3.367162153156596,-4.308391434895438,280.3001013520049
449,21,5.77429005095137,-3.9691206131670067,1.8160040839316989,-15.551353102555595,2.2785577709929346,-8.070617177473812,2.769161976435214,-3.3671632048504847,-4.308389246523186,280.30011956924636
449,22,5.774290393088083,-3.969123201870716,1.8160111974942845,-15.551507419157014,2.278557451177475,-8.070767422649189,2.7691618685235984,-3.367162790145792,-4.308400230556975,280.3001068448809
449,23,5.774290549110479,-3.969112323492518,1.815999235351877,-15.550297405388546,2.278563087240754,-8.071818756243808,2.7691595782522396,-3.3671595609075484,-4.308385727753936,280.30011864155455
449,24,5.7742899569343775,-3.9690991253873995,1.8160105394750632,-15.536433198046167,2.27855970901994,-8.071092114046932,2.769163591406859,-3.3671649394629912,-4.308394899976787,280.30012924903724
449,25,5.774289998212653,-3.9691319547120294,1.8160158171984015,-15.558583354808032,2.27855803626089,-8.070572028297086,2.7691583584216724,-3.3671626543538498,-4.308388273154062,280.3001185660369
449,26,5.774290322588268,-3.96907343013259,1.8160005790608307,-15.543574399875668,2.278557893871718,-8.070980932866835,2.7691626129329845,-3.3671612790331324,-4.308391505389638,280.3001224383242
449,27,5.774290012678835,-3.9691068592618404,1.8160073587925711,-15.545731026531001,2.278560564922951,-8.071462462803012,2.7691591052413447,-3.367161088819236,-4.308390852971236,280.3001008208605
449,28,5.7742903681652535,-3.9691082172562786,1.815999066490424,-15.54661915109521,2.2785636883726177,-8.071991844913379,2.7691597453175825,-3.3671602507692397,-4.3083971050714265,280.30010819038057
449,29,5.774290321637253,-3.9691119330015003,1.8159999832846427,-15.550446532393847,2.2785566741694856,-8.070484089628868,2.7691603783589187,-3.367161771533715,-4.308388346180123,280.30009994755244
450,0,5.774290365085944,-3.9691082665248727,1.8160061294789385,-15.560170560399197,2.2785560016089867,-8.070394828065556,2.7691592351153176,-3.3671614165356707,-4.308395575879395,280.3001053770295
450,1,5.7742905570691985,-3.9691275467118223,1.8160059476575088,-15.544888106363262,2.2785627832317044,-8.07139055747219,2.769155069870475,-3.3671597309332846,-4.308378500807461,280.30012100003677
450,2,5.774290610391196,-3.9691069413937283,1.8160038317017195,-15.544478802089232,2.278558294226476,-8.071021429195023,2.7691575862492153,-3.367160916977508,-4.308385095207802,280.30008606784503
450,3,5.774290457903294,-3.9691043706455638,1.816003255281371,-15.550071228434035,2.2785610590429504,-8.070415485471548,2.76915843012762,-3.3671603195979753,-4.308385180148882,280.3001133301799
450,4,5.774290446082117,-3.9691156521401716,1.8160099140775883,-15.554112966227647,2.2785590821332615,-8.069194785232346,2.769159527095844,-3.367162282968424,-4.308385697545696,280.30011459472286
450,5,5.774290357844248,-3.9691032793126415,1.815999372739562,-15.554724876320813,2.2785593453143345,-8.070472990247909,2.769161340985199,-3.367160957703534,-4.308383395649055,280.30010825374677
450,6,5.774290555729909,-3.9691125188529113,1.8159970815923245,-15.55557112810399,2.278563999926886,-8.071429865893094,2.7691596841370645,-3.367158469200763,-4.30838797352011,280.3001176602265
450,7,5.7742905094542945,-3.9691137229093036,1.8160023775464207,-15.53967662312153,2.2785630163502892,-8.071398818760153,2.7691600512278045,-3.3671610774810388,-4.308389617409924,280.3001044009854
450,8,5.774290337584921,-3.969116903221098,1.8160021271905848,-15.559503891567767,2.278556190210224,-8.069753679615697,2.769156472457405,-3.3671593472510697,-4.308374054140677,280.30010884241796
450,9,5.774290357408737,-3.9691001653234776,1.8160058923597566,-15.550165788186495,2.278559125403394,-8.071943365859928,2.769157824610784,-3.36716013048835,-4.308391278851723,280.30010985457216
450,10,5.774290276227366,-3.9691068327825043,1.816010481160079,-15.554912455629047,2.278557845038082,-8.071584714304741,2.7691625491486582,-3.3671619877075583,-4.3083965576510055,280.3001231013812
450,11,5.77429032672295,-3.969098714084385,1.816001200737115,-15.546633774143856,2.278560760592797,-8.07053332225246,2.7691599792847077,-3.3671617100806883,-4.30838749147915,280.3001138767767
450,12,5.774290339823526,-3.9691296918683694,1.8160117591890328,-15.556037864352819,2.278558687857837,-8.070644875060484,2.76915541872481,-3.3671605416396417,-4.3083878711323935,280.3001212205282
450,13,5.774290693889915,-3.9691257647563174,1.8159994309248757,-15.558289065626507,2.278557968651934,-8.070056486808603,2.769157981172514,-3.367159294884315,-4.308374130111025,280.30010658405763
450,14,5.774290547100245,-3.9691110014919366,1.8160011428614224,-15.545398837737775,2.2785586536665914,-8.070873216234627,2.7691599489028427,-3.3671607724071846,-4.308386028262945,280.30011555872255
450,15,5.7742900058475835,-3.969110431126639,1.8160043891172892,-15.549013773659896,2.278560633987036,-8.07052647082412,2.769158707035359,-3.367161551138249,-4.3083827542592,280.3000970100592
450,16,5.774290093079094,-3.969104124792154,1.8160006808263696,-15.54718519174407,2.2785612537952034,-8.070580683605906,2.769158766799531,-3.3671618985797336,-4.308390900366991,280.3001229183287
450,17,5.77429032239291,-3.9691113803815217,1.815997425924897,-15.552269012975428,2.278561344198705,-8.07090966053702,2.769157356049169,-3.3671605678750463,-4.308387235339253,280.3001030819157
450,18,5.774290485537228,-3.9691185463427354,1.8160062067261713,-15.558505191452864,2.2785577770491496,-8.07111213575347,2.769159261501444,-3.3671605922858068,-4.308388952690042,280.30010508715327
450,19,5.7742905120656625,-3.9691264923666574,1.8159965036891326,-15.554562985124305,2.2785572502402602,-8.07100413995546,2.7691532012546585,-3.3671575245452257,-4.308373891018089,280.30012515477347
450,20,5.774290403723592,-3.9691135393319024,1.8160035149724671,-15.545925768384471,2.278558376958484,-8.071452121493358,2.7691590503109866,-3.367160649438717,-4.308391466897617,280.30011374153935
450,21,5.7742903522911995,-3.96911938655882,1.816001465280504,-15.557366679157258,2.2785590264355307,-8.070720279756152,2.7691584888632477,-3.367159654237344,-4.30838188200563,280.3001163985226
450,22,5.774290449841811,-3.9691059930853267,1.8160060200405768,-15.54280188403715,2.2785608463546505,-8.07201128556221,2.7691569245733163,-3.36716055592402,-4.308387417893533,280.3001100288029
450,23,5.774290247513663,-3.96911046003456,1.8160083903386093,-15.549035577189182,2.278561787331445,-8.071615525969221,2.7691614889757297,-3.367161526518301,-4.30840015459852,280.3001064280297
450,24,5.774290142237455,-3.969118533945481,1.8159982904071292,-15.55506567833804,2.2785592949754627,-8.070355277423868,2.7691608906775302,-3.3671604412261957,-4.308382221795648,280.30011194290387
450,25,5.774290409898083,-3.9691200477948687,1.8160064225761718,-15.553864685058999,2.2785605496646992,-8.07041724299678,2.769155480224577,-3.36715999861813,-4.308381803095647,280.30011118752213
450,26,5.774290181112485,-3.969100117474327,1.8160063496048244,-15.550225513277624,2.2785625949809507,-8.071688817279266,2.7691603808301037,-3.367161170441915,-4.3083958743207775,280.3000964889812
450,27,5.774290358890711,-3.9690954500152986,1.815999771785655,-15.55387257090988,2.278561986568565,-8.06999390436034,2.7691591240317535,-3.367160888139969,-4.3083864159988465,280.30011777570104
450,28,5.774290390220435,-3.969104811161855,1.8160046494377529,-15.5488599047707,2.278561980605909,-8.071460930014293,2.76916225572589,-3.367160772242699,-4.308393274419676,280.300104738837
450,29,5.774290178259421,-3.969109792160082,1.8160006320794462,-15.554935877589399,2.2785607349811703,-8.070317680495988,2.7691596212756617,-3.3671600049824604,-4.308389244351123,280.30011168194085
451,0,5.774290342675909,-3.969099266630227,1.8160086603314487,-15.548689061964817,2.2785616139310827,-8.071565904517186,2.769159230702553,-3.367161071710113,-4.308389887837966,280.3001146102441
451,1,5.77429029623449,-3.9691082880716175,1.8160011516190517,-15.55118248126315,2.278559618136997,-8.070783986134842,2.7691593792309104,-3.367161180523998,-4.308388548455042,280.3001130625059
451,2,5.7742904677831675,-3.969107067567764,1.8160091385674206,-15.544742020184076,2.278558893491511,-8.071130212998147,2.7691587978325902,-3.367161812665015,-4.308396426982417,280.30011299178915
451,3,5.774290454946959,-3.969101984377659,1.8160032397424222,-15.552980146009324,2.2785621484258516,-8.071717811364808,2.7691600814137756,-3.367159469475519,-4.3083871584377205,280.30010490715404
451,4,5.77429033514126,-3.969109627067537,1.8160067555644543,-15.54974204439316,2.2785586772933204,-8.071063595071864,2.7691596254402837,-3.3671618486881822,-4.308391845887145,280.30011525558126
451,5,5.774290470650899,-3.96910184165892,1.8160099609988272,-15.55594919669315,2.278558523515895,-8.07133474460669,2.769158299881303,-3.3671595525094755,-4.308392112646696,280.3001253016749
451,6,5.774290284790416,-3.9691068491336043,1.8160057717482834,-15.552823520589738,2.2785602592434255,-8.070923384492282,2.7691578980974447,-3.367160312311691,-4.308385683994765,280.30010357434014
451,7,5.774290504810724,-3.969130146102629,1.8160080010873383,-15.553736247359625,2.278557115950776,-8.071232451595,2.76915747562094,-3.3671600169677403,-4.308385798248526,280.3000928340049
451,8,5.774290244337258,-3.969121539560476,1.81600612464649,-15.550540724149107,2.2785602015117994,-8.071049251376248,2.7691603073962843,-3.3671614712310016,-4.308394206439186,280.30011318715685
451,9,5.774290479663843,-3.969107329068777,1.8160036398439323,-15.554374409279397,2.2785595644444996,-8.070833734171712,2.769158330155122,-3.3671605320745033,-4.308391890613057,280.30011224785665
451,10,5.7742904035798714,-3.9690972770924935,1.816002620921574,-15.540186061539105,2.2785622903734786,-8.071495058652845,2.7691613015101715,-3.3671618144831106,-4.308390590758205,280.30010920401975
451,11,5.774290183949023,-3.9691237547181633,1.8160069961501795,-15.557019627515485,2.278556119664043,-8.069877566412028,2.7691576124090758,-3.367162219905846,-4.308386798057618,280.30010138397745
451,12,5.774290402939058,-3.9691082269517666,1.8160023936438447,-15.553863065992935,2.2785630739686815,-8.071420149613415,2.7691586956659844,-3.3671588051031267,-4.308384100287232,280.30010795767316
451,13,5.774290098613221,-3.9691116189459756,1.8160002563496938,-15.547127871445925,2.278562907540534,-8.071667954725516,2.7691588637252,-3.36716069706466,-4.308384904349272,280.30012281820234
451,14,5.774290337355749,-3.9691044070021135,1.816007300104652,-15.547088427532472,2.2785661555987264,-8.070520696827534,2.7691573777782232,-3.367161134437185,-4.308386125282136,280.30009011131307
451,15,5.774290302185948,-3.969109552422869,1.8160021021140238,-15.547134237485347,2.278564145652237,-8.071814886584365,2.769157097027611,-3.3671596448111094,-4.308385466498284,280.300102176588
451,16,5.774290415261263,-3.9691144534438694,1.8160052571645109,-15.552043717045098,2.278559192502578,-8.07134070304471,2.7691569229727446,-3.3671605238993987,-4.308390072773405,280.3001039151882
451,17,5.774290260082413,-3.9691117445085475,1.816004794141741,-15.548148756722014,2.278561660331875,-8.070536946109481,2.769159522916054,-3.367161765145565,-4.30838492342852,280.3001109517645
451,18,5.774290187830092,-3.9691103816359457,1.8160014865238254,-15.545541479498192,2.278562877170443,-8.071235769299527,2.76915839599121,-3.3671612096806873,-4.308386377060722,280.30009552026604
451,19,5.774290604817591,-3.969121132413577,1.8160034937210745,-15.547654910800288,2.2785584871869067,-8.070778529902952,2.769155576855801,-3.367160470524838,-4.308383202367158,280.3001037112951
451,20,5.774290422401451,-3.969103734459388,1.8160101458269917,-15.547216314024427,2.278562308999311,-8.071164602188507,2.769159207294635,-3.3671615365232506,-4.308388726331364,280.30011188942103
451,21,5.774290062291489,-3.969102761203952,1.8160015691406648,-15.550248652173817,2.2785630232602982,-8.071485804286741,2.7691611130517506,-3.3671614206822276,-4.308391846691886,280.3001082244725
451,22,5.774290415172776,-3.9691109724509017,1.8160006388248613,-15.549988583550252,2.2785607811831614,-8.070477867096402,2.769158120706682,-3.3671606110403376,-4.308381368150259,280.3001060963834
451,23,5.774290574513929,-3.969112841822166,1.8160027114462325,-15.548189911860938,2.278561499291414,-8.07158913198612,2.76915932505077,-3.367161006674051,-4.308391281925933,280.30011099567434
451,24,5.774290565626223,-3.96911441019851,1.8160054214887114,-15.554251313134781,2.278559684822395,-8.071201204036717,2.7691609371095374,-3.367160108512671,-4.3083908291483795,280.30009569189394
451,25,5.77429029566241,-3.9691125532463594,1.8160052522859311,-15.557503681472964,2.278560362191092,-8.070929507044832,2.769160420083995,-3.367160619667722,-4.308392601873429,280.3000940707879
451,26,5.7742905394614015,-3.969102703524862,1.8160013614044965,-15.550567176785163,2.278560881265552,-8.071339819644173,2.769160289941402,-3.3671604380922653,-4.308392396741479,280.30011608125847
451,27,5.774290525754631,-3.969113773195416,1.8159998483327169,-15.546064965236647,2.2785581235153454,-8.071744100133445,2.7691572910933244,-3.3671592871950673,-4.308390208616706,280.30011214087756
451,28,5.7742903878575,-3.9691100512225077,1.816010691163846,-15.548247256581362,2.278557332350912,-8.070222783983276,2.7691603040737682,-3.3671619220589037,-4.30838793040937,280.30011516085483
451,29,5.774290536624904,-3.969117688250776,1.815994515566789,-15.550864736340717,2.27855942145953,-8.070397291798034,2.7691599363489727,-3.3671597454973075,-4.308381285069484,280.300126592527
452,0,5.774290679767773,-3.9691159175978736,1.8160110534648928,-15.545123080944348,2.2785605258663844,-8.071321051853076,2.769157682153902,-3.3671610604010622,-4.308390172621611,280.30010676939094
452,1,5.774290345249173,-3.9690980794749917,1.8160024690747503,-15.5470695409732,2.278562275301908,-8.071041637678473,2.7691583191030804,-3.367160681927961,-4.308384640336342,280.30010377379676
452,2,5.774290209193313,-3.9691192445457335,1.8160024834706896,-15.550585614982491,2.2785626314679535,-8.071552555346244,2.769159835142725,-3.3671604017661787,-4.308387866387344,280.3001024604837
452,3,5.774290260317364,-3.9691290294699155,1.816007920199072,-15.557715918338381,2.278558660804618,-8.070017544794846,2.769154857228987,-3.367160641067983,-4.308379813465706,280.3001100515546
452,4,5.774290442982034,-3.96912124190913,1.816000306904575,-15.552225984426554,2.27856065201039,-8.070770534924996,2.769160330201473,-3.3671604299276905,-4.308383237299644,280.3001112988607
452,5,5.774290347868733,-3.9691243743097355,1.816004658693532,-15.561887963427614,2.27856170605771,-8.07036244437988,2.769159183930232,-3.367160421439053,-4.308392654090446,280.3001069355745
452,6,5.774290391092955,-3.969101146812854,1.816004154759777,-15.551900745161163,2.278559646434278,-8.07174855090503,2.7691610591569247,-3.3671610330422848,-4.308395766980181,280.3001031528423
452,7,5.774290403402018,-3.9691101155308055,1.8160079146365995,-15.560212427228176,2.2785596678389664,-8.070094312607448,2.7691583356411265,-3.3671610308777096,-4.308388705854571,280.3001131715428
452,8,5.774290415781117,-3.9690959997098916,1.8160033464767378,-15.552603998117151,2.2785681751767264,-8.071339834996628,2.7691573153644273,-3.3671593658823875,-4.30838865214574,280.3001116848345
452,9,5.774290354742949,-3.969127379031035,1.8160023850073719,-15.545630830691636,2.2785619302102025,-8.071136928075443,2.769160464369344,-3.367161917434765,-4.308389423553078,280.30010128475544
452,10,5.774290318446927,-3.9691145550166467,1.8160047860427857,-15.544248262251667,2.2785612552205254,-8.071374799300209,2.769158496286951,-3.36715987448604,-4.308383488220284,280.300107902784
452,11,5.774290248884886,-3.9691191161362878,1.816007469023176,-15.557171862627618,2.278561917567123,-8.0711344012545,2.7691570951848186,-3.367159288002691,-4.308382558407012,280.3001079337263
452,12,5.774290501330978,-3.9691127576110254,1.8160046941141479,-15.552740694607973,2.278555348638388,-8.071238014060677,2.769158829472313,-3.3671596035427447,-4.308388087046632,280.30010218816415
452,13,5.774290526211929,-3.9691095030613037,1.8160069261595246,-15.556055629985348,2.2785590297522185,-8.071440500845096,2.7691598722578377,-3.367160626818705,-4.3083919425971695,280.3001167847415
452,14,5.774290091417748,-3.969122103198037,1.816009542056978,-15.546464649032226,2.2785599564647643,-8.070816975979191,2.7691568973336906,-3.367162654572329,-4.308391712619514,280.30010481154716
452,15,5.774290372490427,-3.9691093171847416,1.8160044570543479,-15.541604736790934,2.2785654339186374,-8.07167106074394,2.7691586850893,-3.3671608105504824,-4.308383735722057,280.3000901608891
452,16,5.774290593461617,-3.9691096568626065,1.816006674565418,-15.546801132607639,2.278557741609939,-8.07104000223832,2.7691562560005476,-3.367160743882431,-4.3083876580980265,280.30010421021467
452,17,5.774290424588118,-3.969106961354623,1.8160112792338645,-15.549820875140806,2.278561982757771,-8.07080720803021,2.769158765174317,-3.367161635695149,-4.308388782882303,280.3001153918905
452,18,5.774290187542142,-3.9691042994922143,1.8160056525088144,-15.553436141408906,2.278559402390705,-8.071140381026721,2.769160675187352,-3.3671620207598547,-4.308396409103857,280.3000949492212
452,19,5.7742902754347325,-3.96910862001548,1.8160053713892232,-15.547795283912118,2.278560002396455,-8.0699651800617,2.769159986052511,-3.3671626228550218,-4.30839097779424,280.30010011428396
452,20,5.774290560798034,-3.9691176613185792,1.81600630744299,-15.55588136088485,2.278562505537057,-8.071123534129473,2.769157004187894,-3.367159549652935,-4.30838587376704,280.3001071235957
452,21,5.774290391689366,-3.969099492117864,1.8160052452707258,-15.549592899285308,2.2785668490953404,-8.07185914340614,2.769162169876007,-3.367159894770785,-4.308394086511461,280.3001170131351
452,22,5.77429014639838,-3.969122575340502,1.816002205073758,-15.54773577235753,2.2785590407110328,-8.071529931966637,2.7691594916913305,-3.367161960085007,-4.308395766043743,280.3001284103823
452,23,5.774290428171388,-3.969116453237545,1.8160006775573403,-15.555692632504137,2.2785630418147207,-8.070989021376686,2.7691551777857266,-3.3671590372194893,-4.308382803076024,280.3001136280692
452,24,5.7742906972393016,-3.969113414391748,1.8160033432870777,-15.55744745732319,2.278559259609957,-8.070933606181674,2.7691595539457943,-3.367159512496565,-4.3083818656238675,280.3001113176799
452,25,5.774290305022136,-3.9691100079950803,1.8160034257727855,-15.544494970279402,2.2785634145827545,-8.071693133111188,2.7691620690583294,-3.3671606113450965,-4.308393608596876,280.3001009403948
452,26,5.77429037776924,-3.9691112798359542,1.8160102253090853,-15.551804325190494,2.2785589448897214,-8.07102470814952,2.769158974532753,-3.367161092305755,-4.308388085355602,280.30011832741394
452,27,5.774290301784031,-3.969108504680274,1.816009374025119,-15.55109127076867,2.2785635248157656,-8.070627311648435,2.7691604531344343,-3.3671626011228843,-4.308394396175157,280.30010779580175
452,28,5.774290337681942,-3.9691175221325756,1.816004657808643,-15.54976424462789,2.2785652786587494,-8.07040227134143,2.769159176786528,-3.3671609929704527,-4.308381360964947,280.30009959898325
452,29,5.774290119091702,-3.9691135917163236,1.8160021463805005,-15.54334601420978,2.2785616613087742,-8.070931163151092,2.769160393794453,-3.3671623416431413,-4.308390457153251,280.3001184592453
453,0,5.77429021845471,-3.969109457055822,1.8160050907217464,-15.551096788181775,2.2785619546727798,-8.071115238867666,2.76915937542751,-3.3671620615840827,-4.308388548099311,280.3001128808258
453,1,5.774290224818725,-3.969108329596557,1.816008692958955,-15.550313567062323,2.2785621638901836,-8.070210207243528,2.7691584300111836,-3.3671628266881446,-4.308391017852943,280.3001148019475
453,2,5.7742902916700825,-3.96910591092546,1.8160054036678062,-15.541172716067766,2.278563302102649,-8.07153024661262,2.7691609568108073,-3.3671627176726653,-4.3083899306262206,280.3000883275023
453,3,5.774290049071665,-3.969111888085563,1.8159980770217068,-15.548272041170726,2.278564154441686,-8.071174766816688,2.7691576538893052,-3.3671598268724754,-4.30838520334406,280.30010836697465
453,4,5.774290488235434,-3.9691139099059143,1.8160056706232812,-15.5526153421443,2.278563023741263,-8.07078625380117,2.7691568121130454,-3.3671609006819296,-4.3083848374523335,280.3000945015496
453,5,5.774290429019746,-3.9690983437228025,1.8160040598005582,-15.547303200854012,2.2785618575951454,-8.070971338436307,2.769157963601683,-3.367160964560821,-4.308385767161196,280.300098660581
453,6,5.774290261997058,-3.96911634402654,1.8160054175840488,-15.542954589559455,2.2785624636995334,-8.07066996415647,2.7691639919117006,-3.3671623826730985,-4.308392636842895,280.3001100633446
453,7,5.774290266950608,-3.969109053159024,1.8160030974769712,-15.542038025186152,2.278562015016851,-8.071541707161275,2.769160532688643,-3.3671609521781334,-4.308387453339104,280.3000934073406
453,8,5.774290353113554,-3.9691123656246883,1.8160064250943686,-15.550966016946283,2.27856114802609,-8.071062837149965,2.769156742426915,-3.3671597703928122,-4.308381630763171,280.3001022297052
453,9,5.774290444039061,-3.969116131305445,1.816008219948062,-15.547549119687233,2.278561046939852,-8.070884658729613,2.769161371851675,-3.367161955221182,-4.3083904526623735,280.30009720708335
453,10,5.774290626886354,-3.969124606357754,1.8160045501105573,-15.544560648368666,2.278563804734848,-8.071344969747031,2.769160488215237,-3.3671612836784615,-4.308386985192362,280.3001064175696
453,11,5.774290386376782,-3.969110712592411,1.8160014723105464,-15.537175604814362,2.2785618020614535,-8.071060714046604,2.769160564827769,-3.3671625335678965,-4.308384334990233,280.3001233287569
453,12,5.774290359184178,-3.969125205621707,1.816003975280478,-15.54020126822594,2.278563870843128,-8.071326549693218,2.7691627674549655,-3.3671628901167807,-4.308391671020782,280.30011499726413
453,13,5.77429040986859,-3.9691072791651703,1.8160057058080044,-15.552313846108568,2.2785618947205872,-8.071813332787922,2.7691596530208997,-3.367160084790322,-4.308396883138689,280.30010672866024
453,14,5.774290331892336,-3.969122521934744,1.8160026684667434,-15.546169560742715,2.278560651777702,-8.071191360274552,2.7691598776805884,-3.3671619601291716,-4.308391994017113,280.3001056196415
453,15,5.774290410703676,-3.9691115371642756,1.816002514120025,-15.540802583426194,2.2785646587630333,-8.07152745758172,2.769159900853018,-3.367160621560863,-4.308389761359764,280.30011035540815
453,16,5.774290353007004,-3.969121128238499,1.8160050794690976,-15.550037973310996,2.2785648420469578,-8.070986967355577,2.7691597943852497,-3.3671609612330617,-4.308388136558275,280.3001009760778
453,17,5.774290032605519,-3.9690924987449527,1.8160039580080563,-15.54906054033723,2.2785604687612557,-8.07126650273171,2.7691618192472336,-3.367160613447339,-4.308392017825725,280.30010123600516
453,18,5.774290316438172,-3.9691093351670617,1.8160036435425297,-15.545753783557373,2.278561874498269,-8.071872141360506,2.7691607171129013,-3.3671606324676877,-4.308387377911308,280.3000989400567
453,19,5.774290159714845,-3.9690970282486715,1.815997584137973,-15.541091573204787,2.2785614394275995,-8.071786879827735,2.7691600857208334,-3.3671615570770252,-4.308389183876518,280.30011777735467
453,20,5.774290360549782,-3.969113222195017,1.8160022788721557,-15.547506085180189,2.278560880443206,-8.070626213675009,2.769158425869794,-3.367161069599344,-4.308382828138406,280.30012008328714
453,21,5.774290128842927,-3.9691136012618258,1.8160067900994405,-15.551351164621448,2.2785652973523285,-8.07116553873977,2.769161014802269,-3.367161542553917,-4.308391401097743,280.3000990362133
453,22,5.774290333358316,-3.9691162288244977,1.8160072161071645,-15.556516952752501,2.2785594209781057,-8.07087148917763,2.769160937313965,-3.367160948020672,-4.308392179339609,280.30011035687147
453,23,5.774290325456211,-3.969101695825888,1.8160026517736418,-15.545314115391253,2.2785640661817266,-8.071875062970813,2.7691590404436854,-3.3671607325713953,-4.3083917738773785,280.3001036021544
453,24,5.774290541469437,-3.9690936698844084,1.8160061303945718,-15.548265591489958,2.2785597357891203,-8.071852600113047,2.769157862033775,-3.3671605256817676,-4.308394522536824,280.30010547952867
453,25,5.774290187853013,-3.9691144846689674,1.8160013356069762,-15.548813925689581,2.2785617367923265,-8.071410045612069,2.7691642312072666,-3.367163081510314,-4.308397327488145,280.30011532948265
453,26,5.774290304991445,-3.969129050610408,1.8160046679938282,-15.545447443623035,2.278564008541421,-8.071202841126844,2.7691594670481186,-3.367161563809683,-4.308385646076491,280.30009500876736
453,27,5.77429025851496,-3.9691173425904864,1.816004275368121,-15.549293984720741,2.2785600364711143,-8.071026051780882,2.769160829225234,-3.3671621770908957,-4.3083913760994665,280.3000946571482
453,28,5.774290426434025,-3.969109847840464,1.8160044801682536,-15.541012854786619,2.2785646842414904,-8.071458474786928,2.769161272220617,-3.367162108606759,-4.308389014166948,280.3000847046661
453,29,5.774290115277494,-3.9691153743619316,1.8160064259469597,-15.550954427863807,2.278563080828969,-8.071430022936974,2.769159087135581,-3.3671613613591993,-4.308391514422767,280.30010566943554
454,0,5.774290401087791,-3.9691254619355423,1.8160090960308475,-15.534328967557443,2.2785642135585022,-8.072382043828405,2.769160883276661,-3.3671625438079524,-4.308391595420891,280.30010837790536
454,1,5.7742903610931675,-3.9691165890525975,1.8160102766907786,-15.551067384871324,2.278563240581785,-8.070400800029674,2.7691571126977985,-3.3671618840576465,-4.30838335096789,280.3001118863141
454,2,5.774290239952515,-3.9691138248352233,1.816003959812449,-15.549370888486614,2.2785642515897866,-8.070863855142074,2.7691591456536147,-3.3671606879904084,-4.308382277745193,280.300108270743
454,3,5.774290213064943,-3.9691126555852683,1.8160052632581176,-15.54091768340324,2.2785677954837835,-8.071264337020164,2.769160902114586,-3.3671620207205484,-4.308381514012321,280.3001136758916
454,4,5.774290082069651,-3.9691140737353776,1.8160109213620252,-15.552739097125169,2.2785621563662573,-8.071031850496627,2.769163028595094,-3.3671625368088547,-4.308397755858008,280.30011764770154
454,5,5.774290445822088,-3.9691177353846085,1.816006066844709,-15.555112304091967,2.278558610157732,-8.070954750922432,2.7691582452701136,-3.367161024190823,-4.308384420995884,280.300108007484
454,6,5.774290281685865,-3.96910596118266,1.81600732964663,-15.549865703445697,2.278562136990613,-8.07171764626191,2.7691588011068387,-3.3671616467701844,-4.308394120643013,280.300102224766
454,7,5.774290231842295,-3.9691008387410953,1.8160031212521357,-15.533478688094851,2.2785655196134607,-8.071152139557134,2.769166902001193,-3.3671640947900205,-4.308396327601726,280.30011004600357
454,8,5.77429019482494,-3.969088517169253,1.816005382582368,-15.557342806884003,2.2785612578815955,-8.070721776285959,2.7691598245871734,-3.3671600635634347,-4.308387531646409,280.30011322494374
454,9,5.774290166832682,-3.969100218718375,1.8160018701032052,-15.53905913436153,2.2785685462697463,-8.072350543920003,2.7691632767208505,-3.3671607281524163,-4.308389927263067,280.30013079699506
454,10,5.774290500142005,-3.969133373688924,1.8160073373572003,-15.542338764719213,2.27856210520329,-8.070947746824563,2.7691592606032187,-3.3671626270082706,-4.308384375331435,280.3001016741459
454,11,5.774290441138168,-3.9691298052797555,1.8160061303266342,-15.547532897318183,2.2785673993154774,-8.072197626842495,2.7691611750794958,-3.3671621045649456,-4.308390506799657,280.30011203886
454,12,5.774290264596079,-3.9691158216063513,1.8160122248234727,-15.542740354602289,2.278565953366296,-8.071942920730944,2.7691616925193467,-3.3671634049169636,-4.308396770100424,280.30009929403053
454,13,5.774290313817086,-3.9691038153520983,1.8160062347055115,-15.546455457923752,2.27856458518406,-8.071533618819867,2.7691613380211773,-3.3671616420648514,-4.3083918831878405,280.30008697588204
454,14,5.77429016001717,-3.9691021831119433,1.8160021070379633,-15.542918173486175,2.2785639815475065,-8.071736606905237,2.7691622430998413,-3.3671608414653758,-4.308387457539871,280.3001197436695
454,15,5.774290007240063,-3.9691236420851386,1.8160050662102392,-15.543699348401654,2.2785647374295737,-8.071640031231016,2.769160790844372,-3.367161975969729,-4.308388268410742,280.30010300357156
454,16,5.774290536420278,-3.9691225476484053,1.8160077775627874,-15.550120751445588,2.278560852224089,-8.070572820992286,2.7691559111775614,-3.3671607445237917,-4.308384921499386,280.3001095649886
454,17,5.774290624894693,-3.9691145348361685,1.8159999246191725,-15.554600801682113,2.2785637512023023,-8.070855348155343,2.769157628387176,-3.367159756975897,-4.308380818487474,280.3001151563558
454,18,5.774290537949893,-3.9691226075586754,1.816005665832445,-15.546657754174781,2.2785626060620525,-8.070768016874393,2.769158868760439,-3.3671617759427632,-4.308384082204145,280.30010164521207
454,19,5.774290290262817,-3.9691230742372645,1.8160083010985428,-15.53591601081162,2.2785633840502846,-8.072134162189737,2.7691636738508034,-3.3671623510887727,-4.308391978474776,280.30011107027593
454,20,5.774290398460175,-3.9690888228694448,1.8159996945961994,-15.544965512065149,2.278564002551543,-8.070941407806037,2.7691656604938175,-3.367161549436399,-4.308390042106394,280.300109485104
454,21,5.774290652881081,-3.9691250131190126,1.8160011781150416,-15.543455552235754,2.278562819968245,-8.070665174875568,2.7691579838940292,-3.367161177027446,-4.308380873757783,280.3001081308761
454,22,5.774290485513327,-3.9691034095612894,1.8160019086191257,-15.544604601590258,2.2785619544154363,-8.069883490026063,2.769160422393722,-3.3671614628333635,-4.3083837564761245,280.3001174065038
454,23,5.7742904910415715,-3.969122420253654,1.8160095302078232,-15.552249947344006,2.278559117878458,-8.071075206030251,2.7691590459438324,-3.3671624185549947,-4.308395035156261,280.3001240925837
454,24,5.774290197636799,-3.9691149691804952,1.8159999761034284,-15.54734291664684,2.2785644479959384,-8.07031965492286,2.769161703470023,-3.3671628248449577,-4.308386853862505,280.3001223247195
454,25,5.774290452111328,-3.969112713566411,1.8160076060259949,-15.545606384391167,2.27855850201277,-8.071643557164844,2.7691607870264745,-3.3671628058861462,-4.308395976446319,280.3001086667598
454,26,5.774290152184481,-3.969096024756927,1.8160056342444562,-15.548289635276175,2.2785653189263746,-8.071329624449035,2.7691611431257717,-3.3671607334273754,-4.30838372291954,280.30009721682484
454,27,5.7742902595433545,-3.9691122155084235,1.8160058513699389,-15.546041335560664,2.2785640819537933,-8.071759745174377,2.7691610053338453,-3.36716235018357,-4.308397080490006,280.30010124609703
454,28,5.774290593069306,-3.9690980491491237,1.8159981286438014,-15.553489446445457,2.2785605879243698,-8.07139263136952,2.769157822840059,-3.3671595949056434,-4.30838312758493,280.3001119187588
454,29,5.774290515136573,-3.9691150532232418,1.816001332508593,-15.54839852655199,2.2785618123313864,-8.07244213603039,2.769156394564902,-3.367159636193379,-4.308381907893676,280.30011429354863
455,0,5.774290339301173,-3.969120252904272,1.8160132040943378,-15.550808606330477,2.278563900837032,-8.070278309508717,2.7691608018592158,-3.36716259225502,-4.308387692704754,280.3001002399901
455,1,5.774290437302616,-3.969127951741131,1.8160069622313846,-15.544447408978742,2.2785673764859453,-8.07139424512805,2.7691610694097735,-3.367162018267723,-4.3083865690664105,280.3001223075396
455,2,5.7742902572994526,-3.969106444264455,1.816008384077472,-15.539641974992167,2.2785677671015696,-8.071874850181223,2.7691627830174106,-3.367162863456533,-4.308396491602364,280.3001137128133
455,3,5.774290373089109,-3.9691101137089877,1.8160026132894138,-15.54835029500709,2.278563694980781,-8.071858403970138,2.769159624532582,-3.367160042730641,-4.308388557705809,280.3001057689502
455,4,5.774290192738285,-3.969107525391475,1.8160115499070066,-15.548113735222312,2.2785694572095587,-8.071058264128633,2.76916395298924,-3.3671630414233076,-4.3083915690397205,280.3001305645002
455,5,5.77429033694412,-3.969111848781707,1.816006808287423,-15.540242495314523,2.2785647600965,-8.07202347199859,2.76916288033853,-3.367162437076151,-4.308396473392134,280.30011246343855
455,6,5.774290175373502,-3.9691042174876734,1.8160107775406222,-15.539895284300309,2.2785614274467174,-8.071504111195168,2.769161804928677,-3.367163793983307,-4.30839572366755,280.3001125322106
455,7,5.774290016086379,-3.9691188307757583,1.816009589913636,-15.546063385850573,2.278565420497158,-8.071594510064088,2.7691617072704284,-3.367164113616988,-4.308402170956714,280.3001025763527
455,8,5.774290384102478,-3.969127932103954,1.816003804280274,-15.549380191552931,2.278562364928062,-8.0705645383744,2.7691593783440482,-3.367161648074796,-4.308384554711962,280.30010598439753
455,9,5.774290538684264,-3.969119197615214,1.8160051221597082,-15.543634501538905,2.2785662847414234,-8.071279779693326,2.7691568110712845,-3.367160573594585,-4.308378359781274,280.3000990382689
455,10,5.774290276851247,-3.9691103277207045,1.8160079092727577,-15.539246164509558,2.278561308520224,-8.071343973554484,2.769161506518385,-3.36716329827487,-4.308386567632403,280.3000948149826
455,11,5.774290438213475,-3.96911327264055,1.8160068027563538,-15.54105998557327,2.2785619975699856,-8.070734914460814,2.769158760779393,-3.3671626604619105,-4.30838538274184,280.3001028985202
455,12,5.7742907608574106,-3.969107323010597,1.8160009915994049,-15.549499477416429,2.2785613778186455,-8.070978823493508,2.7691589720824377,-3.3671608150327326,-4.308387022288752,280.300123106196
455,13,5.774290447849868,-3.9691028795796357,1.8160042109058354,-15.54931045230251,2.2785621302320154,-8.0719374036511,2.769160715252594,-3.367161331752134,-4.308389818064081,280.3000919900155
455,14,5.774290305285754,-3.9691356302955496,1.8160034915676488,-15.554104454080349,2.278559394940118,-8.071343798997471,2.769159894090358,-3.367159552128469,-4.308388408839206,280.30010119576565
455,15,5.77429001677582,-3.9691196961333874,1.8160103827633733,-15.54505006401919,2.278562801288462,-8.072536406159655,2.7691616310524556,-3.3671618103315337,-4.3083874969878675,280.30010495182495
455,16,5.774290135445385,-3.969106682671393,1.8160042333816846,-15.538137506026327,2.278561018725296,-8.070722321239844,2.769160553755516,-3.3671625195819015,-4.308383691635499,280.3000951228057
455,17,5.774290427631625,-3.9691192425894806,1.816008106966237,-15.546832341343617,2.278563111052823,-8.07182606262644,2.7691573250976376,-3.367159563547326,-4.3083859716597495,280.30009494426815
455,18,5.774290171128218,-3.9691066277428666,1.816009717792942,-15.557659881125378,2.2785606450493723,-8.07020055493455,2.7691622503962563,-3.367161783831691,-4.308390380692268,280.3001156252642
455,19,5.774290363784907,-3.969101823972218,1.8160037335563264,-15.545809549811361,2.278563002645453,-8.071331167784685,2.7691590686036553,-3.3671612723343105,-4.308387302060074,280.30010292624956
455,20,5.774290322335907,-3.969103358616695,1.8160128170730778,-15.537527683768387,2.278566949587631,-8.071989681091674,2.7691628856424972,-3.36716365784343,-4.308394145450407,280.30012287611737
455,21,5.774290309804726,-3.969120786863905,1.8160094995981177,-15.545893948270988,2.2785635997275206,-8.07157341119127,2.769158746883928,-3.3671611385496756,-4.3083830376161645,280.3001118897365
455,22,5.774290431851785,-3.9691089940091095,1.8160069675788257,-15.544181937768029,2.2785629909984366,-8.071244574083922,2.7691603695502773,-3.3671615539405,-4.308391394112763,280.30010069887305
455,23,5.774290236938088,-3.9691214804291097,1.8160028107422967,-15.539477180398634,2.278567094964716,-8.07196131485061,2.769161628243101,-3.3671608180576147,-4.30838859728614,280.3001050719653
455,24,5.774290332939475,-3.9691268247445297,1.816004652376341,-15.557676244152791,2.278566142609573,-8.07047896175525,2.769158991087678,-3.3671600186813664,-4.308379322942701,280.300104586327
455,25,5.774290581091854,-3.969098891092412,1.8160083795225486,-15.539009061576923,2.2785633000651484,-8.070814979485101,2.7691632276157643,-3.367163489994654,-4.308395539495464,280.3001156212488
455,26,5.774290455239361,-3.9691088886280985,1.816010902361811,-15.546615708623124,2.278568117100556,-8.071624124059648,2.769160337437749,-3.3671619656691956,-4.3083880879923155,280.30012066314595
455,27,5.774290379102088,-3.969118666470472,1.8160065992780285,-15.544216763506972,2.2785664651059587,-8.071250495885566,2.7691629613364124,-3.367162802975184,-4.308391011647685,280.30011369222774
455,28,5.7742905968611105,-3.9691216582923796,1.816007714386088,-15.539409877355238,2.278564487341082,-8.071439833162984,2.7691595349831695,-3.3671624104595987,-4.308386443144249,280.3001002168754
455,29,5.774290194861976,-3.969092336524215,1.8160051983895682,-15.545881877730572,2.2785688214529545,-8.071728063214948,2.7691598843431935,-3.3671612836870026,-4.308390636070892,280.3001096847618
456,0,5.774290230862994,-3.9691218294911805,1.816007613285155,-15.550887787275565,2.2785600606419987,-8.072013852068645,2.7691600731009745,-3.3671602620290213,-4.308392154516259,280.3001126105127
456,1,5.774290202882333,-3.969103275412088,1.8160042197264339,-15.543345826106346,2.278562234866046,-8.070702738162678,2.7691574277779987,-3.3671624701144354,-4.308382736614215,280.3000899279544
456,2,5.774290296504538,-3.969110940173589,1.8160064999350356,-15.54545117618868,2.278562269479823,-8.070648217104461,2.7691582375142696,-3.3671634934505477,-4.308386985575828,280.30010044370624
456,3,5.774290510742077,-3.9691111802414327,1.8160019738772635,-15.5323758906019,2.2785653468742972,-8.072101558493829,2.7691627039525724,-3.367162525021366,-4.308384398200469,280.300123853733
456,4,5.774290215853845,-3.9691153425774397,1.8160038205404705,-15.549031981619407,2.278563107884727,-8.071420487107693,2.76916187567524,-3.3671606589738605,-4.308385870358347,280.3000880631806
456,5,5.774290257252041,-3.969129573196314,1.816006602638509,-15.53536456075736,2.278563306371745,-8.071674041692994,2.7691621015823493,-3.3671628492774386,-4.308384078928542,280.30011090127937
456,6,5.774290457611789,-3.969129652399342,1.8160053626264425,-15.540829338156579,2.278563524003064,-8.071844294200877,2.769159295168305,-3.367160777431665,-4.308380660946099,280.3001028238117
456,7,5.77429026600661,-3.969118733379983,1.8160059935433757,-15.561283708202758,2.278560130332735,-8.070897994440312,2.7691585348266767,-3.3671608903020647,-4.308390491022333,280.3001071570784
456,8,5.774290279076951,-3.969129649448133,1.816006135231318,-15.54849177293653,2.2785689535490796,-8.071352845183098,2.769160131784867,-3.367160413346961,-4.308379461690588,280.3001121799688
456,9,5.774290337930265,-3.9691210030910073,1.8160101706103118,-15.555351737957627,2.278563456844549,-8.072023129471237,2.769159445760872,-3.367160999880797,-4.308395232320139,280.30011788724744
456,10,5.7742906800861915,-3.9691187073283882,1.816004475031018,-15.542342971366814,2.278559629217017,-8.071670082747135,2.7691598795484746,-3.3671618442817057,-4.308388945343828,280.3001101438832
456,11,5.77429015563981,-3.9691198221096395,1.8160050733893316,-15.543144610126404,2.2785631294400472,-8.071410718145891,2.7691614133577245,-3.3671625825832927,-4.308384659852891,280.30009286003536
456,12,5.774290465213906,-3.9691272670470563,1.8160053492211237,-15.555637997008104,2.2785634393590386,-8.070902430397238,2.769158513483556,-3.3671598997180547,-4.3083818864657255,280.30010921155326
456,13,5.77429045713876,-3.969111608284784,1.816003140844527,-15.54220928170095,2.278565552012942,-8.071116104644796,2.7691576327532275,-3.3671602012557496,-4.308379540293046,280.30008791362565
456,14,5.7742901940145615,-3.9691039511087363,1.8160050035074276,-15.542582311164605,2.278562955289916,-8.072063506795029,2.7691639389176026,-3.367162992777086,-4.308400148614884,280.3001019642429
456,15,5.774290193572771,-3.9691161099195087,1.8160040414380407,-15.551142675907215,2.2785658232037322,-8.070862572506583,2.7691591228710934,-3.3671607276278706,-4.308379570816194,280.3001038535904
456,16,5.774290415955931,-3.969115607732344,1.816002987219935,-15.546271683481347,2.278560164990406,-8.072366133026513,2.7691596105100613,-3.3671606541077694,-4.308392553367138,280.3001043907162
456,17,5.774290373611072,-3.969102658243498,1.8160042775132634,-15.553089041000277,2.278561009287317,-8.070571948048194,2.7691628449868277,-3.3671624814460985,-4.308388882544145,280.30010158422965
456,18,5.774290439651437,-3.969100291628236,1.81600634493333,-15.541832685901953,2.2785590961569966,-8.071407856336947,2.769162148502267,-3.367162348663063,-4.308393140134023,280.30011881968574
456,19,5.774290435674288,-3.9691092994589368,1.8160087495036217,-15.542914754893683,2.2785618459994406,-8.071471922265415,2.7691575258199883,-3.3671610512335186,-4.308382862255565,280.3001018357653
456,20,5.774290287014775,-3.969113438245375,1.8160076313612081,-15.557555321389207,2.2785646580188477,-8.071314175312066,2.7691612321762267,-3.36716045664345,-4.308386670171172,280.30008618479064
456,21,5.774290378006076,-3.969095316666818,1.8160039737309257,-15.538375501613707,2.278560893905176,-8.071759525088131,2.7691628613918953,-3.367162371559154,-4.308389453809611,280.3001129552103
456,22,5.7742905161790645,-3.969135492904555,1.8160045138512184,-15.547002507071895,2.2785613087190835,-8.071089029857449,2.7691582881308863,-3.367161006072587,-4.308385824508429,280.3000905423372
456,23,5.774290221227763,-3.969109557783894,1.8160043172553952,-15.55515691293587,2.27856531864688,-8.071134267447174,2.769159668868804,-3.3671601737589967,-4.308384101542263,280.3001034423798
456,24,5.774290227877297,-3.9691031866793987,1.816005558189712,-15.543137389398039,2.278563243872873,-8.071277360203135,2.7691588175412463,-3.3671610242618017,-4.308384561411685,280.30010379723075
456,25,5.774290540886095,-3.9690973748631375,1.8160043665224066,-15.545474019728434,2.2785597434232407,-8.07095592785332,2.7691624405537176,-3.36716270440604,-4.308387953831173,280.30010378706675
456,26,5.774290441244426,-3.9691220654527397,1.8160062239906865,-15.538712722273315,2.2785664456501364,-8.071819392637378,2.7691581716164846,-3.3671605956661845,-4.308378914130128,280.3000942259034
456,27,5.774290430965156,-3.9691155329375527,1.8160110497493065,-15.544308812540256,2.278566331389609,-8.071843120370488,2.7691624913647472,-3.3671629844560473,-4.308394911147624,280.3001276407192
456,28,5.774290485352207,-3.9691066939383814,1.8160080333117872,-15.546750788266824,2.278559516275531,-8.07134065636498,2.7691602840682963,-3.3671606766473174,-4.308385949807894,280.30011672174635
456,29,5.774290327581541,-3.9691268366122765,1.816013201208578,-15.535515207430308,2.2785625299989,-8.07121338355061,2.7691579553024703,-3.367163170140516,-4.308384989452772,280.3001064608219
457,0,5.774290414048152,-3.969123259692992,1.8160060653704755,-15.550965511408759,2.27856549648803,-8.071167072883561,2.7691606038638095,-3.367161457394143,-4.308382450399818,280.30009796219275
457,1,5.774290034372788,-3.9691169458896267,1.8160039173941005,-15.550134609533632,2.2785622175760283,-8.070779784957098,2.76916239543607,-3.3671620751087428,-4.308389193908319,280.3001105531607
457,2,5.774290418636861,-3.9691099383544075,1.8160022340409474,-15.551065557306377,2.2785618663217133,-8.070623540081495,2.769156686202173,-3.3671597561589097,-4.308374903110467,280.3001113700751
457,3,5.774290211124465,-3.969112229496665,1.8160026057984737,-15.553584493808263,2.2785636201531347,-8.071665315724658,2.7691600044419804,-3.3671590446114683,-4.308383211097419,280.30010837339785
457,4,5.774290058902171,-3.9691037780791825,1.816003833135869,-15.539018213525301,2.2785673795022356,-8.071526974334342,2.7691594140161815,-3.3671625032434136,-4.308389673476269,280.30011999909266
457,5,5.774290370011074,-3.9690928413172815,1.8160045620705834,-15.544813964856152,2.2785666488529404,-8.071840786123675,2.7691609493674614,-3.3671620816334764,-4.308387551469771,280.3001143381443
457,6,5.774290549387649,-3.969089779693565,1.816004868825909,-15.541495667083444,2.2785634806645514,-8.07145607731988,2.7691605374450328,-3.367162478024168,-4.308391303581276,280.3001062965845
457,7,5.7742902702412175,-3.9691077528811927,1.8160030424291507,-15.551979379601384,2.2785618867742046,-8.07102245312397,2.769160276058573,-3.3671615064643468,-4.308387661164607,280.3000995158594
457,8,5.7742902463169585,-3.969105129517349,1.8160063863642224,-15.545458533657552,2.278565853917158,-8.070974556241493,2.7691593594374395,-3.3671615464779574,-4.308386378376316,280.30010269498734
457,9,5.774290307834288,-3.9691085118083556,1.8160023299184416,-15.538908980671323,2.278568730953606,-8.072169514744239,2.7691570098990765,-3.3671593237371478,-4.308377431511854,280.30012064856544
457,10,5.774290432560363,-3.969100896010488,1.8160028600315024,-15.540639479494375,2.2785674745115174,-8.072432115263906,2.7691577608798577,-3.3671605099783135,-4.30838271577819,280.30011430386423
457,11,5.774290319950194,-3.969118256115025,1.8160067894148362,-15.5512681671914,2.2785635452039954,-8.070143846158114,2.769159995963454,-3.3671620533280318,-4.30838231336459,280.3001056117681
457,12,5.774290241185235,-3.9691157931398506,1.8160086531021813,-15.54511966496474,2.278560966673934,-8.071954636740944,2.769160335807418,-3.3671622276255206,-4.308391440296186,280.30010367711554
457,13,5.774290320072619,-3.9691115834876918,1.8160034983159608,-15.552216719820667,2.2785593019325607,-8.071219385388602,2.7691617881610044,-3.367161302430376,-4.308389072951062,280.30011288597075
457,14,5.774290191531265,-3.9691078372332296,1.8160092992182668,-15.552495014468814,2.2785654299603957,-8.070955733468713,2.769158170125766,-3.367160789132163,-4.308378967962479,280.3001025899879
457,15,5.7742903629956635,-3.9691080351551284,1.8160063269392783,-15.543969038986912,2.2785692504738657,-8.071251529177983,2.7691598380793687,-3.3671603728164725,-4.308381731935936,280.300128411964
457,16,5.774290302419874,-3.9691157196043627,1.816003298004359,-15.533042626452417,2.278564658961555,-8.072060670290883,2.769162247768171,-3.367162421117642,-4.308386323922529,280.30010147103053
457,17,5.774290307760296,-3.9691131222754374,1.8160018723017162,-15.551769518533069,2.2785647363500434,-8.07169032508293,2.7691597467635622,-3.3671606402098972,-4.30838434273215,280.3001114711701
457,18,5.774290276061481,-3.9691205001721883,1.8160052121832884,-15.543128008288306,2.2785668375652337,-8.071163126030212,2.769161520145317,-3.36716269093804,-4.30838559796987,280.30009241624833
457,19,5.774290377881578,-3.9691229192786177,1.8160036612741215,-15.550212191784379,2.278564415346199,-8.071154746427426,2.769158149461081,-3.367159590250625,-4.308376709702408,280.3000992705327
457,20,5.774290351259687,-3.969124290195363,1.816004106264788,-15.555293236254778,2.2785606919111983,-8.070379227081132,2.769158710290642,-3.3671609057765406,-4.308384943666654,280.30009670932435
457,21,5.774290556546216,-3.9691001749512536,1.8160014148840036,-15.55136913057299,2.278565604218037,-8.07137442004187,2.7691599401411744,-3.3671593492244702,-4.308383742398148,280.3001182284437
457,22,5.774290433434461,-3.969112830849095,1.8160061686547322,-15.545790616401192,2.2785620061445773,-8.070771325503785,2.769159437021786,-3.3671616827012856,-4.308382571810937,280.3001032687624
457,23,5.774290291555482,-3.9691132260653816,1.8160067291210351,-15.556354320810343,2.2785585269457975,-8.071392638915857,2.769159794551992,-3.3671614060789286,-4.308393382367249,280.30011174409367
457,24,5.774290433552189,-3.969116513591042,1.816004108811946,-15.550182238572177,2.278564097946956,-8.070577598249589,2.7691601294532715,-3.3671609610359656,-4.308386317402151,280.3001020093708
457,25,5.774290386107719,-3.9691181068070986,1.8160032117226508,-15.549271291043238,2.2785613510872627,-8.070541521356057,2.769159849318904,-3.3671616814466296,-4.3083831949541,280.300108901574
457,26,5.774290188608181,-3.969111066029087,1.81600285461275,-15.54538849080855,2.2785626366747875,-8.07097235056074,2.7691617048032606,-3.367162406291334,-4.3083942930781,280.300098929368
457,27,5.774290482622165,-3.9691244026660564,1.8160040716270511,-15.551457397488717,2.278563044709188,-8.071299946317634,2.7691584244206875,-3.367159540885358,-4.308382773524936,280.30010695646666
457,28,5.774290260528002,-3.969129720056205,1.8160077083679356,-15.544203980080606,2.278561721627689,-8.07109119599386,2.769159758004861,-3.3671621843004873,-4.308387681922354,280.3001059532625
457,29,5.774290262276042,-3.9691270401010765,1.8160053884267588,-15.558458043778302,2.2785586752581795,-8.071301048744035,2.7691598403482045,-3.3671599509920473,-4.308381554167515,280.30010283827755
458,0,5.77429032284217,-3.9691132502681024,1.815998602705041,-15.542809966549779,2.2785624224494003,-8.070839863268825,2.769159230900971,-3.367161257073916,-4.3083824471179835,280.3001083028673
458,1,5.774290261145986,-3.9691102475777784,1.8160048292648294,-15.545867830837878,2.278562244624138,-8.071126249601509,2.7691588442540214,-3.3671605398330855,-4.308378494158703,280.3001029614658
458,2,5.774290250556655,-3.969102289350268,1.8160000576711939,-15.545880024088634,2.2785600924113547,-8.0715927942499,2.769161229874548,-3.3671619165842763,-4.3083903024657415,280.30010479641174
458,3,5.77429018361838,-3.9691264348975337,1.816009368132829,-15.55152051410036,2.2785646272590943,-8.070551961250356,2.769158720486289,-3.367162582086895,-4.308384229178817,280.30010604973893
458,4,5.774290318081984,-3.969120733108743,1.816004591107496,-15.54959833495078,2.278565526481359,-8.070861073350382,2.7691596297567496,-3.367161170518121,-4.308380536000178,280.30009526233846
458,5,5.774290347101189,-3.9691260672953272,1.8160039939870358,-15.548167081942717,2.278566104999385,-8.071092175624115,2.76915839849084,-3.3671605777978217,-4.308378559185793,280.30009690708664
458,6,5.774290147007701,-3.9691281959313995,1.8160080080442935,-15.542871227258876,2.278563940632605,-8.071186904841493,2.7691598288679855,-3.3671626373778896,-4.308381823741287,280.30009758358847
458,7,5.774290451849487,-3.969119308153337,1.8160048781179954,-15.546060195568867,2.2785667948021495,-8.071242687764906,2.769158675484703,-3.3671622490321824,-4.308389015138866,280.3001062953573
458,8,5.77429035112651,-3.9691014903304915,1.8160056949592827,-15.541631362874023,2.2785653062482467,-8.07135624529186,2.76916180379393,-3.3671627209501565,-4.308388644338389,280.30009840805803
458,9,5.7742902398313,-3.9691237463259843,1.8160019753772876,-15.554220098654719,2.278560970765322,-8.069661359054994,2.7691580496952337,-3.3671606091537574,-4.30837645488289,280.3000974549568
458,10,5.774290497428761,-3.9691161164585584,1.816005430234193,-15.551459679598157,2.2785651031262284,-8.070921830417145,2.769159855516237,-3.3671611288097774,-4.308380048389129,280.3000939677803
458,11,5.77429019738881,-3.9691079561482847,1.8160026098109212,-15.555040103825732,2.278559084672156,-8.069985795343984,2.7691557713587285,-3.3671596809071924,-4.308378116699778,280.3001119636382
458,12,5.774289979294254,-3.969110847743323,1.8160028104139385,-15.553033020824913,2.2785648111059684,-8.071308813115678,2.769163099789879,-3.3671622578083826,-4.308393021776403,280.30012263688934
458,13,5.774290370189032,-3.9691141879496215,1.8160064509329945,-15.542280020561357,2.2785636781342506,-8.070931470173027,2.7691594050155595,-3.3671620238485365,-4.308384262050529,280.3001025595014
458,14,5.774290357322411,-3.9691311482736715,1.8160023105823915,-15.552109262300247,2.2785585085510554,-8.070400420094543,2.769159337451672,-3.3671621348450924,-4.308388931856446,280.30010833766596
458,15,5.774290243568077,-3.9691326547718377,1.8160025056604092,-15.547519447360113,2.2785610525154594,-8.070470141121199,2.7691590305913154,-3.3671616139640044,-4.308385415104568,280.3001182023797
458,16,5.7742902091921025,-3.969108573625584,1.8160084747980583,-15.547402970197728,2.278564078987641,-8.0718680950243,2.7691595479360696,-3.367160732934498,-4.308388132192342,280.30010793564315
458,17,5.774290184354893,-3.96910677007784,1.8160099193488861,-15.555670251609145,2.2785596792448004,-8.07167395174634,2.7691614402650884,-3.367162313084553,-4.308393923890038,280.3001059049576
458,18,5.774290175304344,-3.969115767767895,1.8160020046767527,-15.550765443656312,2.2785651025225797,-8.070960937728817,2.769164130124514,-3.367161211639523,-4.308384483322649,280.30011999831345
458,19,5.7742902274482715,-3.969111597011823,1.8160090853767725,-15.547565407515128,2.2785634958083256,-8.070971061108063,2.7691573281925526,-3.3671620678638545,-4.308380266295071,280.3001042222208
458,20,5.774290313419867,-3.9691225796254113,1.8160035457783823,-15.547011396994783,2.2785684573318936,-8.07106034366067,2.7691595869070356,-3.367162645063386,-4.308385139361255,280.3001143981769
458,21,5.774290434150407,-3.9691218998947244,1.8160005625470208,-15.549602053621367,2.278562861931295,-8.070893806917706,2.76916238944688,-3.3671606161674963,-4.308386337151903,280.30013023592517
458,22,5.77429012942221,-3.9691121691960705,1.8160035888159471,-15.55345736612997,2.278563151982957,-8.070844689092311,2.769162163332193,-3.3671611445886898,-4.308388075992839,280.30011500271434
458,23,5.774290473909077,-3.9691147285215957,1.816001062072187,-15.552594577755274,2.2785620910561577,-8.071214007019304,2.7691615309293525,-3.3671610465462587,-4.308391318196513,280.3001193791213
458,24,5.774290140256796,-3.9691317849042473,1.8160051525495635,-15.54225369474219,2.278565450545233,-8.071018399914946,2.769159386790861,-3.3671622021952823,-4.30838605562981,280.30009901506645
458,25,5.7742905038818675,-3.9691201870890294,1.8160045702974008,-15.549346632214052,2.2785624436532554,-8.070702850678067,2.7691597583080023,-3.3671611276735423,-4.308384210702509,280.3001015298688
458,26,5.774290476956148,-3.9691319606291717,1.8160054368034044,-15.546388415603017,2.2785610839930532,-8.070465278367008,2.7691592749512313,-3.3671619444467975,-4.308379219245223,280.30010221053936
458,27,5.774290553882846,-3.9691168377213004,1.8159966875355524,-15.549150584780037,2.2785624380242155,-8.071037970384602,2.769158652457951,-3.3671595724698538,-4.308376186552844,280.3001235510081
458,28,5.774290262687465,-3.9691122292275907,1.8160094587470679,-15.54751381266877,2.2785626820643516,-8.070790968858097,2.7691594963821795,-3.367162939867828,-4.308386735010155,280.3001269533688
458,29,5.774290266379306,-3.969102301068388,1.8160029157253856,-15.548850620446512,2.2785623154140087,-8.071289674981248,2.7691610565052067,-3.3671614872935973,-4.308391599903364,280.3000893606697
459,0,5.774290351529017,-3.9691059969883655,1.816004995367954,-15.543143255292147,2.278565581930177,-8.071903395201586,2.7691616084294433,-3.367161588073508,-4.308389794269225,280.3000901149643
459,1,5.774290393914484,-3.969118034596399,1.8160032661469194,-15.542525497548963,2.278561382206557,-8.070678975171555,2.7691601892058366,-3.367161480412586,-4.308381805526164,280.3001121716535
459,2,5.7742904125973915,-3.969116144494473,1.8160032058383881,-15.546777362293055,2.2785642199833873,-8.071033043908832,2.769160853062759,-3.3671610675645947,-4.308383132676174,280.3001027109301
459,3,5.774290304457829,-3.9691113970960057,1.8160037756048222,-15.549362261164548,2.2785629234714193,-8.071200218766547,2.7691597197638833,-3.3671605668410636,-4.308381793325189,280.3000970166455
459,4,5.774290305078409,-3.9691153219418402,1.816002895089784,-15.543420587175596,2.278566579103533,-8.071566645171446,2.7691603829793943,-3.3671619004119817,-4.308387944341867,280.3001080041057
459,5,5.774290466088274,-3.969119123912109,1.8160056063175507,-15.541438739127155,2.278563976474862,-8.071000889268788,2.7691598876162655,-3.367162379048881,-4.30838064332849,280.30009973188606
459,6,5.774290369614053,-3.9691260892728972,1.8160039108362556,-15.542350191178187,2.278565783434778,-8.070977887426528,2.7691588021026354,-3.367160971027562,-4.308377664829135,280.30009585975336
459,7,5.774290288405074,-3.969122694387887,1.8160026914839231,-15.547322380985829,2.2785657019849292,-8.07069486065644,2.769161306514762,-3.3671618454168706,-4.308377167942019,280.30009468654197
459,8,5.774290368747114,-3.9691375033895024,1.8160039469198803,-15.547402880588841,2.2785618988691945,-8.070918875478332,2.7691588754272747,-3.3671614680552633,-4.30838096173637,280.300102270951
459,9,5.7742904345190045,-3.9691185705400853,1.8160029071593375,-15.541918574072342,2.278564059465749,-8.071227400398055,2.7691588639538613,-3.3671615284679874,-4.308382510538592,280.3001049280066
459,10,5.774290208311811,-3.969114489954743,1.8160035278106028,-15.541881927579881,2.278564436169816,-8.071666304298398,2.7691611870907145,-3.3671620561589535,-4.308385555986468,280.300098465152
459,11,5.774290518951652,-3.969118526776223,1.8160073437154662,-15.543532862511983,2.278568927966928,-8.07096165200535,2.769160069570653,-3.367162039783118,-4.308383466638927,280.3001092674141
459,12,5.774290544670841,-3.9691257922704044,1.8160077871451743,-15.549162980528848,2.2785671087087196,-8.07099325114524,2.7691596345103933,-3.3671607833940667,-4.3083785934571,280.300114887467
459,13,5.774290392918815,-3.9690985392084053,1.816006133965074,-15.545823200820834,2.278561606720888,-8.071376875980235,2.7691601140134416,-3.367162190421081,-4.308388770205112,280.3001124943214
459,14,5.774290196181633,-3.96911919107086,1.8160004914657804,-15.54382066227362,2.2785638027039843,-8.070828621623727,2.769160008209285,-3.367161622998072,-4.308381177677727,280.3001073448631
459,15,5.7742904111191,-3.969130161580419,1.8160067835055949,-15.549935435852008,2.2785629413163715,-8.0707239734042,2.7691580925645063,-3.367161029647824,-4.308381309346569,280.3000969714651
459,16,5.774290261939913,-3.969112907576477,1.816004564970619,-15.547929001238122,2.278564746643259,-8.070576738537017,2.7691599987045414,-3.367161919800559,-4.3083829589768765,280.3000976028354
459,17,5.774290359679406,-3.9691225164260957,1.8160034936499034,-15.543572017190483,2.278563375249007,-8.071166840605223,2.769162873836719,-3.3671624257885666,-4.308385121696631,280.30011159849647
459,18,5.774290051455042,-3.969112545382144,1.8160018210162423,-15.544763282885851,2.278564068722559,-8.071144452294874,2.7691606969039815,-3.367161994637253,-4.308384060682825,280.3001111112076
459,19,5.77429046791056,-3.9691125890366123,1.8160031647561685,-15.552804665387342,2.278558631664822,-8.07140299414373,2.769157827025512,-3.367160173790641,-4.308382388103066,280.30010863932614
459,20,5.7742902764749235,-3.969111174709307,1.8160065792965936,-15.542899122536598,2.27856261482864,-8.07191033451355,2.7691584600892676,-3.367160161111457,-4.3083838919525625,280.3001030448939
459,21,5.774290259228837,-3.9691135009367633,1.8160036066318468,-15.54269129126378,2.278566507821778,-8.07110476665705,2.769161147823761,-3.367162238228921,-4.3083862705632585,280.30009806533764
459,22,5.774290174614576,-3.9691075100311966,1.8160052755577933,-15.548622507318052,2.278563740927128,-8.071091796213599,2.7691587156481154,-3.3671610360151383,-4.308384511258809,280.30010365581825
459,23,5.774290356129228,-3.9691011940994874,1.8160036680171199,-15.544811347376282,2.2785653991251325,-8.071386125249843,2.76916024539769,-3.367161600844518,-4.30838230221393,280.30009422469715
459,24,5.774290103908184,-3.969127678692074,1.8160069456853756,-15.553364838987669,2.278564907730164,-8.070798353523202,2.7691635842894042,-3.367162561416128,-4.308384823006256,280.3000962010422
459,25,5.7742906199985775,-3.9691284296865965,1.8160069755067212,-15.552569780298187,2.2785630976444162,-8.070822174513145,2.7691598319093584,-3.3671617075175195,-4.308381101271222,280.3001053986328
459,26,5.7742902865386245,-3.9691318502816944,1.8160034717124263,-15.541370128414647,2.2785666276044667,-8.070861604643632,2.76916071299417,-3.367162114363137,-4.308382847367123,280.30009467122545
459,27,5.774290240273794,-3.969116055618971,1.8160044212163138,-15.546568249340341,2.2785641297282035,-8.070958680405198,2.7691597599866555,-3.3671614158087895,-4.308384461504711,280.3001011580431
459,28,5.7742902690051565,-3.9691261838637955,1.8160052222942713,-15.548120756168872,2.278564347740091,-8.070994796275077,2.7691585218284795,-3.3671610058767474,-4.30838301130521,280.30009773230404
459,29,5.774290388996843,-3.9691361995817016,1.816003645617784,-15.557723729162568,2.278563084319769,-8.070450392706588,2.7691583751323665,-3.367160626633959,-4.308379777880524,280.30010092290763
460,0,5.774290519096784,-3.9691264371786015,1.8160065634266775,-15.542000212368643,2.278563226739983,-8.070962215565855,2.7691628489645823,-3.3671627860604727,-4.308382539378764,280.30011061723235
460,1,5.77429065157292,-3.9691212975296826,1.816003880311277,-15.54611942672473,2.2785643958212662,-8.071133240341615,2.769159599141389,-3.367160992578403,-4.308383322769643,280.3000998502443
460,2,5.774290031693028,-3.9691301040007643,1.8160052552216697,-15.548750245790206,2.278565668718617,-8.070892526672377,2.769162830763537,-3.3671628090058725,-4.3083841452984615,280.3001065371804
460,3,5.774290486897408,-3.969117266751826,1.816004965876598,-15.553531101604607,2.278564634997958,-8.071149290288657,2.769161542336743,-3.367161420227793,-4.308390845624104,280.30010131958056
460,4,5.774290261683298,-3.9691056527138247,1.8160049225843946,-15.54434735160185,2.2785628530387734,-8.07102335926539,2.7691604181267317,-3.367161629030495,-4.308384083756782,280.3000899066262
460,5,5.774290362410511,-3.969119380743993,1.816005641592453,-15.549162322943014,2.278565419259596,-8.070618134070852,2.7691622106328806,-3.367161916300043,-4.308386609520693,280.300112380761
460,6,5.774290306935512,-3.9691067517601546,1.816004391459673,-15.551590182710918,2.2785635157850925,-8.071086257883564,2.7691610232179515,-3.3671613291611737,-4.3083889916237315,280.30008166650236
460,7,5.774290529318798,-3.9691167752495122,1.8160062611807397,-15.542446804940255,2.2785624758603276,-8.071050709250766,2.769158141636653,-3.3671610052725316,-4.308383807068995,280.3000977783048
460,8,5.774290223696472,-3.9691251132483627,1.8159983573903662,-15.540663496363003,2.2785699817910436,-8.070889484292783,2.7691587420431625,-3.3671606245104475,-4.308375795680116,280.30012895413233
460,9,5.7742903756157276,-3.969112139854247,1.8160020878556082,-15.544447055982376,2.2785647988029525,-8.071155877649504,2.7691619448335536,-3.3671617199510036,-4.308382305834099,280.30011385427497
460,10,5.774290215772728,-3.969119190742972,1.8160058618028643,-15.549943892674504,2.2785659103548865,-8.071252075890277,2.7691610673545135,-3.3671612545991145,-4.308387622826799,280.3000987773112
460,11,5.774290414434786,-3.969100060650908,1.8160030993276954,-15.543112102845019,2.2785645050977634,-8.071573043679471,2.7691615671001397,-3.36716193909149,-4.308391176433988,280.30010838606995
460,12,5.774290330642935,-3.969130396785489,1.8160066456595745,-15.53991376981917,2.2785657782400635,-8.072072123180673,2.7691609740609384,-3.3671618170359903,-4.308385662409337,280.3000924692342
460,13,5.774290339976304,-3.9691095640656293,1.8160045326353924,-15.544971312250416,2.2785674906689124,-8.070840186682053,2.7691626545039454,-3.367162424369556,-4.308388099713522,280.30011978326894
460,14,5.774290235901264,-3.9691196381910014,1.816005411073739,-15.544143220455098,2.278565756448033,-8.070656286182802,2.769160065776918,-3.367162181189965,-4.308384558646255,280.30009836476086
460,15,5.774290424099771,-3.969115629092598,1.8160063926095846,-15.54168559481946,2.278564435319801,-8.071595634359113,2.769163100926778,-3.367162690093377,-4.308395489346071,280.30011164715876
460,16,5.774290386681486,-3.9691118738979667,1.8160064583710964,-15.540646536376634,2.278565071110357,-8.071323075432092,2.7691598174189345,-3.367161984814451,-4.308385037622286,280.30010463418677
460,17,5.774290318985294,-3.969115374885669,1.8160028927441685,-15.545429986755272,2.2785646437071274,-8.071445688710979,2.7691617458483413,-3.367161604780706,-4.308381746515586,280.30009286759355
460,18,5.774290103013745,-3.96910737118869,1.8160020209479677,-15.538401364710925,2.278566454216078,-8.070314479723828,2.7691618378021987,-3.3671636287677003,-4.308382592649828,280.3001090142119
460,19,5.774290102825081,-3.969115531927973,1.8160010031072844,-15.544264134420025,2.278564741522366,-8.070169740906373,2.76916006013846,-3.3671623006226983,-4.3083759375920305,280.30011430561694
460,20,5.774290299249205,-3.969101604798004,1.8160041490542622,-15.55529224500484,2.2785637591011687,-8.071086054466294,2.7691603292233813,-3.3671606666867206,-4.308390234530961,280.300097080496
460,21,5.774290392064976,-3.969106211629013,1.8160032745146382,-15.54541279727617,2.278564228520635,-8.070889756259758,2.769160917882431,-3.3671620788362118,-4.308385740275651,280.3001051038076
460,22,5.774290154023001,-3.9691261069610326,1.816005305678476,-15.539255357181567,2.278568738311434,-8.071496317129766,2.7691616949761317,-3.367162298469807,-4.308383198349163,280.30011549080984
460,23,5.7742903646539565,-3.969113928348413,1.8160065483944894,-15.552383816437395,2.2785634241566632,-8.07005262715313,2.769156904356338,-3.3671610880642793,-4.308371769229367,280.30011656608644
460,24,5.77429030706988,-3.9691271470124088,1.81600568573532,-15.550025733211003,2.2785640795879893,-8.071090150147231,2.769158461514376,-3.3671604474725227,-4.308378640458031,280.30009962334367
460,25,5.774290379185067,-3.9691247564632492,1.8160059635132115,-15.543531392329543,2.278565474322989,-8.071233271372625,2.7691627234054876,-3.367162527566648,-4.3083829256387425,280.30011325461896
460,26,5.77429053292142,-3.9691071843352135,1.8160078151778505,-15.552483921276153,2.278563118954766,-8.071068120090862,2.769158616236,-3.367160589987792,-4.308378623129072,280.3001072981197
460,27,5.774290261615961,-3.969123214915208,1.8160027738054134,-15.554542780570502,2.278563700929179,-8.070984074816952,2.7691601939962873,-3.3671602489866914,-4.308378678557142,280.30010186619734
460,28,5.774290262301762,-3.969115110678885,1.8160029309350152,-15.542568241996136,2.278565044423497,-8.070955696650483,2.769159514335761,-3.367161148482598,-4.30837793761099,280.3001176405261
460,29,5.774290288744855,-3.969117383512573,1.816003566293822,-15.543562131157634,2.278564721823667,-8.070678319622953,2.76916050639317,-3.36716340521226,-4.3083851689355805,280.3000980457982
461,0,5.774290339074485,-3.9691169885817366,1.816004974512305,-15.55105056379298,2.2785624243064975,-8.07099711394853,2.7691598432256157,-3.367161112047457,-4.308386514325385,280.3001047925478
461,1,5.77429040265539,-3.969116386685619,1.8160055385727596,-15.547384621073496,2.2785653321596517,-8.0711629964749,2.769160861789215,-3.367161505658569,-4.308383140474006,280.30010550760704
461,2,5.774290268694749,-3.969119555666504,1.8160049664851696,-15.55417908799844,2.278564986695275,-8.070929891900205,2.7691604862423076,-3.36716052917744,-4.308384747979923,280.3001014697028
461,3,5.774290351127217,-3.9691069411520865,1.8160065662599518,-15.549360554639826,2.2785626096977447,-8.071357342154874,2.769161870312473,-3.367161743932737,-4.308388327572106,280.30009376686985
461,4,5.774290370579381,-3.9691046575633973,1.8160069323100987,-15.547552768107893,2.278563633950469,-8.071674869646634,2.7691610242637252,-3.367161418106744,-4.308386958987057,280.30010118722123
461,5,5.774290208703733,-3.969128609644549,1.816006387767175,-15.550202346227012,2.278563966363332,-8.070941819162845,2.7691581814788715,-3.367160947528494,-4.308380716143946,280.30009441654
461,6,5.774290364475891,-3.9691125309412714,1.8160066981257224,-15.542802689333234,2.2785652044456963,-8.071751183181448,2.769159452619546,-3.3671617967252097,-4.3083873156161445,280.30010554509175
461,7,5.7742902004293155,-3.9690962698543384,1.8160064668785332,-15.541914978231636,2.278561622611067,-8.071036480549532,2.7691621253825534,-3.3671635609890305,-4.30839066326861,280.3001170184449
461,8,5.774290352984206,-3.9691151716658664,1.816003792706543,-15.548747852310486,2.278561864321423,-8.070860689531736,2.769158670973138,-3.367160749694597,-4.308380446070211,280.30010805807694
461,9,5.774290319470845,-3.9691112182261272,1.8160047759937108,-15.547853372575833,2.27856326585616,-8.070802579391918,2.7691587659875756,-3.3671614616197685,-4.308385217833308,280.3000975688328
461,10,5.774290162409017,-3.9691186851685334,1.8160066495671052,-15.546950781369018,2.278563734668828,-8.071414825582849,2.769160856895455,-3.3671612084571336,-4.3083867351528715,280.3000979100248
461,11,5.774290550814121,-3.969112963163382,1.816003616006548,-15.546436393054645,2.2785628463143044,-8.07061129182075,2.7691583756381357,-3.3671612917438956,-4.308386802150267,280.30009644357233
461,12,5.7742904191109865,-3.9691099318924827,1.8160038403627412,-15.544614552199565,2.278566287000036,-8.07140324095311,2.7691608450632037,-3.367161055806883,-4.308387002808454,280.3001041389018
461,13,5.774290243723009,-3.9691209415570556,1.8160036628588883,-15.5507276902016,2.278562194538737,-8.071008790601502,2.7691591997209173,-3.367160719877311,-4.308380549215116,280.3001098115582
461,14,5.774290245265119,-3.9691010006042156,1.8160050168873372,-15.549001590683632,2.2785657781130944,-8.070807799933949,2.7691604418725086,-3.3671613644619875,-4.308388067319321,280.3000877432126
461,15,5.774290374010956,-3.9691064493081316,1.8160043573321072,-15.547146790836608,2.2785628407528273,-8.071054260430978,2.769159849751649,-3.3671616313068147,-4.308382433534141,280.30009275076895
461,16,5.774290329241742,-3.9691166467103374,1.8160032640678427,-15.556676828819786,2.2785610419863107,-8.070938633602122,2.769159953169479,-3.3671607337676566,-4.308384530837967,280.30010483161817
461,17,5.774290274626787,-3.9691104363615506,1.816004226421145,-15.548363361271788,2.278561955842558,-8.070893818760347,2.769161934339617,-3.3671625012090267,-4.308390271697177,280.30008983176833
461,18,5.774290297659189,-3.9691187499813183,1.8160043983720682,-15.548160467577022,2.2785624573408723,-8.07083322805751,2.769159983550181,-3.367161643141217,-4.30838690080372,280.30009504488334
461,19,5.774290277023356,-3.96911798655349,1.8160036392583077,-15.544752273183333,2.2785665936668362,-8.070694313227973,2.769161256649946,-3.3671625266192367,-4.308382875390211,280.3000959833067
461,20,5.774290318919722,-3.9691222646923903,1.8160061588746796,-15.541943338923158,2.278567235667919,-8.071340215413993,2.769160564633374,-3.367161851681582,-4.30838342139938,280.3001071362071
461,21,5.774290320420235,-3.969108023844942,1.816004411926792,-15.543755578346445,2.2785625309154693,-8.071238031829989,2.769161498383925,-3.367162329300108,-4.30839058953143,280.3000824639404
461,22,5.774290267350706,-3.969114049061064,1.8160052929576573,-15.543061374970039,2.278564577382523,-8.071362580759104,2.769160315412151,-3.367161745080155,-4.308384771447541,280.300105795023
461,23,5.774290192101658,-3.9691211072841286,1.8160036791980814,-15.543480144996854,2.278563344383934,-8.071463809362953,2.7691619316388008,-3.3671625528698264,-4.308388622431313,280.3000946529803
461,24,5.774290382911586,-3.9691182655896813,1.8160035940762418,-15.54053788799824,2.278562461344844,-8.071649541167693,2.769160885046263,-3.367161807576646,-4.308385889456821,280.30010458175803
461,25,5.774290364740721,-3.9691115397147914,1.8160047622535425,-15.553582096038818,2.278563738620017,-8.071303889126577,2.7691588733237453,-3.3671601974153567,-4.308386921136921,280.30009971522014
461,26,5.7742902793762125,-3.9691148792002706,1.816004487120836,-15.54675061611555,2.2785627370469976,-8.071655294546877,2.7691606503121986,-3.367161423415528,-4.308386399197879,280.3000788039508
461,27,5.77429043618045,-3.9691108375767836,1.8160037110215748,-15.549268029462201,2.278561710653125,-8.071567450952573,2.7691610791585446,-3.3671614978618885,-4.308392471882312,280.30010647407846
461,28,5.774290353060523,-3.969126590309564,1.8160055204314074,-15.546338921331254,2.2785665233534567,-8.07174098843736,2.769159494936346,-3.3671613437171772,-4.308386895671929,280.30010735592725
461,29,5.774290215125224,-3.9691213987367298,1.8160059004496762,-15.546892717138638,2.2785652463241814,-8.071099007152556,2.769161063978887,-3.3671623521370257,-4.308385199439638,280.3000934304281
462,0,5.774290153522556,-3.96912083163032,1.8160058568913404,-15.553335716809206,2.2785637461810806,-8.070668724939022,2.7691612178479965,-3.367161979956428,-4.308384794429893,280.30009757885375
462,1,5.77429028693208,-3.969103582958625,1.8160054210923438,-15.550155232998817,2.278563750656843,-8.07098657533466,2.7691585894283497,-3.3671611061545974,-4.308385395970497,280.30010042898454
462,2,5.774290367230989,-3.9691224797485662,1.8160065108937016,-15.549690428041817,2.2785626855501038,-8.070843917054509,2.7691580912270286,-3.367161706166059,-4.308379286303193,280.30010408336943
462,3,5.774290389356172,-3.9691109477738036,1.8160029736545757,-15.54445390615554,2.2785651531349256,-8.070867285835547,2.769158256649113,-3.367161550662445,-4.308384301376158,280.30009706380963
462,4,5.774290247836417,-3.969110038723503,1.8160060536357987,-15.545918981381734,2.2785651285434176,-8.071374470808236,2.769161047544884,-3.367161933293673,-4.308386004437361,280.300096344807
462,5,5.774290409532665,-3.9691135938957927,1.8160031891885875,-15.548906772507806,2.2785621584990623,-8.071349373177082,2.7691605897342524,-3.3671611954222165,-4.3083844287312445,280.3001028941549
462,6,5.774290225619308,-3.9691205413156196,1.8160038345402256,-15.547618508360914,2.2785616584564434,-8.070916669542468,2.7691614137375984,-3.3671622163244375,-4.308385393807346,280.3000904722261
462,7,5.774290255694486,-3.969102882087618,1.8160010582849675,-15.54287190957146,2.278566398899489,-8.071579645560815,2.7691624143303377,-3.367161240675575,-4.308385710109586,280.30011902575745
462,8,5.774290358286295,-3.969113224255376,1.8160049929703361,-15.54731628227021,2.2785632278612082,-8.07094940253918,2.7691597870789013,-3.3671617778232807,-4.308383838344456,280.3000991206436
462,9,5.7742901377153535,-3.969120035508268,1.8160050725633095,-15.549166522456936,2.278563239026425,-8.071047605277586,2.7691611809682093,-3.367162631437019,-4.3083874936009146,280.3000937049278
462,10,5.77429034199444,-3.9691191045076923,1.8160062397760701,-15.548011938787612,2.278564150648189,-8.071037515704266,2.769158963533564,-3.3671608838130056,-4.308384757903127,280.3000994649295
462,11,5.7742904085720586,-3.9691155046908535,1.8160061320255723,-15.54385360348128,2.278565390550922,-8.070879755220163,2.769161759367274,-3.367163183483521,-4.308387925479553,280.30010981367224
462,12,5.774290442998955,-3.9691115000102863,1.8160038088462591,-15.553760831855394,2.2785616661451877,-8.071036111632777,2.7691599126775115,-3.367160836551649,-4.308387815431413,280.30009820766156
462,13,5.774290342563374,-3.9691265126045194,1.8160045811126233,-15.545828996432164,2.2785650067400725,-8.07066610552893,2.76915921548957,-3.3671616397344386,-4.308382281276968,280.3000976820228
462,14,5.774290287090999,-3.969109827927053,1.8160081850907124,-15.546907121122311,2.2785630439925315,-8.070976884063358,2.769160744600903,-3.36716243850653,-4.30838761139376,280.3000895133854
462,15,5.774290290547122,-3.969116553740305,1.8160046921899575,-15.542216280829665,2.2785648307759208,-8.071561622890544,2.7691624989612906,-3.367162466482553,-4.308391918285508,280.30010070858566
462,16,5.77429028780547,-3.9690952759608726,1.8160034600962556,-15.55513949913454,2.2785624401537827,-8.071298366956666,2.769161733423982,-3.367160776886989,-4.308391112505001,280.30010890317953
462,17,5.77429023501114,-3.9691157342644665,1.8160079821024158,-15.55041950671067,2.278562119179687,-8.070858418669301,2.7691595285624038,-3.367161709991201,-4.308390218236008,280.30011667303495
462,18,5.774290235329712,-3.969116451589187,1.8160043597126514,-15.554706564602606,2.278561497925617,-8.071474610776848,2.7691613011355254,-3.367161028012665,-4.308388446438604,280.30008748284405
462,19,5.774290355436518,-3.9691204187221563,1.8160050194072093,-15.548801842175592,2.278563800989442,-8.070674766418714,2.7691611258953794,-3.3671624618682476,-4.308386691660565,280.3000834112429
462,20,5.774290494896575,-3.969116030929185,1.816002659054076,-15.549734471404188,2.278561939772009,-8.070937391900623,2.769159121864084,-3.367161167075876,-4.308388799350198,280.30011634938063
462,21,5.774290306559306,-3.9691131804653215,1.8160044770954165,-15.545696494670064,2.278562533523719,-8.071429029139622,2.769161489707087,-3.3671612997460616,-4.30838841275853,280.3000823471797
462,22,5.774290570952016,-3.9691186784427486,1.8160042789676116,-15.547582159613231,2.2785605483802094,-8.070275112674347,2.769157880128563,-3.3671618633411082,-4.308382282863361,280.3000954139416
462,23,5.774290277843832,-3.969105377385134,1.8160063251293597,-15.547574212314535,2.2785621900567623,-8.070985717420822,2.769160366627051,-3.3671618877172675,-4.308388501181391,280.30009106128125
462,24,5.7742902671416045,-3.9691177424311315,1.8160048382044753,-15.547765586712595,2.278563691110764,-8.07080359847044,2.769159478834488,-3.3671617946623895,-4.308385521439794,280.30009779692057
462,25,5.774290218463418,-3.969117874693041,1.8160037626772043,-15.551228743697362,2.2785645043643568,-8.071162694644883,2.769160972164424,-3.367162046435726,-4.308386216374313,280.30010289924496
462,26,5.774290359673686,-3.9691218815177023,1.8160040711072092,-15.548958415151626,2.2785650132401276,-8.071361436735627,2.769159295977063,-3.367160176320674,-4.308384031828151,280.3001095692474
462,27,5.774290231057787,-3.9691164914304498,1.8160049756136496,-15.544425902832872,2.2785645448730034,-8.071667137619881,2.769163524702122,-3.367162890668447,-4.308389436175138,280.300099902687
462,28,5.774290341202076,-3.969107520500775,1.8160029071323662,-15.543758107319977,2.2785653491996087,-8.071192431235183,2.7691612268192682,-3.367162165274074,-4.30838703532231,280.3000844117464
462,29,5.774290325895214,-3.969100963004284,1.8160044397479307,-15.542327243534267,2.2785629206209714,-8.070952058133745,2.769160755838513,-3.3671625546298656,-4.308386209228442,280.3000791748426
463,0,5.77429030962059,-3.9691087969587198,1.8160020860492163,-15.545097973299002,2.2785633453331995,-8.071209030750056,2.7691611202574284,-3.367161592240316,-4.308382885137636,280.3000945353845
463,1,5.774290188588667,-3.9691015563005405,1.81600647927855,-15.547647164938647,2.2785622487347927,-8.071226933199593,2.769161717501694,-3.3671621483536485,-4.308390299175623,280.3001125851716
463,2,5.774290363829143,-3.969114372765636,1.816004337730428,-15.54516401733808,2.2785636574909676,-8.070982543595072,2.76916050732009,-3.367162617669796,-4.308383597359866,280.30009049063995
463,3,5.774290450750731,-3.9691157306220597,1.8160071431868532,-15.545054646185658,2.2785642052114046,-8.071000694640436,2.769159417537993,-3.3671614694580416,-4.308381438262563,280.300104985839
463,4,5.774290295819467,-3.9691066634039243,1.816005684189349,-15.544180621929947,2.2785623999003946,-8.071322892055676,2.769162053259472,-3.367162950478893,-4.308389154204095,280.30009596859867
463,5,5.774290436504875,-3.9691177901143364,1.816004661869729,-15.545138509896189,2.278561983542864,-8.07037074380212,2.76915787537004,-3.3671615828127095,-4.308382276414387,280.30009544848554
463,6,5.77429036408742,-3.9691143945574727,1.8160017873647798,-15.552558062789759,2.2785634994082065,-8.07027319470772,2.769159354546539,-3.367160792139103,-4.308379480042008,280.30011644809633
463,7,5.774290300414515,-3.9691074137480693,1.8160054760280522,-15.545457540827364,2.2785645317589016,-8.071241788133914,2.769161655689468,-3.3671616748384774,-4.308390188685727,280.30008383358347
463,8,5.7742902441840185,-3.969109394218132,1.8160071965090008,-15.550842150330359,2.2785607201335036,-8.070962952380293,2.7691608171795825,-3.36716220324647,-4.308387223945007,280.30009497738416
463,9,5.774290123145346,-3.9691162994482654,1.8160041558282172,-15.547066995795936,2.2785657899105853,-8.07105315230352,2.7691597817146785,-3.367161601484964,-4.308379085679036,280.3000957770874
463,10,5.774290183169944,-3.969110868468379,1.8160042119959812,-15.549745889484631,2.2785639123575856,-8.07065426302862,2.7691604109560872,-3.3671618057613406,-4.308385630099915,280.3000914023195
463,11,5.774290265462446,-3.9691177863571676,1.8160056491012595,-15.548022249133867,2.2785629473130946,-8.07104708499108,2.769160880667483,-3.3671625741842632,-4.308388572627328,280.3000919181684
463,12,5.77429017639796,-3.9691092685121028,1.8160063405891869,-15.543312529206235,2.2785625042480926,-8.071539439602148,2.7691643088802187,-3.367163145482825,-4.308392166665902,280.30011916684623
463,13,5.774290175215495,-3.969116394076786,1.8160061598924393,-15.549121384538214,2.2785624575239116,-8.071140864799569,2.7691618597510432,-3.367162028784581,-4.308388204750593,280.3001053597267
463,14,5.774290238339491,-3.969108194098445,1.8160053125953826,-15.546635853653223,2.278564011827602,-8.07095805495757,2.7691607033381196,-3.367162126864862,-4.308386826791451,280.3000916236591
463,15,5.774290260492498,-3.9691143409222445,1.8160060762686892,-15.551078262510893,2.2785630862000548,-8.071402696562066,2.7691606797205357,-3.3671612453116673,-4.308388876133155,280.30009151376123
463,16,5.774290243312943,-3.969117749304557,1.8160041758319865,-15.550059385132105,2.2785614693270255,-8.071054073992308,2.769160899237553,-3.3671617066711153,-4.308386149180707,280.300093154342
463,17,5.77429015736735,-3.9691098673758516,1.8160067146185905,-15.549766119252585,2.278562304029638,-8.07149179998467,2.769161416839521,-3.3671613618207883,-4.308389618914044,280.30010517287235
463,18,5.774290125314662,-3.969102013696915,1.8160062258386929,-15.545946865580992,2.278563555689047,-8.071215536214078,2.7691623198155786,-3.367162698585,-4.3083886986821875,280.3001091692248
463,19,5.774290391380025,-3.969107542992158,1.8160041392783406,-15.549061054919274,2.2785620549272627,-8.070543335758813,2.7691591593249,-3.3671616599907166,-4.30838189902635,280.30010240460695
463,20,5.774290368259951,-3.9691128626252032,1.816003504907653,-15.548133677605817,2.278560945489937,-8.070521920168677,2.76915972716711,-3.367162213617713,-4.308383568313763,280.30010053936456
463,21,5.774290373362479,-3.9691131801760138,1.8160062229854819,-15.545769180149858,2.2785631678875697,-8.071055036995496,2.7691610221597482,-3.3671619882532893,-4.308389186808232,280.3000931312832
463,22,5.774290308102253,-3.9691123717417063,1.8160032697634771,-15.549677208860983,2.2785634500818084,-8.070516571557654,2.769159097970973,-3.367161530709178,-4.308380317355081,280.30010365596195
463,23,5.774290295091361,-3.9691163834609946,1.816005557890011,-15.549825549229412,2.2785633915971837,-8.071143067495287,2.7691605375287964,-3.367161418153056,-4.308385882107191,280.30009791279707
463,24,5.774290228867762,-3.969114581979903,1.816005082218931,-15.547025040576722,2.278563279307137,-8.071164470153496,2.7691595146652626,-3.3671614863498767,-4.308385334465664,280.30011064619794
463,25,5.774290278326363,-3.969109150301807,1.816003760891419,-15.546716854886505,2.278563292356135,-8.0712173121475,2.7691613231509584,-3.3671616260074324,-4.308385805256628,280.30008237780567
463,26,5.774290301972959,-3.9691122047096483,1.8160038638793978,-15.549176403088234,2.278563428816969,-8.071091082123578,2.7691612379252253,-3.367162191301991,-4.308387905937549,280.3000825839738
463,27,5.774290278864176,-3.9691027152837504,1.8160033904909298,-15.540307849244932,2.278562548295811,-8.071358892374397,2.769161592318178,-3.367163021774885,-4.308387310413759,280.30008805250003
463,28,5.774290402548633,-3.9691049812531887,1.8160052622471279,-15.54300945671185,2.278563793584829,-8.071197655100097,2.7691595551895976,-3.3671612483518065,-4.308385270687326,280.3001076138086
463,29,5.7742903338139095,-3.9691150744068895,1.816003110530873,-15.54964680283076,2.2785621236722573,-8.071409699397648,2.769161185257339,-3.3671620261874873,-4.308387561592895,280.30008366579966
464,0,5.7742902148387225,-3.969114672396335,1.816005882600659,-15.546572582108018,2.2785640104603617,-8.070848032421951,2.769160918472624,-3.3671623370220893,-4.308385968392169,280.3000997297259
464,1,5.774290367798383,-3.969113023425109,1.816005797286463,-15.546083880240266,2.278564300896671,-8.07107506290764,2.7691606079366853,-3.3671619299706514,-4.308384932918103,280.3001015322621
464,2,5.774290189277354,-3.969102447806695,1.8160038401334897,-15.551358108550907,2.278562225427388,-8.07179917640971,2.769161717481398,-3.3671614132517624,-4.3083904238476665,280.3001025472927
464,3,5.7742902465862835,-3.9691133476356524,1.8160041374255227,-15.54607100049581,2.2785630811884072,-8.0711260976367,2.7691613095043905,-3.367161825792668,-4.308385000202488,280.30008853777116
464,4,5.774290199249894,-3.9691090716768653,1.816006014973458,-15.547640494468364,2.2785630768835965,-8.070913865443673,2.7691604255430318,-3.367162012447248,-4.3083869111662905,280.3000897151845
464,5,5.774290226779079,-3.969103925566508,1.8160018987021043,-15.556172836895824,2.278563680294217,-8.071243617167953,2.769162016956425,-3.3671607607142997,-4.30838846398884,280.3001103287115
464,6,5.7742901542100356,-3.969112953196356,1.8160063176153838,-15.545091351793639,2.2785638496085285,-8.071478108973768,2.769161122897604,-3.3671624316016504,-4.308387741446124,280.30010007479166
464,7,5.774290228854116,-3.9691108847068035,1.81600413403475,-15.553647120312268,2.2785612520135494,-8.070976655327033,2.7691617259270904,-3.3671623945008897,-4.308393068843432,280.3000903894417
464,8,5.774290274396835,-3.969107047364821,1.816003758312086,-15.545159744777225,2.278561998571324,-8.071488081593966,2.7691613362964267,-3.3671621008197423,-4.308389114933973,280.30008574970867
464,9,5.774290361424316,-3.9691120669547737,1.816002584175666,-15.544430948851131,2.2785648128997296,-8.071723434525945,2.769161171182384,-3.367161564062353,-4.308382447802334,280.30010160457675
464,10,5.774290310387644,-3.9691117691438587,1.8160044117338139,-15.548242817640912,2.2785632647786183,-8.071060864725203,2.7691610827358906,-3.3671625262104605,-4.308386450483655,280.30008090759316
464,11,5.774290279813215,-3.9691280483218248,1.816004622767968,-15.548622641890832,2.278561702658631,-8.070970039771915,2.769159781085635,-3.3671616643969102,-4.308383492351616,280.30010194511885
464,12,5.774290322038381,-3.969124496566385,1.8160031832636623,-15.549902366292812,2.2785627558713144,-8.071252446245149,2.769161026997237,-3.367160985714164,-4.308384193032546,280.30009005210474
464,13,5.774290194261557,-3.969105832253609,1.8160040365383612,-15.547051497300213,2.2785610307302795,-8.070993986488492,2.7691616006585758,-3.367162428609666,-4.308391122195626,280.30008538176025
464,14,5.774290271778467,-3.9691159008626253,1.8160030988584028,-15.545912186308108,2.278562417383816,-8.071401157863912,2.769161904333403,-3.367162023242363,-4.3083851675407585,280.30009236162886
464,15,5.774290236354299,-3.9691024571712386,1.8160051112303088,-15.546363091771957,2.2785660780851216,-8.071570786087182,2.7691619563510246,-3.36716147151012,-4.308387347742062,280.30008700761357
464,16,5.774290304574603,-3.969108039537873,1.8160046596154933,-15.548698543809477,2.2785647516554164,-8.070704555424973,2.76916106477438,-3.3671623414708503,-4.308386625150404,280.30008809375
464,17,5.7742902591872705,-3.9691170057721137,1.8160064739971467,-15.546610293499887,2.2785640429749043,-8.071629961683277,2.769160904389026,-3.367161729876073,-4.30838721224697,280.30010302388746
464,18,5.774290242664726,-3.9691128735676466,1.8160043245298823,-15.548247412241134,2.2785605892247243,-8.071222105631843,2.769161187944855,-3.3671622348178953,-4.308390976668617,280.30008309824785
464,19,5.774290219887,-3.96911822831729,1.816005012304161,-15.548159983961458,2.2785616680077405,-8.071311819189235,2.769162309588751,-3.3671624519086283,-4.308389078360929,280.300090034259
464,20,5.774290205082233,-3.9691183723271433,1.816005279880669,-15.553283754112565,2.2785645271415302,-8.070968321247253,2.7691618197916146,-3.3671619098244245,-4.308384065641073,280.3001003018594
464,21,5.774290301873291,-3.969108205084775,1.8160051383695706,-15.540773568282928,2.278563704179875,-8.070956811871763,2.7691616634581204,-3.367163491017627,-4.308389197079585,280.3000860425171
464,22,5.774290182250582,-3.9691233803806107,1.8160055607771144,-15.549332544594053,2.2785631535631903,-8.071088100575514,2.76916135910647,-3.3671621918743995,-4.308387738301451,280.30009068074355
464,23,5.774290226721328,-3.9691152708968653,1.816004989772195,-15.547062391325566,2.278562660645131,-8.070950177260507,2.7691607296157663,-3.3671621045765754,-4.30838649071347,280.3000887057702
464,24,5.774290163813502,-3.9691049338618565,1.8160049130597509,-15.54623119420625,2.278563611658124,-8.07149445064333,2.7691628390771537,-3.3671628497819164,-4.308394153490959,280.30010342801506
464,25,5.774290359527141,-3.969101415327783,1.816002034971032,-15.546606846251164,2.2785629657334083,-8.071086731932398,2.7691617995894786,-3.3671617775230445,-4.308391439922775,280.30011566787203
464,26,5.774290360077163,-3.969118185432325,1.8160036784223812,-15.541521120738018,2.2785641848349685,-8.071460539979482,2.769160148064467,-3.367161577497854,-4.308384191344043,280.30010500048303
464,27,5.774290259764671,-3.9691196562199416,1.8160046081692425,-15.551049703569369,2.278562566054429,-8.0707350232034,2.769158991856594,-3.367161421916399,-4.308382764456585,280.30010225300896
464,28,5.774290330472153,-3.9691072937291216,1.8160061688262006,-15.547489399344997,2.278563539191629,-8.071775180983256,2.7691604473665774,-3.3671609317575184,-4.308390409130513,280.3000972995477
464,29,5.77429030202094,-3.9691122434560016,1.81600264642653,-15.546612905434285,2.2785616649518867,-8.070951401456231,2.769160502500562,-3.3671620480507585,-4.308387062637006,280.3001022867061
465,0,5.774290278026345,-3.9691126281064038,1.8160040923276553,-15.545188256077218,2.278562259268118,-8.071494318128195,2.7691632226805174,-3.367163054676978,-4.308388267975872,280.3001014507607
465,1,5.774290361181672,-3.969118797727961,1.8160046048456195,-15.547069595630868,2.2785630452884487,-8.071551710199339,2.7691606652680774,-3.3671615520682545,-4.308386527159047,280.30008929089945
465,2,5.774290241618309,-3.9691150420485872,1.8160061365437845,-15.549878641241419,2.27856004504724,-8.071230719834743,2.7691603420390027,-3.3671623050023123,-4.308390941113924,280.30010596806994
465,3,5.77429024367214,-3.9691107322432453,1.8160040268934212,-15.546941181714164,2.278562580347993,-8.070600972940515,2.7691592051197094,-3.3671621242209584,-4.308384546422396,280.3001051879975
465,4,5.774290260641998,-3.9691059151561108,1.8160033968514397,-15.545736544351234,2.2785621940191687,-8.07111082542159,2.7691620925487004,-3.367162582138127,-4.308384669872886,280.30010024487046
465,5,5.774290238083259,-3.9691034616484724,1.8160055703908278,-15.550080092617304,2.2785617325800622,-8.070358819873634,2.769160523149741,-3.3671630155088272,-4.308389370973471,280.3000988851707
465,6,5.77429029879577,-3.96910930738782,1.8160053333830581,-15.552366541746162,2.2785591830922027,-8.070798458626859,2.7691605290914176,-3.3671622546772313,-4.308390658305224,280.3000967776123
465,7,5.774290246488668,-3.9691015632342355,1.8160036241579889,-15.551203201893305,2.278561118881753,-8.071154669108815,2.769161167047946,-3.367162217084978,-4.308393922829736,280.30009342726936
465,8,5.7742902947507675,-3.9691079146317856,1.8160033767698873,-15.544972643711796,2.2785618359798634,-8.071331402214968,2.7691613421570933,-3.367162725439079,-4.308390172548697,280.3000876324584
465,9,5.7742902152579605,-3.9691130934894736,1.8160070874672232,-15.544214729444711,2.2785630064105917,-8.071215631371636,2.76916120061978,-3.3671630196897597,-4.308391314389571,280.300090756294
465,10,5.7742901716307395,-3.969109458501993,1.8160045957596727,-15.543251280161126,2.278562842570466,-8.071281597148056,2.7691607330145955,-3.367162988838401,-4.308391355437324,280.30008125015644
465,11,5.7742902893322725,-3.969108587307705,1.8160045341838043,-15.548075216662896,2.278563890911875,-8.071208568977887,2.7691614964060505,-3.367161637362767,-4.308386685365129,280.3000792677778
465,12,5.774290362488577,-3.9691070445163867,1.8160047700353872,-15.547833065672771,2.2785628197328225,-8.07105600317312,2.769159691200432,-3.36716097309749,-4.308385901169354,280.30010023556144
465,13,5.774290279742798,-3.9691139695557354,1.816004702370763,-15.545659393532565,2.2785626706143676,-8.070956211416446,2.769161610229475,-3.367162649757836,-4.308387757635008,280.30008114633125
465,14,5.774290297020406,-3.969112392439379,1.8160036061496116,-15.547605480327109,2.278561377011208,-8.070733971722378,2.7691597447525296,-3.367161951502,-4.30838218590933,280.30009730547386
465,15,5.774290210494341,-3.9691052017732873,1.8160043143460776,-15.544638615022063,2.2785634707353424,-8.071152118960882,2.769161961983592,-3.367162554217782,-4.308388156504171,280.3000919961808
465,16,5.774290264243771,-3.9691172610644854,1.8160041793587627,-15.54496609708873,2.2785625699895187,-8.071237622675511,2.769162234059998,-3.3671628928690196,-4.308388871771246,280.3000985391226
465,17,5.7742902589478,-3.9691162689307653,1.8160045773596065,-15.547543209235611,2.2785634205203436,-8.070710850501154,2.7691598271550846,-3.367161837788332,-4.308384172184298,280.3001035482555
465,18,5.774290230949995,-3.969111565319834,1.8160034633022368,-15.543951382692558,2.2785646111629885,-8.070350109054731,2.7691625568248748,-3.3671635391686903,-4.30838662128307,280.3001098400168
465,19,5.774290305417625,-3.969107906315217,1.8160030201413573,-15.546624974219762,2.2785616254755614,-8.07134941384877,2.7691612249225277,-3.3671627002443696,-4.30838853296134,280.30008889947584
465,20,5.77429029601772,-3.9691174177187976,1.8160054517850581,-15.545863865688604,2.278564052396879,-8.071288054005715,2.7691610854857505,-3.3671622429006463,-4.308387508031177,280.3000869932641
465,21,5.774290248854398,-3.9691046222051725,1.816004704156729,-15.543166392634003,2.278561242519575,-8.071234441224714,2.7691620871199962,-3.3671631420360866,-4.308392771151479,280.3000938715926
465,22,5.774290325037306,-3.969121293382882,1.8160031726534185,-15.548668431408027,2.2785621354322485,-8.071365338835182,2.7691608695359897,-3.367161821234629,-4.308387003616852,280.3000904912353
465,23,5.774290231417828,-3.969108473573164,1.8160050083950594,-15.552440360211207,2.2785622681232724,-8.071045652822294,2.7691617514838875,-3.367162376968098,-4.308389693372592,280.3000991440796
465,24,5.774290270067065,-3.9691134241728747,1.8160047192329767,-15.547827229395551,2.2785625438439525,-8.070912408882325,2.769159818821915,-3.367161697108776,-4.308383399509766,280.3000928512846
465,25,5.774290355503062,-3.969100337465921,1.8160045652003878,-15.547515938920604,2.2785643618732507,-8.071482307815833,2.7691610700855818,-3.36716183045929,-4.308388171510196,280.30008682416553
465,26,5.774290241352389,-3.969115866979466,1.8160045235885303,-15.545237956933592,2.278563305266564,-8.071345622109732,2.769160252009457,-3.3671618507361845,-4.308386430899578,280.30010428005505
465,27,5.774290214008017,-3.9691058824964314,1.8160059157404502,-15.54661691071089,2.278562230479545,-8.070912283621912,2.769160709041576,-3.3671626406109674,-4.308390182651952,280.30010065816674
465,28,5.774290219111596,-3.969105733899437,1.8160042555975415,-15.55485940007228,2.278561072433636,-8.070504685798472,2.769161685533164,-3.3671624175827004,-4.308386147972024,280.30007861043646
465,29,5.774290295073122,-3.9691047358782265,1.8160037274292509,-15.546969488401258,2.2785622773283922,-8.071277104158733,2.7691609672324304,-3.3671621341524918,-4.308386875955128,280.3000882651925
466,0,5.774290287133798,-3.96910624629356,1.8160040303613298,-15.549603148352336,2.2785628618166878,-8.070865162014226,2.769161355999937,-3.367161976959789,-4.308387945881614,280.30008474163054
466,1,5.7742902476330356,-3.9691116360120575,1.8160061701522334,-15.54903732862021,2.2785625037842876,-8.071321648274884,2.769160638184418,-3.367161557313974,-4.3083884607749985,280.30010135209346
466,2,5.774290314255133,-3.9691074670894113,1.8160040232185994,-15.545860406348131,2.2785630809741786,-8.070687262123712,2.769160559750418,-3.3671622041826823,-4.3083872171667315,280.30008493679003
466,3,5.7742902513961365,-3.9691110343504006,1.816003384336946,-15.547070643499737,2.2785613115099657,-8.071028108324287,2.769160501029654,-3.3671622808974204,-4.30838397980732,280.30010598862987
466,4,5.77429034759978,-3.9691130287945917,1.816005230007849,-15.54929282855906,2.278561936185263,-8.070645004644467,2.7691605843870994,-3.3671623895534157,-4.308385697404547,280.3000887023778
466,5,5.7742902735623565,-3.969114277163907,1.8160041235335518,-15.548956425498076,2.2785613109053884,-8.071099614297596,2.7691608683562388,-3.3671622974243895,-4.30839016257727,280.3000977635391
466,6,5.774290263447216,-3.9691111799750147,1.816004594131182,-15.543330390675337,2.2785624958814874,-8.071325483630911,2.7691612955138885,-3.3671625958160716,-4.3083870730710245,280.3000926679213
466,7,5.774290253230992,-3.969112337040081,1.816004241912576,-15.545991340571812,2.278563513768884,-8.071139528138895,2.7691607170366193,-3.3671619593677016,-4.3083842897702525,280.30009605114054
466,8,5.774290278952297,-3.9691050026744352,1.8160032552333845,-15.54932564314463,2.278564388761674,-8.071012823132984,2.7691615128450975,-3.3671619863748057,-4.308386788043102,280.30009037496313
466,9,5.774290249908674,-3.9691163882463627,1.8160056873624544,-15.548478891478489,2.2785627302678377,-8.071273833555013,2.7691611521711943,-3.3671615573559577,-4.308390078063382,280.3000865757009
466,10,5.774290243113026,-3.969113298956892,1.8160036293028894,-15.545883857920822,2.2785635237272457,-8.070855444189053,2.7691612971192776,-3.3671624334243604,-4.308386130787477,280.30010080360097
466,11,5.774290198895393,-3.969107661045869,1.8160039987095942,-15.55218687811324,2.2785627867309763,-8.070865839807995,2.7691611958130067,-3.36716227322585,-4.308388270509897,280.30008689833056
466,12,5.7742902687765385,-3.9690997894305506,1.8160031900356999,-15.546266076392074,2.2785623656324296,-8.071694130549243,2.769161627117874,-3.367161705401809,-4.308388504328785,280.3000896044759
466,13,5.774290239819208,-3.9691157282024228,1.8160048619428228,-15.548739799823469,2.2785616691854305,-8.070962024509077,2.7691611693642195,-3.367162358973018,-4.308387201230938,280.300090628381
466,14,5.774290242438561,-3.969104904347075,1.8160053114939396,-15.544916663092522,2.278563850970658,-8.071712269328737,2.7691619721235012,-3.3671619569279163,-4.308387813189969,280.3000931447157
466,15,5.774290283439611,-3.9691085710538503,1.816004857507305,-15.54727056843106,2.2785639749114517,-8.071252866137641,2.7691610515939784,-3.3671622174448212,-4.3083866058544436,280.3000812005474
466,16,5.774290291305134,-3.969109059582366,1.8160055953880954,-15.548806754458731,2.2785621270119636,-8.07143859750678,2.7691618482736575,-3.3671618726582038,-4.308389946620384,280.3000899806894
466,17,5.774290296171227,-3.969106915618345,1.816004585079029,-15.542111550792587,2.278563972387026,-8.071301544888252,2.769160883056036,-3.367162378694762,-4.308383784402681,280.3000859503841
466,18,5.774290280473242,-3.969106392727186,1.8160056014924002,-15.55179895512374,2.2785619866442843,-8.07125776743742,2.76916052042525,-3.367161595288588,-4.308389023150153,280.3000964890078
466,19,5.774290299099843,-3.9691151813307948,1.8160057046880445,-15.54907523334006,2.2785615663021623,-8.0707917965584,2.7691602611878876,-3.367162741986269,-4.308386883737814,280.30010126551736
466,20,5.774290339677899,-3.9691171177156264,1.8160048600332797,-15.548553891669298,2.278563765912019,-8.070639676273242,2.7691604818408417,-3.36716176425115,-4.30838281129381,280.3000936532306
466,21,5.7742902257606294,-3.9690955130462076,1.8160031815797077,-15.550674064525317,2.2785616553377,-8.071077491188383,2.7691619542857326,-3.36716253704531,-4.308391076057942,280.3001013229156
466,22,5.7742901783384095,-3.969100620693723,1.8160033423857378,-15.549818295370384,2.278562597603731,-8.070731466410283,2.7691621829054625,-3.3671627418605166,-4.308388193731776,280.3001051402167
466,23,5.774290154832753,-3.969103822048789,1.8160049914872525,-15.549482824101823,2.2785636575535206,-8.071357136189588,2.7691620248823194,-3.3671621891204175,-4.308388732446199,280.3001037632708
466,24,5.774290316705376,-3.9691033743708695,1.8160037650222127,-15.543536281679387,2.2785620669772295,-8.071563464630463,2.769161487327534,-3.367162702134241,-4.308389199282052,280.30008195994213
466,25,5.774290254938563,-3.969102874983475,1.8160054115043585,-15.551202719091972,2.278561345324296,-8.071024644158479,2.7691617953785483,-3.3671622517973745,-4.30839073589211,280.30009238389107
466,26,5.774290257920687,-3.9691096608888783,1.816003739212244,-15.546987139285116,2.278561444878217,-8.071027163749221,2.769160931158673,-3.3671623757169784,-4.3083857239425996,280.30009357886803
466,27,5.774290274126141,-3.9691101079822997,1.816006002331994,-15.548715179321501,2.278562355908623,-8.071009675865392,2.7691611582687345,-3.3671627784731153,-4.308392369164015,280.30009043691075
466,28,5.774290242781724,-3.9691041617393665,1.8160032158940242,-15.551288441979203,2.278562779348339,-8.070962650792206,2.7691610922894383,-3.3671615595308153,-4.308385577868592,280.3000934134649
466,29,5.774290282523917,-3.969107937931377,1.8160060149151953,-15.551772973325058,2.278562187553384,-8.070839548804836,2.769159827828255,-3.3671616189302345,-4.308384874474539,280.3000992108417
467,0,5.77429030670757,-3.9691106806124465,1.816004437811272,-15.545261130506317,2.2785628441292634,-8.07110916617866,2.7691603300870233,-3.3671616921775898,-4.308384849090244,280.3000842522376
467,1,5.774290367303704,-3.96911882592073,1.816004424380159,-15.550485798483857,2.27856267206701,-8.071000392267102,2.769161226091064,-3.3671616812853875,-4.308385308479225,280.3000825987612
467,2,5.774290310523652,-3.9691073405867856,1.8160055878626278,-15.548197467321945,2.2785637409914323,-8.071063455337708,2.7691599763232313,-3.3671616890207483,-4.308386403238393,280.30009716089586
467,3,5.77429026541505,-3.969107546351257,1.8160039478023329,-15.54332941166565,2.2785637476466163,-8.071214688627729,2.7691614775691322,-3.3671621655096593,-4.3083873546933,280.30008912896363
467,4,5.774290251943222,-3.969100090565477,1.8160036609877044,-15.548587680702846,2.2785628948005594,-8.07091138874398,2.7691610543089293,-3.3671630310393925,-4.308387838716639,280.3000892827335
467,5,5.774290288593598,-3.9691134930170944,1.81600392861739,-15.54792973352471,2.2785625051769296,-8.071003243711358,2.7691612567043955,-3.3671623672821496,-4.30838611058253,280.30008412278164
467,6,5.774290307186662,-3.969112279638355,1.8160040735069884,-15.54330887945136,2.2785630700521975,-8.071681791977566,2.769161553213023,-3.367161984129063,-4.3083871672613565,280.300084842596
467,7,5.774290308151353,-3.9691185509354696,1.816004770782934,-15.547709181390491,2.2785655032776804,-8.071469771186544,2.7691612576653024,-3.3671619280218925,-4.308385950757216,280.30008491761714
467,8,5.774290330215396,-3.969101737442585,1.8160035337796663,-15.54502328947129,2.278563908255756,-8.071278223171209,2.76916159611027,-3.367162583883922,-4.308387435236254,280.30008965432785
467,9,5.774290299574921,-3.9691084138257198,1.8160036228579444,-15.550599089206841,2.278562663907661,-8.07074390274242,2.769160730084256,-3.3671620369891464,-4.308386095741026,280.30009458232234
467,10,5.774290264857066,-3.9691056473227793,1.8160049736858574,-15.546237360363527,2.2785632735330856,-8.071439694458446,2.769161625534659,-3.3671619621705755,-4.308387343332003,280.30008328478254
467,11,5.774290234427759,-3.9691006315496686,1.81600507883155,-15.547092563063968,2.278562853009973,-8.070826841240798,2.7691610221612932,-3.3671627783905476,-4.308389951905656,280.3000835893867
467,12,5.774290290885735,-3.9691032293594186,1.8160037394235515,-15.545312489938508,2.2785640504492877,-8.07119742896587,2.7691611897522437,-3.3671619734708584,-4.30838571845788,280.30007884592646
467,13,5.77429030359181,-3.9691076204997313,1.8160048337418282,-15.544501368513725,2.278564113007875,-8.071532647358188,2.7691620719923358,-3.3671626704474646,-4.308389398514753,280.30009766695946
467,14,5.774290272482932,-3.969111887660827,1.8160046320262855,-15.54786967233894,2.278564649358149,-8.070845749880618,2.769160783299958,-3.36716245543328,-4.308385357652368,280.3000880178663
467,15,5.774290310139667,-3.969109413606868,1.8160058017119778,-15.544585134015472,2.2785643253818892,-8.071689175133608,2.769161029178936,-3.367161991218177,-4.30838975718237,280.3001030735192
467,16,5.7742901935435516,-3.9691046649413138,1.8160048397813917,-15.545794907391484,2.2785621972123473,-8.071401743243186,2.7691617191647584,-3.3671627146155076,-4.308390664510497,280.3000935816026
467,17,5.774290239383771,-3.9691154939230078,1.8160054008266349,-15.543972650941281,2.2785642507233175,-8.071279076498083,2.7691615354175876,-3.367162741111344,-4.308387596886857,280.30009296264615
467,18,5.774290293194154,-3.969105228424113,1.8160039740874927,-15.545160205819625,2.2785634678604207,-8.071380737654248,2.769161378107173,-3.3671622488804083,-4.308390548982734,280.30008645094085
467,19,5.774290289337764,-3.9691094365080137,1.8160040398722266,-15.549673752752335,2.2785629421942954,-8.07108216109273,2.7691607476707243,-3.3671618433955364,-4.308388238000173,280.30008887574513
467,20,5.774290302159051,-3.9691079447569226,1.8160052945178706,-15.543226929240623,2.2785646311700036,-8.070897800438859,2.769161675343132,-3.367162954946386,-4.308384093463781,280.3000886790628
467,21,5.774290295082096,-3.9691027384156756,1.8160037429577922,-15.547235807698613,2.2785647462710563,-8.071104069471042,2.7691617140845435,-3.367161729813856,-4.308384907033362,280.300089914308
467,22,5.774290298580928,-3.969105145902354,1.8160038608135165,-15.54627523642758,2.278562372017663,-8.071086300722598,2.7691606502500012,-3.3671624306602963,-4.308388002136202,280.30009458178216
467,23,5.774290330579039,-3.969105723023395,1.8160037877597393,-15.546655055239029,2.2785623349744544,-8.071396200396887,2.7691609227194305,-3.3671617280029413,-4.308387042897321,280.3000899100942
467,24,5.774290256112802,-3.969109918328765,1.8160042197916728,-15.545306287507405,2.2785642089037084,-8.071203369697432,2.7691614576172863,-3.367162450938803,-4.3083870306646945,280.3000912363441
467,25,5.774290274176919,-3.969106823934624,1.816004593835461,-15.547138041766663,2.278562745164195,-8.07093675544335,2.7691606608126578,-3.367162114037361,-4.3083860705281545,280.30008295701555
467,26,5.774290264801269,-3.969106738700118,1.8160042317439922,-15.54889896772121,2.2785634465677855,-8.071124963437741,2.7691617441078886,-3.367162317114645,-4.308387466789064,280.3000903453887
467,27,5.774290337372933,-3.969109687863422,1.8160042681936965,-15.548193195567762,2.2785649961048664,-8.071472739002488,2.7691615763529676,-3.367161859396159,-4.3083865425884,280.3000838126607
467,28,5.774290398521054,-3.9691078382818348,1.8160047324380637,-15.546919585179536,2.2785627153802945,-8.071030006425365,2.769160818258557,-3.367162258650011,-4.308385989296846,280.30009367340136
467,29,5.774290237049114,-3.9690991099122126,1.8160031294133783,-15.547939554897127,2.278563433453951,-8.071246226496635,2.7691617052917152,-3.367162264520013,-4.308387981768862,280.3000998986075
468,0,5.774290357007188,-3.9691164580339686,1.8160043107021349,-15.551168660642713,2.278561474271588,-8.070824313442106,2.7691609373900548,-3.3671620380744196,-4.308385370721744,280.30009407855005
468,1,5.7742902688272935,-3.9691053917762007,1.8160044937121476,-15.548618147427094,2.278564279110688,-8.070934231188154,2.769161692200854,-3.367162394955676,-4.3083849173478885,280.3000817386985
468,2,5.774290229301319,-3.969101489900751,1.8160042273235235,-15.545997091366614,2.2785632905725364,-8.07129761069133,2.769161406506371,-3.3671623385304743,-4.308389010846865,280.3000971691321
468,3,5.774290356969958,-3.9691101305670933,1.81600400236413,-15.543671605178481,2.2785624034408998,-8.071216636110194,2.7691601166178073,-3.367162068825489,-4.308386687337021,280.30009686342805
468,4,5.7742902757376005,-3.969105602543685,1.816003851594674,-15.54387153023311,2.27856392801658,-8.071196728917059,2.7691615430352896,-3.367162179626719,-4.308385495974233,280.30008449779314
468,5,5.7742903305153375,-3.9691114730587,1.8160030296020304,-15.545515764666877,2.27856344702174,-8.071012419682747,2.769161332116332,-3.367162057623088,-4.308384080155846,280.300086371196
468,6,5.774290273782367,-3.9691119931872882,1.8160040543597942,-15.549949630512767,2.278563441412575,-8.071021438768373,2.7691609671750803,-3.3671620077435827,-4.308384730949691,280.3000914558804
468,7,5.7742903906914425,-3.969109080261716,1.8160030936039324,-15.543707967676655,2.2785635253056475,-8.071408128917302,2.7691610236458994,-3.3671618351371517,-4.3083812480400745,280.3000984818659
468,8,5.774290284114897,-3.969117997229605,1.8160043799824939,-15.54835116486428,2.2785634096617247,-8.070647216655729,2.769161528674292,-3.367162229410788,-4.308384935274591,280.30008079798193
468,9,5.774290303656598,-3.9691081376794863,1.816004161220867,-15.548346508259968,2.2785634242001014,-8.071200103725985,2.7691609572043223,-3.3671616951233725,-4.308386484127219,280.30009165623375
468,10,5.774290357214793,-3.9691023523732887,1.8160038012864084,-15.545444454812648,2.278562974947088,-8.071202258754338,2.7691613935830075,-3.3671621026000333,-4.308387110542339,280.3000863328134
468,11,5.774290319266028,-3.9691128037335637,1.8160037755829979,-15.546284156343757,2.2785615326624917,-8.071257912749,2.7691609670313126,-3.3671614839954955,-4.30838595985758,280.30009895169485
468,12,5.774290250284149,-3.969113373683077,1.8160049323174017,-15.5483333186043,2.278562951053217,-8.070921298017895,2.769161601329568,-3.3671620950135592,-4.308386826685625,280.3000841968998
468,13,5.774290365233364,-3.969107546486407,1.816004608082956,-15.545561094931895,2.278562300675411,-8.071037074003424,2.769161356098536,-3.3671623347049477,-4.3083877329895,280.3000920579825
468,14,5.774290322372019,-3.96910726006348,1.8160043557373218,-15.545611359050985,2.278563412831756,-8.071415706590582,2.769161089089735,-3.367161913624675,-4.308387659280431,280.3000797561337
468,15,5.774290357888143,-3.9691021524901178,1.8160047358490299,-15.54641722600044,2.278563455892492,-8.071354443895409,2.769160556567272,-3.3671613162071883,-4.308385762115689,280.30008682084195
468,16,5.774290370547714,-3.9691163786462105,1.816005470145166,-15.543448623285057,2.278564393950139,-8.071470035200056,2.7691609100722356,-3.3671619356771494,-4.308386763771505,280.3000930281308
468,17,5.77429029673113,-3.9691080219793458,1.8160045264643578,-15.548003819205416,2.278563514883254,-8.071136899010739,2.769160730508841,-3.3671620810014025,-4.308386993782576,280.30008547558157
468,18,5.774290277342249,-3.96910790289183,1.8160044887885882,-15.544225952614275,2.2785638132000816,-8.071406264426034,2.769161291438102,-3.367162204144869,-4.308386834018925,280.3000819743886
468,19,5.774290304633412,-3.9691082833503466,1.8160044945765326,-15.55002049758542,2.278563655395335,-8.070715180476812,2.76916107803592,-3.3671620343460393,-4.30838414940626,280.3000832692394
468,20,5.774290242482216,-3.9691065566162536,1.8160049958291506,-15.546578467489155,2.2785622065329356,-8.070795053513033,2.769161544341913,-3.367163251183516,-4.308388592304245,280.30008737450925
468,21,5.774290322741988,-3.9691063288792576,1.816003468365298,-15.545619470479304,2.2785632605768873,-8.071155239680715,2.7691607084710594,-3.3671617442883783,-4.308385394854238,280.30009358951054
468,22,5.774290361773163,-3.9691040957103003,1.8160049724383276,-15.542074063908002,2.278563391533596,-8.071735327901056,2.769161429427667,-3.36716173010976,-4.308388633416551,280.3000980949473
468,23,5.7742903540281025,-3.969112979632838,1.8160041294547375,-15.550466694628525,2.278562757456504,-8.071195259927004,2.7691611269734295,-3.3671617096954214,-4.308387579859518,280.300085165357
468,24,5.774290279683104,-3.969108337274822,1.8160046933831158,-15.54514303529013,2.27856401365465,-8.070975374943291,2.769161133583079,-3.36716238040345,-4.308385178076094,280.30008086841497
468,25,5.774290246016893,-3.9691024333318405,1.816003525745861,-15.54754454810406,2.278564590193258,-8.07137541941603,2.7691620172963054,-3.367162052197129,-4.308386433784131,280.3000978580114
468,26,5.774290266399309,-3.9691127856116566,1.8160049932375184,-15.543582659618272,2.2785641716818295,-8.071252260584325,2.769160389864676,-3.3671622075164906,-4.308384341979067,280.3000907175095
468,27,5.774290260999704,-3.9691134052072394,1.816003173326772,-15.550719395076394,2.278564051147899,-8.071104906289952,2.7691616286407155,-3.367161603177125,-4.308386660583129,280.3000957260808
468,28,5.774290358589081,-3.96910633574832,1.816004438776196,-15.546235135613541,2.2785629759549235,-8.071340149713848,2.769161265874951,-3.367161975921371,-4.30838609552122,280.30007770797556
468,29,5.77429030035108,-3.969111001140035,1.8160055554993215,-15.550260566961155,2.278563254968095,-8.070952738020518,2.769161647967204,-3.3671623531990957,-4.308388594544249,280.30008373243106
469,0,5.7742902649225645,-3.9691074076993775,1.816005220392605,-15.544780605280524,2.278563138600966,-8.07149962536236,2.769161394712654,-3.3671619889089532,-4.308387826053398,280.30008123871556
469,1,5.77429034916205,-3.9691120311198937,1.816004473527119,-15.548814382644288,2.278562652439674,-8.071120406376057,2.769160943344853,-3.3671619347733803,-4.30838734498203,280.3000855996382
469,2,5.774290275001833,-3.9691080097330023,1.8160044892556988,-15.546889927426507,2.278562629992192,-8.071209456126212,2.7691617854293287,-3.3671621971391676,-4.308389512128468,280.300088907142
469,3,5.774290298704032,-3.969109213040685,1.8160036771211763,-15.547874930043893,2.278564298701778,-8.071108086984479,2.7691610622322624,-3.3671619116361358,-4.308384222531131,280.300089051995
469,4,5.774290324621561,-3.9691139678849505,1.816004359898112,-15.546953918030683,2.278564587108788,-8.070847034434209,2.7691613183978934,-3.3671624316648314,-4.308382801602568,280.30008140237095
469,5,5.774290320642505,-3.969106979769398,1.8160038883023473,-15.54714859541662,2.2785642620196596,-8.071009333683794,2.7691614629396675,-3.367162219889235,-4.308387515892571,280.3000891085715
469,6,5.7742902939827445,-3.969108409405422,1.8160038165313352,-15.54789920621303,2.278563102848824,-8.070802786028377,2.769161054172234,-3.367162335779046,-4.308384031201112,280.30008854652704
469,7,5.774290313935392,-3.9691104771422663,1.8160050681778521,-15.548116560869717,2.278563922333787,-8.071267017363894,2.7691612628957,-3.367161627833954,-4.3083854705858675,280.30007941922713
469,8,5.774290277168395,-3.9691014246523593,1.8160050805479888,-15.545895792044519,2.2785642328702354,-8.071291578441562,2.769161122070548,-3.3671619786748495,-4.308386095836522,280.30008433838714
469,9,5.774290341006662,-3.9691075389344666,1.8160058110822235,-15.545612254873303,2.278562528286916,-8.071247254084827,2.769161320840245,-3.3671625991439256,-4.308388512458899,280.3000877272863
469,10,5.774290203521639,-3.969108435363354,1.8160043922651454,-15.54449089346033,2.2785637761804636,-8.071217090068526,2.7691619446068048,-3.367162503747609,-4.308386010314322,280.30008748624766
469,11,5.774290351378667,-3.9691032403362323,1.8160061101504432,-15.547563307347913,2.2785630797163505,-8.070859582990773,2.7691608919286903,-3.3671619310622565,-4.308386884265105,280.30008287139174
469,12,5.774290355222745,-3.969107536963221,1.816004052078854,-15.544878512563507,2.2785636330244285,-8.071194412028145,2.769161392978055,-3.367162324117953,-4.308385821382765,280.3000846486847
469,13,5.774290272832756,-3.9691147003428253,1.816004210763056,-15.548983819541506,2.2785638985246024,-8.070777150658362,2.7691609432486763,-3.3671617169513546,-4.308382528380686,280.30008739439637
469,14,5.774290315411623,-3.9691048044238872,1.8160031300646406,-15.54757985892956,2.2785631726168116,-8.071224641740109,2.769161667741544,-3.3671622656888673,-4.308387806543735,280.3000830977751
469,15,5.774290403745927,-3.9691118910527687,1.8160040462575382,-15.545438589769942,2.27856377662894,-8.071349962899385,2.769161192252011,-3.3671618014020184,-4.308386304690558,280.3000846067482
469,16,5.77429026116458,-3.9691122106944743,1.8160050552004172,-15.547960650495178,2.2785628456826204,-8.070910849806456,2.769161289604278,-3.3671623637853525,-4.30838616071283,280.3000812952936
469,17,5.774290318586589,-3.9691104044745056,1.816004502836984,-15.54830465850744,2.278563727902359,-8.07097407454525,2.769160880975253,-3.3671622776828705,-4.308386128258121,280.3000838097332
469,18,5.774290282497408,-3.9691047215176787,1.8160044414701462,-15.548193030396819,2.278564682697188,-8.070943597651556,2.769161963928842,-3.367162633816895,-4.308388459772051,280.30007997436803
469,19,5.774290322385016,-3.9691058842814515,1.8160044378024534,-15.54393383134616,2.2785643608848245,-8.0710318052794,2.769160314971225,-3.3671624514497815,-4.308384351262463,280.30008872441226
469,20,5.774290221755923,-3.969109178078736,1.8160049760204953,-15.548657678719744,2.278562214202392,-8.071042172056732,2.7691618873343122,-3.367162003335907,-4.308389318209766,280.3000859583629
469,21,5.774290342780595,-3.9691027721955168,1.8160039811582656,-15.548699499931914,2.278565165869514,-8.071160645245829,2.7691612875171008,-3.367161722548201,-4.308383165228145,280.300091252799
469,22,5.774290367656795,-3.9691089282154746,1.8160051303677651,-15.543809345850445,2.278562720983388,-8.071433685602333,2.769160702184011,-3.3671621320932212,-4.308387520428264,280.3000934544688
469,23,5.77429036241936,-3.969107944310762,1.8160042774703917,-15.549905326602412,2.278562671982065,-8.071033728848665,2.769161206792534,-3.367161536895594,-4.3083861083379125,280.30009005930765
469,24,5.774290334216536,-3.9691055623734472,1.8160050067203195,-15.546781456231008,2.278563716423546,-8.071110103804074,2.7691615258718327,-3.367162362413248,-4.308384906332535,280.3000785471643
469,25,5.774290352456384,-3.9691159503947304,1.8160052590494216,-15.548687861156324,2.278563045816205,-8.070990418000617,2.7691609400510457,-3.36716216537093,-4.308386109389481,280.30008589447027
469,26,5.774290346750192,-3.9691048803612454,1.8160055381512292,-15.546262600170587,2.278564876708252,-8.071229787624766,2.7691612537856574,-3.3671617557159657,-4.308384881855638,280.30008038902895
469,27,5.774290292995508,-3.969114581186063,1.8160033961318174,-15.545369523889551,2.2785637510317778,-8.071198019772673,2.769161619245866,-3.3671621646725853,-4.308385358847708,280.3000906621945
469,28,5.774290249309272,-3.9691129656485122,1.8160043989561885,-15.546502891847135,2.2785638556447982,-8.071045962632137,2.7691612162759953,-3.3671622371654784,-4.308386076640596,280.3000851105803
469,29,5.7742902772339875,-3.969111419696598,1.816004234082294,-15.550299556148563,2.2785619658539056,-8.070955549421672,2.769161954656884,-3.367161705248398,-4.308388929206905,280.30009203465573
470,0,5.774290292585212,-3.969113362279554,1.8160047641444335,-15.552811972573638,2.2785628254415355,-8.070867670363988,2.769161219487347,-3.3671618781757924,-4.308389807848052,280.30007885343616
470,1,5.774290264450097,-3.9691148812716976,1.8160051310634124,-15.544027383978557,2.2785627757592137,-8.071619187545263,2.7691618295903804,-3.3671626176202945,-4.308392919614631,280.3000931846344
470,2,5.774290287034915,-3.969099505482971,1.8160041303165235,-15.54702469223509,2.2785633785046517,-8.071406443741688,2.769161523786808,-3.3671620305469467,-4.308387206651114,280.3000875367437
470,3,5.774290263936226,-3.9691033748273448,1.8160041039781396,-15.546854733897476,2.2785648547636788,-8.071058825858104,2.7691615634720246,-3.367162557376316,-4.308386195138586,280.30008731684256
470,4,5.77429032982627,-3.969104990011179,1.816004885139424,-15.550794669260485,2.27856283874845,-8.070808602547356,2.769162153302911,-3.3671619634849,-4.308384096970059,280.30009537427577
470,5,5.774290347442589,-3.969106682865955,1.8160041793934596,-15.548198387970057,2.278564685738281,-8.071288049455054,2.769161991875822,-3.3671619058145184,-4.30838408091843,280.30008861628914
470,6,5.774290251113399,-3.969112144838587,1.8160060334904202,-15.545986224917804,2.2785639901689145,-8.07073466598565,2.7691613774408332,-3.367162875445944,-4.3083849255621915,280.30009920178435
470,7,5.774290339962882,-3.9691077068712484,1.816004751280217,-15.546702266606857,2.278564381607212,-8.071063060427225,2.7691605920500244,-3.3671615947692146,-4.30838409265807,280.3000889315229
470,8,5.774290320994882,-3.9691063879166393,1.8160054106666907,-15.54889960158508,2.278562487751698,-8.071115775997606,2.769161313145151,-3.367161619292034,-4.3083891513654855,280.3000919833552
470,9,5.774290298397892,-3.9690991015297783,1.8160056612411761,-15.549057679634128,2.2785642543414344,-8.07097626563487,2.769161523102444,-3.367162329274275,-4.308389562703889,280.30009224506205
470,10,5.774290273539036,-3.9691123528922487,1.8160046685798505,-15.5424781103802,2.2785641904573084,-8.07141488543217,2.7691615975354673,-3.367162533265914,-4.3083861406326855,280.300083996535
470,11,5.77429034065693,-3.969111022545072,1.8160053183754765,-15.54862966874656,2.2785649598322535,-8.071156837600512,2.769160764603634,-3.367161905399503,-4.308384433728282,280.30009070270177
470,12,5.7742903416737255,-3.9691079148689883,1.8160055500350358,-15.550036723389745,2.2785644983757614,-8.070810171183233,2.7691609175565466,-3.367161992552291,-4.308387195936405,280.3000846570199
470,13,5.774290289314663,-3.96910786498324,1.8160053696839864,-15.547226201179617,2.2785643878261985,-8.071308981609153,2.7691615492713,-3.3671625348496517,-4.308385981639986,280.3000808723682
470,14,5.774290313799708,-3.969111560657519,1.8160050254639215,-15.547195888916434,2.2785660520886823,-8.070785500495466,2.7691618187159754,-3.367162387491668,-4.308383882460837,280.3000902020293
470,15,5.774290327604872,-3.96910701371484,1.8160054980983602,-15.546436617660436,2.278563307482594,-8.071342645792953,2.7691616529301073,-3.3671619410904787,-4.308387482072036,280.3000836440008
470,16,5.774290257351792,-3.9691008816392817,1.8160050057133053,-15.548164990378744,2.278563663333724,-8.071253591618136,2.7691611228844577,-3.367161813661373,-4.308386877710727,280.30008982495883
470,17,5.774290326643846,-3.9691078990544533,1.816004574119033,-15.54425857136354,2.278565372854404,-8.071082812272627,2.769162427471882,-3.3671625517288004,-4.308385490184836,280.3000920933505
470,18,5.774290359692877,-3.9691034163430348,1.8160054684646854,-15.54528935426108,2.2785647769964927,-8.071582392602206,2.769161156050572,-3.3671618922432147,-4.308386183257049,280.3000968160947
470,19,5.774290319490939,-3.969113421892473,1.8160064080196192,-15.549055048529763,2.278563592595881,-8.070866628711904,2.7691607577965565,-3.3671625815594393,-4.308385299915601,280.30009862990676
470,20,5.774290369643879,-3.969112476547392,1.8160059508047561,-15.550591649232357,2.278562593418633,-8.070833581241168,2.7691609679364664,-3.3671621498225885,-4.308387558475023,280.300097342094
470,21,5.77429040564276,-3.969108446136295,1.816004695215915,-15.547441615933717,2.278564353314527,-8.071321926964082,2.7691613406289344,-3.367161839560252,-4.308382971525808,280.3000894261405
470,22,5.774290238038814,-3.9691132999797927,1.8160039756542838,-15.546943376553989,2.2785646124600185,-8.070937047189654,2.7691620087505555,-3.367162764387155,-4.308386319066828,280.30009821950944
470,23,5.774290328640993,-3.969102094712172,1.816005298336261,-15.547266175352796,2.278563774960482,-8.071259498506278,2.769160947645868,-3.3671621250714794,-4.308387024836869,280.30008498798054
470,24,5.7742903868530355,-3.9691040514214952,1.8160046525104567,-15.546353214309514,2.2785632222672167,-8.071556378818627,2.769161336611813,-3.3671617703100885,-4.308386642465476,280.3000859086549
470,25,5.774290363991378,-3.969101551220113,1.8160052544458396,-15.54735130376682,2.278564954158974,-8.07123781199514,2.769161692034174,-3.3671615109910285,-4.308383938830037,280.3000971045135
470,26,5.774290387944245,-3.969107215408559,1.816004411387171,-15.547310547697931,2.278563755657639,-8.071353122696086,2.7691612812789383,-3.367162007779029,-4.308384656242875,280.3000910788057
470,27,5.774290352506159,-3.9691045135148975,1.8160041807113565,-15.544243938931473,2.2785643477083046,-8.071335817341792,2.7691615717943656,-3.3671622053179777,-4.308384837299356,280.3000887489503
470,28,5.7742902706292485,-3.969102709841152,1.8160052409928291,-15.549511919051598,2.278565433170609,-8.071379362222675,2.769161765734883,-3.3671615771272156,-4.308385089559673,280.3000932882097
470,29,5.774290300214157,-3.969109931299892,1.816005684570961,-15.54742424442301,2.2785636698669642,-8.071137189466514,2.7691614580221224,-3.367162405951224,-4.308384853020623,280.30008238474784
471,0,5.774290302579811,-3.9691084968526567,1.8160060012473762,-15.547856856226158,2.2785643618898503,-8.071027891980908,2.7691614038563626,-3.3671628413241006,-4.308385170121717,280.3000834049439
471,1,5.7742902496639,-3.9690990031399687,1.816004298937525,-15.544098572892635,2.2785644298970973,-8.071168514575573,2.7691610770335835,-3.3671627581000387,-4.308384471832,280.30009694496346
471,2,5.774290367026692,-3.9691101013401724,1.8160052152202115,-15.5538274085937,2.2785623748841637,-8.071444985737967,2.7691616323547703,-3.3671615618298465,-4.308388504041622,280.300098706693
471,3,5.774290300482735,-3.969114876314118,1.8160046248800774,-15.55111728844077,2.278563080549497,-8.071060173717303,2.769162304600113,-3.3671625486053385,-4.308387957931149,280.30009779618285
471,4,5.774290288070486,-3.9691126043368357,1.81600487348541,-15.549794431742578,2.278563421527665,-8.071057469770334,2.7691611181910614,-3.367162333065127,-4.308386413059413,280.30008324128477
471,5,5.774290184295195,-3.969112564159362,1.816005611478502,-15.551462753397196,2.278564077734447,-8.070927927236545,2.769161261057421,-3.3671619248555817,-4.308385990930578,280.30008804249286
471,6,5.7742902940879945,-3.969104433360939,1.8160044592230706,-15.552357987165177,2.278563553706602,-8.070934412582352,2.769161732510784,-3.367162852788212,-4.308390986797847,280.3000847705567
471,7,5.774290287696181,-3.9691075806158693,1.8160052677100862,-15.549541307725523,2.2785632935643814,-8.071217124823477,2.7691618379864935,-3.367162220036919,-4.308389400955229,280.3000900784366
471,8,5.77429028912251,-3.969103228144116,1.816005732368297,-15.547439504995918,2.278564054609074,-8.071106292863066,2.769160824316755,-3.3671622892051953,-4.308388071745176,280.3000900080681
471,9,5.774290328217035,-3.9691094939469886,1.8160059033125238,-15.549558195758276,2.2785623074813612,-8.071385094277902,2.7691617564595643,-3.367162050342461,-4.308387951566608,280.3000900800665
471,10,5.77429032091333,-3.9691113228331845,1.8160038547447113,-15.546249195788135,2.2785640279940274,-8.071431784003964,2.7691619662663127,-3.3671621373629526,-4.308387147506359,280.30007913954273
471,11,5.774290318111967,-3.969100467117381,1.8160056187264135,-15.542936076339563,2.2785638261782384,-8.071400288263078,2.7691613159227306,-3.3671620248163534,-4.308385272741603,280.300084027965
471,12,5.774290278540068,-3.9691150937965514,1.816005174242342,-15.54608612484599,2.278565780242126,-8.071067166848856,2.7691615418338316,-3.3671626875176655,-4.308386338688648,280.3000973044036
471,13,5.774290334998919,-3.969112411850035,1.8160053187182688,-15.547773348600513,2.278564884939852,-8.071075421878321,2.7691619050984575,-3.367162249167524,-4.3083828610049455,280.30009144085034
471,14,5.774290309010735,-3.9691045705755643,1.8160063078510762,-15.546342421584068,2.2785637298834924,-8.071266041136884,2.7691611985780114,-3.3671621019474505,-4.308386627635023,280.3000777572542
471,15,5.774290339517833,-3.969114547529544,1.8160045407145904,-15.550559768429888,2.278562999857503,-8.0708026810521,2.7691618880782425,-3.367162352166701,-4.308388919874637,280.3000824941266
471,16,5.774290363631581,-3.969111000567554,1.8160048055822,-15.5493448204382,2.278564883757732,-8.07116108734927,2.7691612607659,-3.367161950758228,-4.308383798153941,280.30008993916766
471,17,5.774290323519726,-3.9691069911084025,1.81600502980048,-15.547628117485166,2.2785643176299284,-8.071104504477043,2.769161119828002,-3.3671628505982594,-4.308387384494595,280.30008511278885
471,18,5.774290293536421,-3.969110766393327,1.8160049109803424,-15.552353635386682,2.278563814658799,-8.07081217385989,2.7691613347081776,-3.367161743448472,-4.30838384520094,280.30008701386873
471,19,5.774290274098213,-3.969113836457534,1.8160060598625294,-15.545876021523158,2.2785637743522673,-8.071570342774223,2.769161030533272,-3.3671621497373927,-4.308388424619086,280.30009597522644
471,20,5.774290323356073,-3.9691120005407208,1.816005499160044,-15.552599136232113,2.2785630654971643,-8.071226471619953,2.7691615613255065,-3.367161616955356,-4.308387597753537,280.30007904005276
471,21,5.774290318215754,-3.969108745374199,1.8160061629044935,-15.547800019933721,2.2785634136307333,-8.071232021138915,2.769160795244247,-3.367161448086243,-4.30838594259414,280.3000892073909
471,22,5.774290356637219,-3.969111206628205,1.8160054458519996,-15.548821181871151,2.278563336885307,-8.070845039329928,2.769161007821914,-3.3671620075555326,-4.308383408856108,280.3000882674887
471,23,5.774290341071394,-3.9691027935978545,1.8160050105405445,-15.548578968875285,2.2785643805173303,-8.071148276265516,2.7691618292282696,-3.367161994534134,-4.3083890978303545,280.30008111903237
471,24,5.77429030740127,-3.969103293764732,1.8160050093271822,-15.545595052815084,2.278563666397416,-8.071450547897536,2.7691619364503595,-3.367162406798004,-4.308389994504512,280.30008732093256
471,25,5.774290293078698,-3.9691083700992893,1.816004469200037,-15.55115548366181,2.278562772581474,-8.071229555402768,2.769161429493655,-3.3671620834673406,-4.308392569255737,280.300080647907
471,26,5.774290361247731,-3.9691139991890823,1.8160058089377848,-15.548372897617007,2.2785635241511364,-8.071325180873416,2.7691613228424288,-3.3671619585681922,-4.308384988582682,280.300095645636
471,27,5.7742903142584865,-3.969107294259006,1.8160064964019071,-15.550850095545547,2.278563854536104,-8.071053287786937,2.7691614238887032,-3.367161857218104,-4.308386599041084,280.30008822516083
471,28,5.774290370332547,-3.96910215193952,1.8160051066834384,-15.55083195620646,2.2785629428975804,-8.070977236546048,2.7691618047456212,-3.367162206854971,-4.308388316103885,280.3000968583602
471,29,5.774290416995497,-3.969107141912604,1.816004968779917,-15.546185517212491,2.2785638911548487,-8.071319414254019,2.7691606339515102,-3.367161875512233,-4.308384899674001,280.30008934779994
472,0,5.774290225546577,-3.9691127786737845,1.8160048857456645,-15.552822710700909,2.2785625346892977,-8.071067657694375,2.7691614857240126,-3.3671620761875247,-4.3083892545505185,280.30008701444194
472,1,5.774290342750685,-3.9691199225137774,1.8160043758495932,-15.550970000372427,2.2785625240215053,-8.07151006878731,2.769161941325065,-3.3671620387318515,-4.308389776202409,280.30008337082336
472,2,5.77429025044758,-3.9691061937145355,1.8160047614057828,-15.548650702926727,2.2785635582229076,-8.07125983628895,2.7691615556472615,-3.367162229852474,-4.30838866888448,280.3000859857189
472,3,5.77429024024714,-3.9691053321738274,1.81600495123563,-15.547418585799614,2.2785644282566127,-8.071213322500459,2.7691616240713497,-3.3671619616744857,-4.3083862334016905,280.30008982062435
472,4,5.774290311305875,-3.9691070313341617,1.8160043772793306,-15.547806350194707,2.278563862947206,-8.071184149891524,2.7691612216562675,-3.3671621305076327,-4.3083888495764,280.3000795531175
472,5,5.774290310357544,-3.969109312898231,1.8160050724256223,-15.54578863239266,2.278564021311683,-8.071334073523365,2.7691618595238254,-3.3671621993570184,-4.308388721330234,280.30007839853397
472,6,5.774290278207676,-3.96911037922278,1.8160053571667683,-15.550574521026384,2.278562738144825,-8.071497851690223,2.7691617621140705,-3.3671615020495356,-4.308387635879737,280.30008962482236
472,7,5.7742903351997565,-3.9691054409241695,1.8160048722157074,-15.54796432499175,2.2785658100318815,-8.071035639420758,2.7691614017737476,-3.367162429009408,-4.308386648501574,280.3000939478743
472,8,5.774290280012176,-3.9691136483102034,1.8160053773568858,-15.551175796898319,2.2785634800736485,-8.07109541427725,2.7691614026169815,-3.3671620952181693,-4.308386993680565,280.30007965643284
472,9,5.774290338630933,-3.9691058776572223,1.8160053095675381,-15.545917688009334,2.2785648376594283,-8.071064251057349,2.7691617620138804,-3.367162602918098,-4.308386829254471,280.300089897126
472,10,5.774290289639543,-3.969108939520267,1.8160055726145392,-15.548570765055654,2.278562988762232,-8.071328953170147,2.769161644471142,-3.3671624609221964,-4.308385089080626,280.30008421183163
472,11,5.7742902400525375,-3.9691080658463425,1.8160042271676893,-15.55114599094079,2.278563526926723,-8.0711992840004,2.76916217252774,-3.3671622138611563,-4.308392845203482,280.3000982011023
472,12,5.774290340713675,-3.9691005803758057,1.8160046239686527,-15.552688411197172,2.2785630648212174,-8.071288977673488,2.769161805053244,-3.3671622433293322,-4.3083890243965035,280.30008815956177
472,13,5.774290344136425,-3.9691094810812073,1.8160057167178014,-15.546756385651882,2.2785634748748866,-8.071347613244603,2.769161741333275,-3.367162111983273,-4.308389298273794,280.3000977376193
472,14,5.774290371016568,-3.9691062868940308,1.8160057399260898,-15.548695289060092,2.278564567711305,-8.071241505510054,2.769161593118888,-3.3671618844083793,-4.308387393829562,280.3001033153695
472,15,5.774290370102687,-3.9691080130604104,1.8160039055378985,-15.547487400563078,2.278564128081314,-8.071611440828816,2.769161753223661,-3.367161807395419,-4.308390170045382,280.30009955613826
472,16,5.77429028874505,-3.9691017599640324,1.8160047168521163,-15.547976355207638,2.27856316097637,-8.070952830746075,2.769161349829092,-3.367162858099666,-4.308389437480446,280.30008213146795
472,17,5.77429027887228,-3.969102453103868,1.8160055478724115,-15.549962260112867,2.27856276089374,-8.071211155657402,2.7691623536686643,-3.3671624859587292,-4.308389083543831,280.3000994156412
472,18,5.7742902816976045,-3.969111112684276,1.8160055292057298,-15.550013669313104,2.2785643919083056,-8.07076724071526,2.769161150634962,-3.3671620842266083,-4.308387431859479,280.30007895040995
472,19,5.774290315961426,-3.969101562798648,1.8160048093346006,-15.545369971525231,2.2785627689019,-8.07170199952494,2.769161491011594,-3.3671618782442674,-4.308387142860912,280.3000871896952
472,20,5.7742902857050735,-3.9691108862613027,1.8160044998041156,-15.546979959441957,2.2785627841078204,-8.07100297595173,2.7691616980622054,-3.3671622363231113,-4.308384834393116,280.3000839440723
472,21,5.774290321499668,-3.96911524909035,1.8160056015973853,-15.547328131522635,2.278563088555704,-8.071480062440228,2.7691614981932378,-3.36716167208325,-4.308386320331543,280.3000811899244
472,22,5.774290301572754,-3.969109001502154,1.816005249651333,-15.547139206724081,2.278562092147104,-8.070807727400327,2.769161187660603,-3.3671623690201873,-4.308388707040202,280.30008077920144
472,23,5.774290338754928,-3.9691077695280224,1.8160051746338204,-15.550621854403193,2.2785647828816495,-8.071017558144867,2.769161206202468,-3.3671619218218067,-4.30838764073765,280.30008147258354
472,24,5.774290258134232,-3.9691092569424056,1.8160043934702894,-15.553829219782093,2.278562781629976,-8.070910001107695,2.7691615208724523,-3.367162286402383,-4.308389567932693,280.3000813513458
472,25,5.774290252330373,-3.969100716209554,1.816004694857373,-15.546948658384636,2.278563133054923,-8.071439423982541,2.7691621835325,-3.367162294116652,-4.308388963565653,280.30009263456475
472,26,5.774290277481933,-3.969103884706768,1.81600530838485,-15.546672608076355,2.2785646864864875,-8.071247842271843,2.7691616145075693,-3.3671620923872636,-4.308387049938016,280.30008441784014
472,27,5.774290279026287,-3.9691039091398888,1.8160052515045064,-15.549278560402204,2.278563799315214,-8.071186363009973,2.7691611883143503,-3.3671618875234515,-4.3083863315020645,280.3000788327678
472,28,5.774290338326036,-3.9691096319324592,1.8160051228451422,-15.545549764838208,2.2785647165363847,-8.071166269069241,2.7691615589901564,-3.367162424384531,-4.3083882877844415,280.3000870380955
472,29,5.7742903394213965,-3.9691051921017086,1.8160051863140714,-15.54671711165051,2.2785638038678497,-8.071613492392185,2.769161357878353,-3.367161832876511,-4.30838640790861,280.30008506116405
473,0,5.774290267204242,-3.9691179898060756,1.8160052759243521,-15.54955118299335,2.2785642569550055,-8.070921505217443,2.769161112776146,-3.3671620836721985,-4.308388921462074,280.3000883788351
473,1,5.774290276051048,-3.969111315592705,1.8160044569870026,-15.55017970951284,2.2785636314411932,-8.07112505291432,2.769161664891867,-3.3671620781652996,-4.308386433315664,280.30008849459693
473,2,5.774290326999882,-3.969103684891081,1.8160049535168166,-15.54635655658665,2.2785645787788207,-8.071268951771955,2.7691617110989,-3.3671622319621126,-4.3083860704758585,280.30008693222885
473,3,5.7742902793871,-3.9691093090988367,1.8160061338361313,-15.546851238695924,2.278564772116626,-8.07114279447237,2.769161756095463,-3.3671620238856583,-4.308385698065439,280.30009124344105
473,4,5.77429021378681,-3.969111964537073,1.8160043639640235,-15.550266494165058,2.278562795358088,-8.070948128627998,2.7691615869748585,-3.3671623669145414,-4.308389568590134,280.30008039884046
473,5,5.774290341429362,-3.9691131262535353,1.8160060269732097,-15.545075122275295,2.278563381157788,-8.07115489005621,2.769161574091428,-3.367162320344589,-4.308387073139109,280.3000864072746
473,6,5.77429032803581,-3.9691096762439786,1.8160051982952765,-15.547990382031024,2.278562873637824,-8.071223532049656,2.769160916729769,-3.3671621207202227,-4.308388418852441,280.3000854912651
473,7,5.774290295488731,-3.969111227286569,1.8160065182954526,-15.547467808808724,2.278565797347635,-8.071214387125067,2.7691617604992227,-3.3671625818100495,-4.308383819396614,280.30010777683515
473,8,5.7742902795360935,-3.9691112246271256,1.8160054191360633,-15.547930967633805,2.2785639476050217,-8.070846172336378,2.7691615884625547,-3.3671623808786952,-4.308388326155258,280.3000839754936
473,9,5.774290289875179,-3.9691087935022127,1.8160045230655875,-15.546450617298385,2.27856314699384,-8.07133181319114,2.769161331095757,-3.3671623439369114,-4.308388565183868,280.3000819981843
473,10,5.77429036991796,-3.9691055957863948,1.8160052115038985,-15.544191055023814,2.278564335039092,-8.071379491759439,2.7691608761560325,-3.3671618472636973,-4.308385056028553,280.300091142722
473,11,5.774290327563423,-3.969110232618099,1.8160050594305488,-15.549406612595599,2.278562890745443,-8.071140117505175,2.769161315075375,-3.3671618930753255,-4.308387269777338,280.3000871733976
473,12,5.774290285728644,-3.9691097305599725,1.816004918670771,-15.550704747851643,2.278562571477865,-8.070918409467433,2.7691610528330504,-3.367161902421129,-4.308386728990891,280.3000865195509
473,13,5.77429021123968,-3.969113144313778,1.8160062078236683,-15.549948193855833,2.278563957221375,-8.070809429025985,2.769161998913822,-3.367162705549239,-4.308391109476476,280.3001041225212
473,14,5.7742902887903025,-3.9691104068347562,1.8160051356987845,-15.547603517454442,2.278563932533872,-8.071124917751622,2.7691609843928915,-3.3671621852434686,-4.3083862200955645,280.300091800897
473,15,5.774290310313658,-3.969107605503392,1.8160050909572096,-15.548124401254801,2.2785632802453257,-8.071183775982561,2.769161520131717,-3.3671621212694838,-4.3083897242593014,280.3000843683029
473,16,5.774290286259081,-3.969106092256229,1.8160050629368258,-15.547130451601346,2.27856502705072,-8.071449898544339,2.7691616614133676,-3.3671619110593363,-4.3083860969100405,280.3000786084816
473,17,5.774290350159961,-3.969111264655623,1.8160052420423687,-15.55017764983269,2.278562385094841,-8.07116578269547,2.7691614952703643,-3.367162059242263,-4.3083898933447236,280.30008431577596
473,18,5.77429033076574,-3.9691107038058484,1.8160046603762854,-15.547807866628865,2.278562923729252,-8.071034477474925,2.7691606384044816,-3.367161393147862,-4.308386649613878,280.30008260716954
473,19,5.774290273342968,-3.9691067465950454,1.816005574546121,-15.547586027248752,2.278564207972815,-8.071054682703027,2.7691611986748694,-3.367162115093476,-4.3083880072805005,280.300083220774
473,20,5.774290333246096,-3.96910894989523,1.8160048414120682,-15.551168974727856,2.2785652286915963,-8.071179127060669,2.769161311373004,-3.3671615367814227,-4.308384936461271,280.30009047884244
473,21,5.774290334841458,-3.969110294865277,1.816006132695106,-15.550185614616893,2.2785645314267944,-8.071082225906407,2.769161182627583,-3.3671615970081934,-4.308389246039529,280.3000805156952
473,22,5.7742902955146365,-3.9691099192060117,1.8160047439578326,-15.550218499594223,2.2785633823071705,-8.071279144303379,2.7691613725373525,-3.367162254175828,-4.308387346610828,280.3000787774432
473,23,5.774290318484062,-3.969100411616542,1.816004754157303,-15.550357602413854,2.278563028329863,-8.070826161190006,2.7691619761222657,-3.367162353172967,-4.308388147020407,280.30008498277044
473,24,5.77429040163379,-3.96910829860399,1.8160052913728966,-15.549262537015986,2.2785637352134693,-8.071015074188287,2.7691611004368886,-3.367161820001735,-4.308386922986287,280.3000902256066
473,25,5.774290262449532,-3.969117402123099,1.8160040705954126,-15.550475028969382,2.2785626780572037,-8.070986752264018,2.7691610906452295,-3.367161640748193,-4.30838734354925,280.30008846695495
473,26,5.774290343873784,-3.9691053697929974,1.8160053770530775,-15.545959808964069,2.2785632388985686,-8.071136229268216,2.76916114238583,-3.3671626197019506,-4.308388364846026,280.30007820449663
473,27,5.774290292215531,-3.9691065495135653,1.8160051506754258,-15.549860334889786,2.2785629843417077,-8.071250012986763,2.7691613896526683,-3.367161922337169,-4.308387628867679,280.30008042880934
473,28,5.774290278471586,-3.9691061510301267,1.8160056905553006,-15.549266713410367,2.2785628735358894,-8.071067022276436,2.7691609708560847,-3.3671617017843305,-4.308387345185187,280.3000852243698
473,29,5.774290382753356,-3.969112685774758,1.81600523080014,-15.551133369313211,2.2785646051406485,-8.07136587726313,2.7691619556470095,-3.367162049115536,-4.30838866081148,280.3000982408882
474,0,5.7742903475617915,-3.969101495594536,1.8160048777502962,-15.545225452172149,2.278564441195325,-8.071390618560988,2.7691614935582796,-3.3671624937371454,-4.30838931832217,280.30008440235315
474,1,5.774290292032128,-3.969114534508458,1.8160044190488003,-15.549223395712763,2.2785629911807335,-8.071131841961446,2.7691612857306462,-3.3671619788888396,-4.308388158639947,280.30008091886515
474,2,5.774290276507947,-3.9691069611155685,1.816004951718261,-15.547801077147938,2.278563209237255,-8.071146415366623,2.7691615105991576,-3.367162752074953,-4.308389008997699,280.30008362160163
474,3,5.774290261983793,-3.9691097118096046,1.81600507654038,-15.548010114081528,2.278563619020545,-8.0711596901625,2.7691615340847053,-3.367162357287879,-4.308388526133498,280.300090588771
474,4,5.774290272567197,-3.9691076920982677,1.816005165809622,-15.54894456683192,2.278563507908733,-8.071419239762035,2.7691611352965797,-3.3671619254931637,-4.308388749609025,280.30007949470973
474,5,5.7742903130252605,-3.969112718592789,1.8160046362696234,-15.548391308254699,2.2785631974326974,-8.071135628653048,2.769161027971367,-3.367162326532462,-4.308388408739895,280.30008112369114
474,6,5.774290298163552,-3.969106214307718,1.8160045481220581,-15.546181814747024,2.278563347431761,-8.071264807584338,2.769161448671058,-3.367162234839042,-4.308388176958281,280.30007581306756
474,7,5.774290311695185,-3.969107041961177,1.8160044213588278,-15.544773480018396,2.278562892907728,-8.071485483208098,2.7691610914547393,-3.3671620698806706,-4.308388844343134,280.30007884386254
474,8,5.774290312121831,-3.9691069200056917,1.8160045291265372,-15.547391856283177,2.2785628338615758,-8.071153577310474,2.7691615182236347,-3.3671625511962002,-4.308388642893878,280.30007778298204
474,9,5.774290243001277,-3.9691137218702655,1.8160047417635374,-15.547435441485254,2.2785645461032673,-8.071309968787443,2.7691617549914276,-3.367162131382137,-4.308386554284447,280.30009508418317
474,10,5.774290285736756,-3.9691134335509735,1.8160045313105626,-15.549000424747017,2.2785638102548416,-8.07123024348256,2.769161311636883,-3.3671619189793454,-4.308387389583466,280.3000862570002
474,11,5.774290304124212,-3.969106818793938,1.8160050421421403,-15.545514469308673,2.2785652690535487,-8.071552353552205,2.7691612363473053,-3.3671622851023635,-4.308386305484239,280.3000861270732
474,12,5.77429031385742,-3.9691056270590384,1.8160055429169282,-15.549635466997483,2.27856403444496,-8.071115062777308,2.7691613908485833,-3.367161858698662,-4.308387335265279,280.3000844769499
474,13,5.774290279120456,-3.9691109629968313,1.8160051144888139,-15.546937214123595,2.2785638271770856,-8.07127026405832,2.7691614654119032,-3.367162446784109,-4.308389398444677,280.30008796180084
474,14,5.7742902832251595,-3.9691123873489196,1.816005347095676,-15.55016082577115,2.2785634157953596,-8.070803105766146,2.769161115401412,-3.367162198797539,-4.308387439514233,280.30007852440104
474,15,5.774290276592947,-3.9691116475469044,1.8160051249077227,-15.548088438689064,2.2785627287474384,-8.071209402082106,2.7691612575497464,-3.367162230491992,-4.308389310898058,280.3000829456328
474,16,5.774290305613654,-3.969110922375126,1.8160052784320047,-15.548620976628495,2.2785634718052115,-8.07128803158486,2.7691615902560933,-3.367162163352233,-4.308389386252188,280.3000824063108
474,17,5.77429031702249,-3.9691085557930053,1.8160041661851336,-15.547406154790242,2.2785632694381226,-8.07112077421096,2.7691614014733275,-3.36716200782588,-4.308388607744446,280.3000844544489
474,18,5.774290269065517,-3.969110369610831,1.8160046847583433,-15.54910137349278,2.2785631926153447,-8.071213944798853,2.7691618736429393,-3.367161833245375,-4.3083883980893125,280.30008121799835
474,19,5.774290241605086,-3.9691118569640684,1.8160047867685352,-15.548154925913336,2.2785636217544067,-8.071261763225069,2.769162073339644,-3.367161900788944,-4.308386938672232,280.3000912365146
474,20,5.77429028454976,-3.9691076716933162,1.8160050580855862,-15.547889752388855,2.2785630585143393,-8.07139977632014,2.7691615838105164,-3.3671622429784582,-4.308390007881547,280.3000806930689
474,21,5.774290300227858,-3.9691049599761024,1.8160047683081195,-15.54702755554026,2.2785643559861377,-8.071478810811943,2.769161430908645,-3.3671620056763354,-4.308389204831638,280.30008668176447
474,22,5.77429027765602,-3.969113420578418,1.8160055105612491,-15.54818078984586,2.2785648207454248,-8.070748380925487,2.7691613783753986,-3.367162096937321,-4.308384715864461,280.3000875636633
474,23,5.774290285000711,-3.9691106452216998,1.8160041744611102,-15.546953588921273,2.2785631272671196,-8.071433662686308,2.7691611756962544,-3.367162102752919,-4.308388815523343,280.3000764283293
474,24,5.7742903130236325,-3.969108984897852,1.816005231165075,-15.54794024372218,2.278563654140616,-8.071228868642676,2.769161229616297,-3.3671620253721226,-4.308386963612193,280.3000799112292
474,25,5.774290337541332,-3.969103722676466,1.8160053890151115,-15.547815160462001,2.27856363391461,-8.071127433551144,2.7691615108659966,-3.3671621895335444,-4.308388737186397,280.30008370225573
474,26,5.774290342282179,-3.9691071458007565,1.8160044128562716,-15.546465157096337,2.27856317560804,-8.071437014855624,2.76916162217981,-3.3671622900727423,-4.308388884110069,280.30007482326766
474,27,5.77429031378503,-3.9691094067311243,1.8160049618652228,-15.549224075494044,2.278563963450706,-8.070962690670614,2.7691610898898653,-3.3671619134579194,-4.308386788633859,280.3000840414328
474,28,5.774290307274393,-3.96910526845061,1.8160041297452747,-15.546851010314661,2.278563685787753,-8.071102792304584,2.7691615382740795,-3.367162346179419,-4.308388138366551,280.30008909724245
474,29,5.774290321591134,-3.969109605112635,1.8160047679217304,-15.547857774981784,2.278563515042146,-8.071384391830778,2.769161095071273,-3.3671617563370906,-4.3083869665781345,280.3000847195732
475,0,5.77429035067438,-3.969103268952789,1.8160037550574655,-15.547063989460076,2.2785638698233663,-8.071621542137612,2.7691614240342326,-3.3671618615778276,-4.308386796462416,280.30008723633046
475,1,5.774290327223579,-3.969106724771772,1.8160057033672998,-15.547438310206706,2.2785632313042234,-8.07112943204468,2.7691612673878137,-3.367162290981278,-4.3083868384110335,280.30008004078087
475,2,5.774290306536404,-3.9691075686725372,1.8160051902481864,-15.548726750677249,2.27856461197931,-8.071193304205737,2.769161683833343,-3.367161518481467,-4.308385757156628,280.3000806623405
475,3,5.774290329288222,-3.9691105594270937,1.8160051888818696,-15.547727974152513,2.278562560013593,-8.071390177850407,2.7691618960176547,-3.367162408069757,-4.308388167991522,280.30008772150046
475,4,5.7742902619432686,-3.9691146622566915,1.8160041306153882,-15.549911613527335,2.2785630122370266,-8.071117944928876,2.769161827454883,-3.3671622566898853,-4.308388426931986,280.30009302224335
475,5,5.7742903232907565,-3.9691025427508917,1.8160043857117605,-15.544802717069592,2.278562054483944,-8.071672115026955,2.76916123579854,-3.3671616976983905,-4.308387079354582,280.3000809207835
475,6,5.774290313302151,-3.9691109510529397,1.8160046049193879,-15.549204336744866,2.2785643295993836,-8.071405211409033,2.7691621406131786,-3.367162213595943,-4.308389951429482,280.30009613529637
475,7,5.774290309112214,-3.9691064354246053,1.8160042067946596,-15.548325429211715,2.2785620033317935,-8.071414642432154,2.769161783187773,-3.367162686557783,-4.308391437763042,280.3000843581576
475,8,5.77429028900543,-3.9691035755551947,1.816004368111487,-15.548107963466691,2.278562136195036,-8.07115661215473,2.769161075373617,-3.367162260003417,-4.308389279144313,280.3000789554382
475,9,5.774290346512798,-3.969109178149853,1.8160050025886192,-15.546196335466817,2.278562987545086,-8.071221291406422,2.7691609345875703,-3.3671622725235566,-4.308388880780083,280.3000877634504
475,10,5.7742902961197435,-3.969105548629191,1.8160041522286292,-15.549092808879058,2.2785621172839443,-8.071000298161,2.7691614566682015,-3.3671623963388044,-4.308389104570835,280.3000759796014
475,11,5.774290270434179,-3.9691130368150818,1.8160045655033357,-15.550483562534513,2.2785634838754323,-8.071003207722505,2.7691615053235954,-3.3671625311746793,-4.308387693602968,280.30008003564456
475,12,5.774290324049635,-3.96911110754539,1.8160048400397475,-15.548621537583166,2.2785636647836807,-8.071233711637143,2.7691612879922465,-3.36716207632185,-4.308389156657635,280.3000877740527
475,13,5.774290295060769,-3.9691123462576137,1.8160056646988896,-15.54857372414066,2.2785628543606773,-8.071568721277975,2.769161904517491,-3.367161801914154,-4.308388638953874,280.3000856000335
475,14,5.774290264415975,-3.9691097546157623,1.8160048137821707,-15.547691325728763,2.278562461492786,-8.071155450040042,2.7691612408396624,-3.3671623981738206,-4.308387905775949,280.3000899542104
475,15,5.7742903815744695,-3.9691079573067802,1.8160045493838368,-15.543517877174965,2.278563590783023,-8.07112057347994,2.7691613193086013,-3.367161914134431,-4.308386605068022,280.30009088901124
475,16,5.774290334366208,-3.9691088302558697,1.8160047360201077,-15.549093023492917,2.2785638369029897,-8.071253600816643,2.7691607994992977,-3.3671621334577875,-4.308388039643984,280.3000763523073
475,17,5.774290324175511,-3.9691065039044973,1.8160048551431447,-15.54622294170505,2.2785635041623373,-8.071869812774025,2.769162175597464,-3.3671621568012315,-4.308390265973965,280.3000952520529
475,18,5.774290330206076,-3.9691077647075885,1.816005398280338,-15.546045900187288,2.278564231895636,-8.07165480383765,2.7691611188230336,-3.367161996996402,-4.308387361280081,280.30008375606883
475,19,5.7742903116501685,-3.9691079708213906,1.8160039900386673,-15.546163326301086,2.27856298045842,-8.071395172232192,2.7691620696529418,-3.3671624864173104,-4.308392026249793,280.30009476833595
475,20,5.774290344210728,-3.9691125784263184,1.816004773428069,-15.545896119602478,2.2785628051470046,-8.071553879002979,2.7691611443998205,-3.3671619726622612,-4.308388059988151,280.3000823822325
475,21,5.774290301580452,-3.9691086237310103,1.8160037291350266,-15.544676108122168,2.2785625230226563,-8.071573054377275,2.7691616328771085,-3.367162785878225,-4.308389319153103,280.30008815227075
475,22,5.774290321204527,-3.969112099039404,1.816003134910275,-15.546460512923124,2.2785625176657813,-8.071408189170466,2.7691610557863635,-3.3671623546470815,-4.308391187131193,280.300087149242
475,23,5.774290339383767,-3.9691180334911467,1.8160042889862518,-15.551537174900696,2.278562678565714,-8.071198255290753,2.7691613846740712,-3.3671616709636956,-4.30838917415544,280.30007901613874
475,24,5.774290285579074,-3.9691089120491316,1.8160058653109197,-15.548950644147867,2.278563674645579,-8.07092851407187,2.769161107997669,-3.3671621170320627,-4.308387476799849,280.30008454468253
475,25,5.774290310146519,-3.9691088665001093,1.8160042404242367,-15.546479144086499,2.278561864400278,-8.071206222301587,2.7691610746453215,-3.367162674826069,-4.308390665117414,280.30008336657863
475,26,5.774290297677834,-3.9691094613995865,1.8160046213077476,-15.548377634471215,2.278563527350141,-8.07140507814069,2.769161074816332,-3.367161890928868,-4.308388433532102,280.30008304073385
475,27,5.7742903336307485,-3.9691107383133817,1.8160042226541702,-15.546403567372248,2.278563780715398,-8.07134988804664,2.7691616431285535,-3.3671622993414934,-4.308387815133081,280.30008310572674
475,28,5.774290299058874,-3.9691038646882113,1.8160044847760681,-15.548888724494786,2.2785632328249026,-8.071387952931927,2.7691617663220915,-3.367162153633208,-4.308390343376127,280.3000800105783
475,29,5.774290276495991,-3.96910921196247,1.8160043575549298,-15.549357082915126,2.278562398509069,-8.071270431489245,2.7691615298659813,-3.367162536657882,-4.308388688151247,280.30008116356544
476,0,5.7742903252901066,-3.9691137450019953,1.8160047320038044,-15.55114769621315,2.2785627424967942,-8.070838415819242,2.769160796180303,-3.3671618594582493,-4.308386982252774,280.3000827413124
476,1,5.7742903163151125,-3.9691106433117613,1.8160050392937368,-15.54807331343679,2.2785630987289323,-8.071284405421856,2.769161616041416,-3.3671622829009977,-4.30838951565159,280.30008326916595
476,2,5.774290271843196,-3.9691046093051403,1.8160039654977,-15.549198364460032,2.2785625297250807,-8.071221970936318,2.7691611626160726,-3.3671622951521294,-4.308390437870075,280.3000810278684
476,3,5.774290316205658,-3.9691131124556778,1.816004675430564,-15.550526056059557,2.278563059528883,-8.07116526322242,2.7691612194326143,-3.3671618263241765,-4.30838924337298,280.3000773841309
476,4,5.774290336961455,-3.969108249084662,1.8160043745415948,-15.548250331791303,2.278563422078968,-8.071159617478099,2.769161216117553,-3.3671617863495706,-4.308386327923634,280.30007867568764
476,5,5.774290286478661,-3.9691073367286127,1.8160050034463728,-15.550008802703235,2.2785624549324264,-8.070940087788324,2.769161713411301,-3.367162259600782,-4.308388662509201,280.300092032574
476,6,5.774290310081127,-3.969114035955151,1.8160046020750444,-15.549408925680302,2.278563374162699,-8.071450459856631,2.7691614901783366,-3.3671620123109234,-4.308388398529473,280.3000807821363
476,7,5.774290277248001,-3.9691104206520795,1.8160053416251487,-15.55222289569147,2.278562803568921,-8.071018449111463,2.769161646757851,-3.3671623170970215,-4.3083870589572895,280.3000848567591
476,8,5.774290329479496,-3.969105742492769,1.8160044961431292,-15.547264385770617,2.2785630789147717,-8.071533266287306,2.7691617624704667,-3.367162266702532,-4.308387070430674,280.300082011865
476,9,5.7742902511772884,-3.969106073273475,1.8160052066812251,-15.54758140052202,2.278563840169841,-8.070706415020766,2.769161790570177,-3.3671630388784375,-4.308388480745782,280.30009009508115
476,10,5.774290306704317,-3.9691051257398327,1.8160053749501635,-15.548292423972327,2.278564080449254,-8.070992317569232,2.7691613960481853,-3.3671622794786504,-4.308387318666589,280.30008892632827
476,11,5.774290309766674,-3.9691121344627307,1.8160043869856646,-15.546982094172892,2.2785632375495566,-8.071171405442712,2.769161029459218,-3.367162443282184,-4.308388558413846,280.3000832118065
476,12,5.774290272648608,-3.969104553338359,1.816004561857723,-15.547014714054805,2.278562253867862,-8.07137498151458,2.7691618883096147,-3.367162157413428,-4.308389129821726,280.30008643754365
476,13,5.77429030251178,-3.9691095317782157,1.8160040388408258,-15.550647405031095,2.2785630363365033,-8.071234366815348,2.76916112748409,-3.3671618235023657,-4.308388504200765,280.300076565308
476,14,5.774290325641467,-3.9691024449560244,1.8160051806141488,-15.547288971034286,2.2785632458905676,-8.071205868025409,2.7691606636755073,-3.367162214818491,-4.308388337004521,280.30009288921656
476,15,5.774290373817349,-3.9691082076733544,1.8160043805259203,-15.546874875918073,2.278563934143862,-8.071245037099324,2.769160823194621,-3.3671619752427704,-4.308385258103227,280.30008296078864
476,16,5.7742902712830215,-3.969104676282542,1.8160051373867414,-15.550602600192667,2.278562720465183,-8.070760419045895,2.7691612116828748,-3.367162547870178,-4.308387576476238,280.30007999292206
476,17,5.774290312068865,-3.9691022015165225,1.816005346972124,-15.548058201694776,2.278563867375445,-8.071127855821711,2.769161098406759,-3.3671621668893352,-4.308387405079056,280.30008277512394
476,18,5.774290325338322,-3.9691016644517387,1.8160052785856493,-15.545551494700453,2.278563835762647,-8.071393543753828,2.769161529122117,-3.367162117935447,-4.308385599161472,280.3000846375812
476,19,5.774290293049152,-3.9691046534237744,1.8160052456923226,-15.548122445366936,2.278564662959766,-8.071341465563348,2.7691614937903877,-3.367161993405849,-4.30838637307705,280.30008434048744
476,20,5.774290308726616,-3.969105229654681,1.8160044027940874,-15.547381259969779,2.2785641074418694,-8.071634189379536,2.7691611266655345,-3.3671617682143546,-4.308389582101569,280.30008190140984
476,21,5.774290335657412,-3.9691113480596467,1.8160036735263627,-15.549394976195446,2.2785630355570397,-8.071473139296302,2.769161425835799,-3.3671615978772826,-4.308389794872008,280.3000842552144
476,22,5.774290303273231,-3.9691101826462893,1.8160046898603233,-15.548666819737763,2.278564115755437,-8.07135136509622,2.769161367633409,-3.367161938458539,-4.308387225251523,280.30008428803023
476,23,5.774290324272843,-3.9691038076375844,1.8160038526342834,-15.546114716346484,2.2785630515710604,-8.07153723256945,2.7691607731050967,-3.367161989306632,-4.308387259846102,280.300084478378
476,24,5.774290305984207,-3.9691091281013837,1.8160041441107193,-15.548753356766778,2.278563505338723,-8.071457427806175,2.7691615923028534,-3.3671619759357982,-4.308387951981451,280.30008721845684
476,25,5.774290302861931,-3.969113527713401,1.8160039013522111,-15.546724125726374,2.2785623041298715,-8.07115060805298,2.769161253217912,-3.3671624964285636,-4.308386006704544,280.3000840674541
476,26,5.7742902824573825,-3.969099940378882,1.8160044947266936,-15.54809174043131,2.2785623691360493,-8.071056983715426,2.7691617426640174,-3.36716243993094,-4.308388322168882,280.300089371038
476,27,5.774290319983915,-3.9691051284140033,1.8160033228603354,-15.545841969689606,2.2785633751690963,-8.071343529119765,2.7691618151309236,-3.3671625367330416,-4.308389735354122,280.30009223821435
476,28,5.774290254057719,-3.969110807720629,1.8160043715219822,-15.552419001072055,2.278561909366877,-8.071005957370426,2.769160995229543,-3.367162319950089,-4.308388601722685,280.30009221938815
476,29,5.77429032228743,-3.969105366512226,1.8160049257315496,-15.548722911313355,2.27856338101809,-8.071035206941666,2.769161224269884,-3.3671625386101187,-4.308388736660996,280.3000800073325
477,0,5.774290276456334,-3.969106540804514,1.816004341604749,-15.549585945654036,2.2785629934323484,-8.071270151458048,2.7691611301424586,-3.3671620803850795,-4.308388769703586,280.30008199212955
477,1,5.774290309575477,-3.9691073175421647,1.8160043796927112,-15.549553133670637,2.2785634093041622,-8.071173239006669,2.769161297775137,-3.367161958345061,-4.30838690158001,280.3000815750788
477,2,5.774290281434187,-3.969108177201665,1.816003297772891,-15.546898542014057,2.278562287433661,-8.071448382963224,2.7691611049788056,-3.3671623846268317,-4.308389573756789,280.30008724569916
477,3,5.774290352579524,-3.969107184110704,1.816005556921358,-15.549178345803309,2.278563589279447,-8.071101705985418,2.769161424136986,-3.3671620712928063,-4.308387391343669,280.3000824904967
477,4,5.774290303074137,-3.9691089335022856,1.816004878456817,-15.55390079274633,2.278562203581988,-8.07113720281295,2.7691611530874525,-3.3671617766375403,-4.30838984400085,280.30008198224726
477,5,5.774290330080345,-3.969103226894705,1.816004955158867,-15.547149644700749,2.278562983043586,-8.071116297026874,2.7691613117635407,-3.3671624304151218,-4.308387355018123,280.3000813613352
477,6,5.774290296163325,-3.969102768665504,1.816004086247711,-15.550279551918347,2.2785634259677465,-8.070818733674878,2.7691611180926965,-3.3671623400927615,-4.308388458898588,280.30008122695574
477,7,5.774290326156331,-3.9691043439129006,1.8160042879607714,-15.548324681475144,2.2785630144676112,-8.071379944415261,2.7691610287421238,-3.367161886072598,-4.308387429100483,280.30007784156305
477,8,5.774290334762393,-3.9691022548224195,1.816003779617752,-15.54238096923009,2.2785631773077495,-8.071551487629185,2.769161164531743,-3.3671624034040444,-4.308388255083373,280.3000788860834
477,9,5.774290325000889,-3.9691071467399337,1.8160043598049438,-15.550926840758246,2.278562388869064,-8.071150117702249,2.769161341959375,-3.3671618585158387,-4.308388594447183,280.3000818714023
477,10,5.774290362278939,-3.9691098630202495,1.8160049481734375,-15.546962700868974,2.2785627066774485,-8.071323774258605,2.769160669382341,-3.3671620549675043,-4.308389400717712,280.3000937961446
477,11,5.774290282622943,-3.969112425082191,1.8160048495257541,-15.549337353626491,2.2785628567776337,-8.07117593995316,2.769161257423601,-3.367162277050675,-4.308388829679078,280.3000811242641
477,12,5.774290347226315,-3.969106287147,1.816004504777584,-15.548534594104417,2.27856224121594,-8.071352352834268,2.769161492966734,-3.367162553542924,-4.30839134036714,280.3000785720527
477,13,5.77429031508478,-3.969108192949795,1.8160041554730435,-15.549982085802208,2.2785627837579003,-8.071148480368791,2.7691615612190814,-3.3671622734532973,-4.308389489256142,280.30008649182054
477,14,5.774290352587069,-3.9691070964573845,1.816005559851575,-15.548414531128012,2.278563050313745,-8.071273113264546,2.7691613268951785,-3.367162231791975,-4.30838721477367,280.3000794975799
477,15,5.774290306549082,-3.9691083701258845,1.8160046324421684,-15.547339543773914,2.27856256739075,-8.071284592948155,2.7691614321498346,-3.3671620624276484,-4.308387848711098,280.3000869317435
477,16,5.77429029136903,-3.9691061499530838,1.8160049035990846,-15.548220412270325,2.2785637041653914,-8.07128581604302,2.769161317153264,-3.367162424989458,-4.308387031152521,280.30008612651403
477,17,5.774290298209109,-3.969110301042089,1.8160039040675835,-15.551658461388108,2.278562854002243,-8.071335161226857,2.7691617353593174,-3.36716194159551,-4.308389929461959,280.30008951111586
477,18,5.774290335200878,-3.9691147509179676,1.816003946896963,-15.551287017634799,2.2785627677171556,-8.071368515724531,2.769161555177853,-3.367161890994794,-4.308389898081363,280.30008822904836
477,19,5.774290329084951,-3.9691080847553533,1.816005257710572,-15.550146738217641,2.278563924524833,-8.07126297783335,2.769161238677958,-3.36716181218316,-4.308387712077449,280.30007528402416
477,20,5.774290315171904,-3.9691146032928093,1.8160041855261133,-15.550217819229834,2.2785628174623143,-8.071180305164752,2.769161285513103,-3.367161551966434,-4.308387433292275,280.30007901452495
477,21,5.774290325821097,-3.9691081194351883,1.816005428934819,-15.548583554683681,2.278563629653263,-8.071063542937749,2.769161489849418,-3.3671622021895304,-4.30838734082061,280.3000816148292
477,22,5.774290298865368,-3.96911107376847,1.8160042336450235,-15.545623197255333,2.278563863098195,-8.07128517351071,2.769161463246703,-3.3671623254378455,-4.308387378472185,280.3000823704182
477,23,5.774290281175626,-3.9691081701753212,1.816004783893578,-15.5482586070984,2.278563237560855,-8.071190834192615,2.7691614549101686,-3.3671627813364484,-4.308390076978638,280.30008255807763
477,24,5.774290314834634,-3.969101692450183,1.8160036880025061,-15.547096389789843,2.2785630125559475,-8.071545580573483,2.7691613700427387,-3.3671624864875698,-4.30838897479247,280.30008881692606
477,25,5.774290329450342,-3.969112713725447,1.816004521565528,-15.55282235699968,2.2785638093225873,-8.071149168059593,2.7691610699234492,-3.3671616675040337,-4.308387680801448,280.30007904744025
477,26,5.774290337499787,-3.969106640046948,1.8160055104699253,-15.54822843184957,2.2785642862975686,-8.070947772930252,2.7691611011931534,-3.367162391836707,-4.308387518449158,280.3000848027332
477,27,5.774290315220758,-3.969102165649522,1.8160053740411974,-15.5488224394706,2.2785640656382573,-8.071424449075439,2.7691612974325808,-3.367161779855599,-4.308386849319395,280.3000764654696
477,28,5.77429032762788,-3.969103487068825,1.8160040327736042,-15.549858011414875,2.278563667630532,-8.071306589161331,2.7691611450068994,-3.3671617389559354,-4.3083866442901195,280.30008176843637
477,29,5.774290295091089,-3.969106599464292,1.816004595092232,-15.549001114829348,2.2785639588932125,-8.071517234963263,2.769161667149916,-3.367162059105902,-4.308388737536397,280.3000796617847
478,0,5.774290344003738,-3.969109541553775,1.8160044716610786,-15.549294776015051,2.2785636358578305,-8.071195716426253,2.7691610756653557,-3.367162231689263,-4.308386633311767,280.3000842810807
478,1,5.774290290976073,-3.969102717329849,1.8160045893034882,-15.548502622938502,2.278562633517654,-8.07147198749588,2.7691613639541495,-3.3671623297034605,-4.3083899878698,280.3000835625286
478,2,5.774290382009414,-3.969108994951687,1.8160059855086224,-15.546867070104028,2.2785639585633066,-8.07157915455704,2.769161384229715,-3.3671620908537756,-4.308386158617302,280.3000934944016
478,3,5.774290316542671,-3.9691085946975866,1.8160036024442294,-15.548839415125524,2.278562062876684,-8.071387784744786,2.7691608364439224,-3.367162052322219,-4.30838993825672,280.3000884020457
478,4,5.774290323343272,-3.9691066760743983,1.8160046106884091,-15.546407071197965,2.2785635759460763,-8.071581030523975,2.769161931785471,-3.3671620036504035,-4.308388774576177,280.30009227498243
478,5,5.774290316327466,-3.969104260178923,1.8160039323324064,-15.548675259459351,2.2785629591509293,-8.071090473557229,2.769161307549675,-3.3671619686523973,-4.308388383918855,280.3000839635975
478,6,5.774290313144521,-3.969108984001452,1.8160049566592522,-15.549167470103919,2.278564047365363,-8.071411421724278,2.769161219385171,-3.3671615262327137,-4.308388533797255,280.3000781996541
478,7,5.77429029636868,-3.9691064254071486,1.8160043958981227,-15.549802395160947,2.2785627012526217,-8.071322606346449,2.7691611124122004,-3.367161801656564,-4.308386031165326,280.30007536745364
478,8,5.774290314258333,-3.9691032763691756,1.816004857494725,-15.549529329083711,2.2785628194675733,-8.071552258080548,2.76916136933405,-3.3671616414797714,-4.3083865461529465,280.30008206185073
478,9,5.774290322303523,-3.969107655913476,1.816005267062098,-15.549761289099791,2.2785636450484987,-8.07116268332891,2.769161738075611,-3.367162210624388,-4.308387785999951,280.30009122989287
478,10,5.7742903455862375,-3.969110014238844,1.8160043065834828,-15.54616624933279,2.278563204287853,-8.071578586886552,2.7691615411164845,-3.367161963084361,-4.308389679904244,280.30008286180976
478,11,5.774290309743212,-3.969104224258129,1.8160044319502864,-15.55003044373457,2.2785636324658207,-8.071243258200514,2.76916151419815,-3.36716199774235,-4.308390217124262,280.3000780839108
478,12,5.774290330472028,-3.969111038233214,1.8160038950034874,-15.54978347746732,2.278562364256114,-8.07126148941309,2.7691612098388942,-3.367161594581139,-4.3083891066098765,280.3000887410267
478,13,5.774290334761444,-3.969111900543108,1.816003904581541,-15.546839597085375,2.2785630749372756,-8.07138693845281,2.7691611983886695,-3.3671618173618096,-4.308385674240494,280.3000722734928
478,14,5.774290284317944,-3.9690983720651665,1.816004835664151,-15.545063368394178,2.2785635178013117,-8.071407469550524,2.7691611725021117,-3.3671624618438214,-4.308388765114511,280.3000850895909
478,15,5.774290294003663,-3.9691054085378776,1.8160048906162125,-15.549877260208188,2.2785636517152494,-8.071252027560103,2.7691610210637285,-3.367161953426698,-4.308388450242976,280.3000848802267
478,16,5.774290353598937,-3.96911037780506,1.8160038180363045,-15.550788934177925,2.2785622865840103,-8.071106328807977,2.7691613947277416,-3.3671617991151432,-4.3083870171751855,280.3000834805449
478,17,5.774290357089809,-3.969110221243452,1.8160044391738688,-15.547211763846848,2.2785633494063617,-8.071399090589562,2.7691615220727006,-3.367161975426751,-4.308388197712194,280.3000786976669
478,18,5.774290292013241,-3.9691010187816533,1.8160040856223683,-15.546604422854418,2.2785627221927767,-8.071347220839549,2.7691614642919955,-3.367162272614062,-4.308390696836049,280.30008377293814
478,19,5.774290334574411,-3.9691081255427325,1.816004471928607,-15.544983815640538,2.2785635568410716,-8.07144381023509,2.7691609876684478,-3.3671619761752485,-4.308388159372925,280.3000819269025
478,20,5.774290334381373,-3.9691005674514575,1.8160039166476771,-15.547400460562661,2.278562606433795,-8.071708281981445,2.769161455391784,-3.3671619535173773,-4.308390744808991,280.3000907155604
478,21,5.774290324368253,-3.9691141728664445,1.8160051054104929,-15.550692397581898,2.2785634744826253,-8.07110002974547,2.769161136096486,-3.3671617756016023,-4.308387402646969,280.3000811036801
478,22,5.774290316529035,-3.9691033314532156,1.8160037497738548,-15.549977440179394,2.27856348568417,-8.071581261636947,2.7691612826163507,-3.3671616386289966,-4.308388071681552,280.3000888956764
478,23,5.774290297735652,-3.969105560330966,1.8160050357867548,-15.548778660809083,2.27856454014555,-8.071140758084843,2.769161474211219,-3.3671621510203122,-4.3083875981690225,280.30008382531616
478,24,5.774290331744734,-3.969105461341774,1.8160044253619154,-15.545557950952663,2.2785627915200757,-8.071301912009655,2.7691609567833577,-3.3671625121969275,-4.3083877831788016,280.3000854759437
478,25,5.774290343026922,-3.9691085050291566,1.816004352224626,-15.54758942247004,2.2785637431465933,-8.071272933030421,2.7691614457333777,-3.3671619188468633,-4.30838748859997,280.3000761019836
478,26,5.774290394953343,-3.9691088260362712,1.8160040677906657,-15.544655256076055,2.2785622270717565,-8.071426658876712,2.7691610719742927,-3.367161952217264,-4.3083890076873494,280.3000988143077
478,27,5.774290287704825,-3.969103675219263,1.8160048818109849,-15.551310892561668,2.278562841615002,-8.070749273747547,2.769161420679303,-3.36716262143344,-4.308390284289245,280.3000799509879
478,28,5.774290320858147,-3.969110425084578,1.8160050757961463,-15.551037139654149,2.2785630913097177,-8.071059111914849,2.7691612464425095,-3.3671618445849445,-4.308388224640741,280.3000780251991
478,29,5.774290280607254,-3.9691084221047426,1.816004423099327,-15.551336134045277,2.2785637947208577,-8.071099139504787,2.769160981926939,-3.367162006069784,-4.308387441337155,280.3000842216868
479,0,5.774290330231919,-3.9691129542599546,1.816004293077587,-15.548275248570755,2.2785630073056087,-8.0715488497475,2.7691613236974693,-3.3671615132109283,-4.308388706954604,280.3000803931118
479,1,5.774290322843285,-3.9691092493672335,1.8160043946590645,-15.551999008802389,2.278563038228487,-8.071047160159571,2.769160801479264,-3.3671613735318666,-4.308385138665756,280.300080789496
479,2,5.774290306867957,-3.9691118435667225,1.816003578008619,-15.545470877416346,2.2785626122429448,-8.071445342185289,2.7691613873843863,-3.367161827144328,-4.30838716327254,280.3000898495394
479,3,5.774290348925133,-3.969110805268465,1.8160049391404398,-15.547269299749178,2.2785637610124865,-8.071177836634044,2.7691613243448234,-3.3671622342917042,-4.308386042516347,280.30008425189817
479,4,5.77429034711576,-3.96910731908221,1.8160045335385395,-15.54737726446894,2.2785640783581838,-8.071230858118598,2.769161300349054,-3.367161729985325,-4.308385211338881,280.3000801803893
479,5,5.774290316144709,-3.9691067341829855,1.8160038749854175,-15.548466049981576,2.2785622457570467,-8.071413641500818,2.7691608438687334,-3.367161858868471,-4.308386629018251,280.3000890586561
479,6,5.774290304155154,-3.9691070405151323,1.8160045945620091,-15.548728814951396,2.2785640658522515,-8.071190182269461,2.769161619180365,-3.367162003712924,-4.308387904205348,280.30007776764904
479,7,5.774290299910717,-3.96910615489147,1.816004767967673,-15.551432007889327,2.2785637854758893,-8.071337838727972,2.769161129735851,-3.367161649938667,-4.308386599900271,280.30007965835813
479,8,5.774290323366774,-3.9691063593279914,1.8160038614538305,-15.547862325997906,2.27856339013762,-8.071453463065554,2.7691613582162145,-3.3671618086585835,-4.308387373971971,280.30008768469924
479,9,5.774290331974561,-3.9691119380975466,1.816005450680273,-15.553233987875663,2.278564394851191,-8.071279027281326,2.7691610586626014,-3.367161351300844,-4.308386669108827,280.30009147275905
479,10,5.774290358005956,-3.9691106092755923,1.8160048883221742,-15.549663018753202,2.2785625723421368,-8.071190550747033,2.7691613156814303,-3.367162082307443,-4.308387620265226,280.3000882195179
479,11,5.774290341555362,-3.96911422272812,1.816003641029097,-15.546548989980234,2.2785628002212337,-8.07116384599115,2.769161452019348,-3.367162298485532,-4.308386747127022,280.3000841104001
479,12,5.774290367809564,-3.9691077561352173,1.8160055575281804,-15.547288142755308,2.278563743249383,-8.071435363402655,2.7691615230087074,-3.367161877068805,-4.308385130114653,280.3001040410202
479,13,5.774290353364795,-3.969106165699026,1.8160041733120387,-15.548248932561403,2.278563719637596,-8.071458576125975,2.7691612088396655,-3.3671614876849714,-4.308387051470513,280.30007829375535
479,14,5.774290359985919,-3.969101743992838,1.8160043618606847,-15.549974942802875,2.278563615471446,-8.070923837199162,2.7691614387327155,-3.367162235137932,-4.308387600795687,280.30008502983907
479,15,5.774290332621384,-3.9691116674598286,1.8160043566709079,-15.549160959346198,2.2785632272822305,-8.071217738404398,2.7691612556846956,-3.3671615821140444,-4.308390008240509,280.30008284369944
479,16,5.774290338226547,-3.9691075638902933,1.816004762746324,-15.550974370512055,2.278563168958906,-8.07109304181331,2.769161143022551,-3.3671617613856575,-4.308387866093683,280.30007347422156
479,17,5.7742903333037905,-3.9691105680905445,1.8160038377366137,-15.551043369504187,2.278562065083429,-8.070995700510505,2.769160893048201,-3.367161992075009,-4.30838945674219,280.30009091874297
479,18,5.774290306154113,-3.969112269008737,1.8160044358704146,-15.550464592948352,2.278562486173163,-8.071154854785194,2.7691610306784775,-3.367162032899347,-4.308386984994334,280.30009134117006
479,19,5.774290341466416,-3.9691118877328804,1.8160045248646381,-15.550833283770826,2.2785638957499113,-8.071273964533471,2.769161438304848,-3.3671613787180514,-4.308387922147392,280.30007956358673
479,20,5.774290310940413,-3.9691120553003567,1.8160049414140802,-15.551679037205046,2.2785633266463297,-8.07123736506046,2.769161247673932,-3.3671614874088847,-4.308386420633398,280.3000816586695
479,21,5.774290318659462,-3.96910547991275,1.8160039764826563,-15.551184485521626,2.2785624584837314,-8.070948788819768,2.769161265287937,-3.3671619182509245,-4.308386028258787,280.3000834234971
479,22,5.7742903397779415,-3.969109172684424,1.8160046835732375,-15.54758315625045,2.278564284134269,-8.071492144666054,2.7691608497273053,-3.3671615756679385,-4.3083881745150165,280.3000840833389
479,23,5.774290356407563,-3.969112136132114,1.816004331087939,-15.547712484069395,2.2785630155381287,-8.071497069938514,2.769161314853633,-3.3671618392720415,-4.308385686520222,280.3000820906068
479,24,5.77429035843343,-3.9691019374757737,1.8160037249329655,-15.543831861649924,2.2785628812249428,-8.071591035534373,2.769161063771509,-3.367162131800158,-4.308387905820236,280.30008757260174
479,25,5.7742903382809985,-3.9691103056273143,1.8160037502768076,-15.549609758618248,2.278563191579377,-8.071209475905727,2.7691615001438454,-3.367162148053632,-4.3083871563885605,280.30008687125223
479,26,5.7742903498518645,-3.969118441034482,1.8160034092787112,-15.550192960025592,2.2785629011876307,-8.071214267010415,2.769161284869376,-3.3671617494808053,-4.308388080472804,280.30008916590975
479,27,5.774290300730456,-3.9691125194292494,1.8160032485646926,-15.549967986986895,2.278562927997878,-8.071315975366641,2.7691611972304377,-3.3671615872462843,-4.308386268681603,280.30008297988655
479,28,5.774290291398601,-3.9691075954303408,1.816005490924016,-15.549664000674023,2.278563914962944,-8.07113476038913,2.7691615852615783,-3.3671622274421997,-4.308388721913519,280.3000859833119
479,29,5.7742903189213,-3.969106544138497,1.8160038373484166,-15.547085273901184,2.278564057622912,-8.07159571604772,2.7691611689364755,-3.36716160460298,-4.308386024791095,280.3000791826694
480,0,5.7742903420986815,-3.969107780340708,1.8160050614062757,-15.550663335405774,2.2785634007879536,-8.07122698737308,2.769161337674701,-3.367161937013275,-4.308389396395987,280.3000820823551
480,1,5.7742903703917925,-3.9691099889805415,1.8160042924645237,-15.546422748363037,2.278563282479069,-8.071619717939345,2.76916136050845,-3.3671620036798626,-4.308385622904945,280.3000898561396
480,2,5.774290327823973,-3.969112172459785,1.8160041693752518,-15.550239848337094,2.2785634280707026,-8.071600211286686,2.7691616223304942,-3.3671613059023877,-4.308386396813154,280.3000870111801
480,3,5.774290324043039,-3.969107276423132,1.8160039611636205,-15.549378693633782,2.2785629351484107,-8.071425850347755,2.769161470441302,-3.367161598226134,-4.308388332054657,280.3000882872202
480,4,5.774290360954688,-3.969107048390865,1.8160041366977104,-15.550181256800158,2.278563478203496,-8.071534743009783,2.76916109246863,-3.367161004202773,-4.308386244126653,280.3000882486642
480,5,5.774290314661676,-3.9691148416814586,1.816005046072937,-15.549688138852245,2.2785639876946453,-8.071424127761173,2.7691608532378957,-3.3671612196641405,-4.308385823765555,280.3000850222005
480,6,5.774290341410462,-3.969108935465638,1.8160044893014855,-15.550628618037281,2.2785628627273473,-8.071729976009323,2.7691612560140695,-3.367161058787639,-4.308389456146355,280.3000796391441
480,7,5.774290366637566,-3.9691057059549117,1.8160046604594695,-15.549831959498977,2.2785647859433413,-8.071525328814124,2.7691613381682516,-3.3671613543674144,-4.3083866593575095,280.30009518273005
480,8,5.774290364942818,-3.9691036246821643,1.816003865181484,-15.550441321133064,2.2785635383358427,-8.071146916685409,2.7691611918355616,-3.3671619243615307,-4.308387801665212,280.30009434014005
480,9,5.774290383145171,-3.9691020169441193,1.8160047287221652,-15.548896281556305,2.2785637589019108,-8.071107186641992,2.7691611435373154,-3.3671618544848227,-4.308386898685936,280.30008862943373
480,10,5.774290343252007,-3.969113171486807,1.816004450097227,-15.552939196491208,2.27856370373654,-8.071086925576532,2.7691615403496823,-3.367161571059069,-4.308387734963322,280.3000823533504
480,11,5.774290276874572,-3.969106625759903,1.81600445096948,-15.549745821305205,2.2785630025736925,-8.071140964085311,2.7691611471515074,-3.3671617933865763,-4.308388092880428,280.3000698048286
480,12,5.774290299394161,-3.969106129495178,1.8160054018045164,-15.548970560109478,2.2785637468117006,-8.070973656595578,2.769161059764989,-3.3671617444703754,-4.30838523263706,280.30008246358875
480,13,5.774290378060819,-3.9691123963457358,1.81600407210326,-15.548779779760688,2.2785636928854616,-8.07132430734801,2.7691614732923537,-3.367161527042638,-4.308384215044423,280.30009403571535
480,14,5.774290352560221,-3.969107842594778,1.8160044856369462,-15.549073008817608,2.27856234951298,-8.071609424366546,2.7691616391514264,-3.3671618214948538,-4.308389529631009,280.3000810908635
480,15,5.774290368157413,-3.9691040425988575,1.8160040115224305,-15.548614447732687,2.2785635218761575,-8.071402383358988,2.769161299716914,-3.3671614886740366,-4.308386716717755,280.30009094459194
480,16,5.774290328123614,-3.969113637605479,1.8160036021568684,-15.549823086471664,2.2785628572429193,-8.071086682136663,2.769161571667361,-3.3671617619153036,-4.308387199776622,280.3000880525347
480,17,5.774290398948645,-3.969109947257611,1.81600388447005,-15.549087475206886,2.278562665420574,-8.071207978700862,2.7691611828196336,-3.3671617885933616,-4.308386721700817,280.3000901556996
480,18,5.774290341256152,-3.9691079436465397,1.816004361856767,-15.547800980446397,2.2785641581593548,-8.07149963007711,2.769161703341556,-3.3671618199626026,-4.3083872812671045,280.30008161677483
480,19,5.774290333221037,-3.9691072450261227,1.8160044960822794,-15.547850395542829,2.2785647124074035,-8.071327862680578,2.769161413791065,-3.367161409649237,-4.308386231197414,280.30007932360826
480,20,5.774290322587217,-3.969108891267148,1.8160043755005792,-15.54856796263381,2.2785640664003655,-8.071860943154034,2.769161535378564,-3.3671611552000877,-4.308388629374765,280.30007749493797
480,21,5.774290302863131,-3.9691075673193703,1.8160045483657066,-15.552553077249335,2.2785634535474237,-8.071356737302576,2.76916114372,-3.3671613568355,-4.3083876235154674,280.30007748878234
480,22,5.77429033059141,-3.969110255475098,1.8160045013515438,-15.551331707659145,2.2785638751313964,-8.07104948760861,2.7691612860115877,-3.3671615563438553,-4.3083848913092995,280.300085537069
480,23,5.7742903432451005,-3.9691125463917296,1.8160047434332403,-15.551210149280578,2.2785618463572828,-8.07100685398874,2.7691612644482113,-3.367162059437769,-4.308389278326244,280.3000804777161
480,24,5.774290281824557,-3.969102920889892,1.816005218904504,-15.55032978564894,2.2785642686753564,-8.07148735405868,2.7691612295774783,-3.36716140781666,-4.3083878393089625,280.3000846240907
480,25,5.774290331861521,-3.9691046859197208,1.8160044871929473,-15.549531832746954,2.278563164173627,-8.0713715581108,2.7691611609295106,-3.367161641303566,-4.308387424523631,280.3000751019274
480,26,5.774290334915619,-3.9691090236084827,1.8160044874233534,-15.548051586700414,2.2785645881006613,-8.071320935048963,2.769161052147621,-3.367161556214567,-4.308386239346698,280.30008398514167
480,27,5.774290379317462,-3.9691064031271774,1.8160042052134413,-15.547352232002119,2.2785640641234677,-8.071506855587096,2.7691611686482793,-3.3671616619183915,-4.308386226284513,280.30008632828685
480,28,5.77429032991751,-3.9691073090423155,1.8160038067593856,-15.549342484397643,2.2785644807996492,-8.071505866692796,2.7691616181641865,-3.367161580829215,-4.308388668528697,280.30008771001303
480,29,5.774290317376562,-3.969105826884142,1.8160041894151513,-15.550262856670662,2.2785631148641294,-8.071372108700777,2.769161136665247,-3.3671617752562546,-4.308387362418819,280.3000737966538
481,0,5.77429028925745,-3.9691083322940663,1.81600493194186,-15.551466028434904,2.2785622789115925,-8.071195170709505,2.7691609639665895,-3.36716196191336,-4.30838891546967,280.3000919293122
481,1,5.774290355700391,-3.969103349467046,1.8160036225099379,-15.546851210355333,2.278562400674428,-8.0714093980777,2.7691612898088316,-3.3671617111111543,-4.308386230612706,280.3000911255699
481,2,5.774290374916681,-3.969112759247723,1.8160042394715714,-15.546983916916837,2.27856279909795,-8.071654232019958,2.7691610952175347,-3.367161839766309,-4.308386387694758,280.3000955434993
481,3,5.774290248453148,-3.9691107364174774,1.8160053075710774,-15.551107696649716,2.2785629756306256,-8.071206859703738,2.769161367592616,-3.367161734948343,-4.308387895910392,280.30008942641393
481,4,5.7742902886063066,-3.96910235055421,1.8160043926280531,-15.554525492627786,2.2785621871591424,-8.07122605087884,2.769161569501254,-3.367161586982996,-4.308390499514787,280.3000753909985
481,5,5.774290286906698,-3.969109983584983,1.8160050113040231,-15.550096673211831,2.278563824603723,-8.071726978314489,2.7691613588345567,-3.3671613452782663,-4.308388926886808,280.300083262612
481,6,5.774290348042518,-3.9691031676312662,1.8160041944945313,-15.54911883568142,2.2785629336981903,-8.07136169213431,2.769161365789285,-3.3671617483548353,-4.308388259461642,280.3000850359356
481,7,5.774290306952921,-3.969108934037967,1.816003966547691,-15.549108129247468,2.278563642243119,-8.071222457194475,2.769160932755763,-3.367161504623535,-4.3083870727046545,280.30009237831695
481,8,5.7742903368400285,-3.969101563475838,1.8160041366745923,-15.549415219878552,2.27856308356849,-8.071319247882665,2.7691613685564462,-3.3671617947251664,-4.308387851871688,280.3000774991282
481,9,5.774290280911673,-3.969108076772154,1.8160050588266061,-15.550582564286737,2.2785630918848434,-8.071339878251809,2.769161399822201,-3.3671623048680366,-4.308392310461279,280.30008078434724
481,10,5.774290367105593,-3.9691024020801526,1.8160040901061967,-15.544792402184763,2.2785633163640235,-8.071505056035901,2.76916121517501,-3.3671619099097514,-4.308386979730841,280.30008501276825
481,11,5.774290315504667,-3.969108925591848,1.816004472052151,-15.552114377409845,2.278562424246265,-8.071398072781012,2.769161373033249,-3.3671613549303956,-4.308388675869986,280.3000815381199
481,12,5.7742903224284845,-3.969105342034946,1.816004884705684,-15.54746094432414,2.278563743434212,-8.071339378504428,2.7691614145907866,-3.3671620142490153,-4.308388875468628,280.30008219490645
481,13,5.774290278025844,-3.9691050189069292,1.816004981321921,-15.549474248944488,2.2785634140324778,-8.071320921386675,2.769161577838272,-3.3671619236943777,-4.308389258819802,280.30008209982185
481,14,5.7742903051765975,-3.969107876753634,1.8160043306561628,-15.549299896973245,2.278563254788186,-8.071223148902098,2.7691612312532468,-3.3671619315537322,-4.308387498028078,280.3000785733517
481,15,5.774290296715043,-3.9691051822590517,1.8160045877165039,-15.547815969185946,2.2785645935559957,-8.071354961358503,2.7691611112039927,-3.3671613678949948,-4.308386380666702,280.3000803494278
481,16,5.774290322861813,-3.9691116649398164,1.8160039050445551,-15.550081165482911,2.2785624682089614,-8.071370596628803,2.769161119408674,-3.3671614315560454,-4.308386214690991,280.3000881166604
481,17,5.774290333020754,-3.9691003190226217,1.8160043282863738,-15.547490079939399,2.278563012594284,-8.071462869827139,2.769161142781919,-3.367161987140308,-4.3083894217412055,280.300072038233
481,18,5.774290306732499,-3.96910398621093,1.8160042866212591,-15.54606059102238,2.2785630688869913,-8.07136648410824,2.769161702588066,-3.367162241303972,-4.308386440931251,280.30008242193605
481,19,5.774290314571795,-3.9691057323770598,1.8160051701871693,-15.548065821930425,2.2785646011837173,-8.071370267416011,2.7691614841710837,-3.367161634200862,-4.3083876912076695,280.30008604447073
481,20,5.7742902953861766,-3.969106110257827,1.8160048827801814,-15.553031114172564,2.2785627830566804,-8.071039198493299,2.7691614027251736,-3.3671616916967513,-4.308388745723167,280.30008256643976
481,21,5.7742903274275355,-3.9691084301859028,1.8160033771891921,-15.54975093675173,2.2785631333337917,-8.071386756697043,2.7691609770500842,-3.3671615512289357,-4.30838616978431,280.3000822358862
481,22,5.774290307000279,-3.9691081432239956,1.8160045775048437,-15.550425017301542,2.278562943661533,-8.071305925948227,2.769161278554481,-3.3671613035354686,-4.308388962849678,280.3000791137227
481,23,5.77429032853452,-3.9691084863722863,1.8160048176618169,-15.550709613997773,2.2785626102227963,-8.07120373715464,2.7691613019978805,-3.3671617602273294,-4.30838571688672,280.3000888442296
481,24,5.774290363338461,-3.9691070902447967,1.8160046638986829,-15.547638918345095,2.2785643409675047,-8.071876273640955,2.769161346180921,-3.367161357037291,-4.308387952666372,280.3000957859549
481,25,5.774290318330758,-3.9691076939585437,1.8160044055888724,-15.54785750265785,2.278564318437837,-8.07155144526926,2.7691616151258778,-3.367161011514539,-4.308388998438399,280.30008256508125
481,26,5.774290357568251,-3.9691125142011248,1.8160040390593521,-15.54896128327001,2.278563409589399,-8.071491774495046,2.7691611395834053,-3.367161420890944,-4.308385586328744,280.3000880626714
481,27,5.774290330599558,-3.9691103627945155,1.8160047197517806,-15.552010514362909,2.2785644735261736,-8.071074200578677,2.7691613633028185,-3.3671616661666155,-4.308386959188369,280.30008423704817
481,28,5.774290319690038,-3.969112495455842,1.8160054615992678,-15.553468345818779,2.2785628785765053,-8.071348600340906,2.7691611018829363,-3.3671614371662946,-4.3083896499941,280.30008476545606
481,29,5.774290352900467,-3.969112646914786,1.8160041577271893,-15.549835602608935,2.27856394475364,-8.071289564343274,2.769161330568817,-3.367161379968122,-4.308386204867926,280.30008018367204
482,0,5.774290344055763,-3.9691028056073825,1.8160043884585824,-15.547188334086284,2.2785632586773272,-8.071481207635369,2.7691611717633338,-3.367162025298581,-4.308389648134823,280.3000831473806
482,1,5.774290295080749,-3.9691063221072644,1.8160039178561211,-15.550276855355085,2.278563765667388,-8.071274526783005,2.769161345521448,-3.367161778586741,-4.308387014668918,280.3000830417906
482,2,5.774290269048374,-3.9690930611535156,1.8160042130667462,-15.551087900214704,2.2785637967262775,-8.071691996106038,2.769161682798254,-3.367161410879673,-4.308388525972556,280.300093437222
482,3,5.774290307230269,-3.969101979932584,1.8160048899600185,-15.549956605933799,2.278562635358137,-8.071467182762555,2.7691611621218164,-3.367161848196875,-4.3083899208557,280.30008767708466
482,4,5.774290349702363,-3.969106353274001,1.8160045414711472,-15.547500840330573,2.2785632406489897,-8.071831959418798,2.769161196181083,-3.3671615854395514,-4.308388927586714,280.30008056768486
482,5,5.774290319022666,-3.969110076531987,1.8160046308606261,-15.550342356056982,2.2785628940474267,-8.071259785202209,2.769161205197136,-3.3671616584532336,-4.308390477272448,280.3000840756745
482,6,5.774290320491097,-3.9691035329556144,1.8160045417321868,-15.550843679457424,2.2785623771885497,-8.071332529534411,2.769161253024871,-3.3671614933039,-4.308390322902523,280.3000828488957
482,7,5.774290287911974,-3.9690977756010053,1.816003894692528,-15.545587945572022,2.27856196532677,-8.071299099557901,2.769161588397511,-3.3671627492261993,-4.3083897774092845,280.30009656003944
482,8,5.774290330862548,-3.969105522396682,1.816003756554255,-15.549313258280947,2.278563073166009,-8.071370271486819,2.7691615247384305,-3.367161569305718,-4.308389519181704,280.3000844617466
482,9,5.774290323301157,-3.969104885576688,1.816004666302019,-15.549689701811534,2.278562140884669,-8.071430214209753,2.7691615806569225,-3.3671616738413417,-4.308388892805748,280.3000780749878
482,10,5.77429030784207,-3.969101969021619,1.8160035272054549,-15.551264155013547,2.27856204061727,-8.071275708482206,2.769161004813614,-3.3671615152076235,-4.308389764710272,280.3000872023141
482,11,5.774290290650909,-3.9691029906867823,1.8160035871902807,-15.55006273986214,2.278563251054858,-8.070971231916088,2.769161248493243,-3.3671622898054583,-4.308387208865645,280.3000889073114
482,12,5.774290322984236,-3.969105279170785,1.8160041875776753,-15.550971879422711,2.2785623103793924,-8.071248090926408,2.769161261421537,-3.367161875987211,-4.308388029429751,280.3000804749661
482,13,5.774290291506466,-3.969103823336202,1.8160042081395615,-15.546804805239415,2.2785637705822337,-8.071407152923287,2.7691611836483196,-3.367162006228664,-4.308386439615915,280.300074660536
482,14,5.774290268968236,-3.9691054210467134,1.8160040572646536,-15.551219353966824,2.2785621488476595,-8.071401371448458,2.7691615280679573,-3.3671618963836814,-4.308391499284733,280.30007840190694
482,15,5.774290269153195,-3.969110131518178,1.816003774803258,-15.553715001035743,2.2785624759231564,-8.071239968042736,2.769161441331434,-3.367161691193423,-4.308389500779847,280.30008575553745
482,16,5.774290283211321,-3.9691004993900836,1.8160042539552634,-15.549507249304959,2.2785627239989683,-8.071749381099485,2.769161402087919,-3.367161772486669,-4.308390661831704,280.3000838494343
482,17,5.77429034701665,-3.9691063952109578,1.8160041597994372,-15.546964148155809,2.2785634783463955,-8.071370391547193,2.7691613777719275,-3.367162125085888,-4.308387621644747,280.3000860205254
482,18,5.774290313188256,-3.969104789791624,1.8160043931745964,-15.546670001501385,2.278563602203502,-8.07139587989661,2.7691612295697077,-3.3671617486342327,-4.3083878837370335,280.3000779360926
482,19,5.774290362687831,-3.9691054212514696,1.8160040797560406,-15.550653753422091,2.278562556301243,-8.07143961991918,2.7691612023551504,-3.3671614380011747,-4.308389317479936,280.30008863504196
482,20,5.774290308735578,-3.9691028738307415,1.8160037572444083,-15.547087645172908,2.2785632443670836,-8.071471237513132,2.769161693090897,-3.3671620753108344,-4.308388682326446,280.30008646768607
482,21,5.774290313889093,-3.969104157022023,1.81600410194669,-15.548943952106027,2.278563399422892,-8.071234739766762,2.7691611867772257,-3.367161712477015,-4.3083874385311995,280.3000784214823
482,22,5.774290340573927,-3.9691091280094457,1.8160048679606182,-15.552111288492592,2.278563086791916,-8.071373114438208,2.7691613112220823,-3.3671614054406374,-4.308387906122487,280.3000824250647
482,23,5.774290288710395,-3.9691015485578895,1.8160045052172527,-15.54986647220573,2.2785630831605155,-8.071285709677529,2.769160915548124,-3.3671617336417254,-4.30838796643899,280.30007741399334
482,24,5.774290341981248,-3.9690994845085443,1.8160042971112855,-15.54616490689886,2.278563799825653,-8.071809427644386,2.7691613096444434,-3.3671614901177334,-4.308388645384123,280.30008331673776
482,25,5.77429028440354,-3.9691022468032653,1.8160049567438368,-15.55075178684422,2.278563838392967,-8.071212903598925,2.7691613808830073,-3.3671619407916955,-4.308386755118,280.3000856017362
482,26,5.77429032546029,-3.9691055206774832,1.816004255877465,-15.548243951088114,2.2785636758093792,-8.071395439237817,2.769161479562708,-3.3671620844175436,-4.308389534723156,280.30008606183924
482,27,5.774290313617533,-3.969102570614153,1.8160056367380741,-15.549599848468931,2.2785635011611935,-8.071487290484512,2.7691612662522758,-3.3671618453178094,-4.308388194980058,280.30007977162745
482,28,5.7742903153674145,-3.969104377366367,1.8160037692025324,-15.548999322843446,2.2785622489474013,-8.071244393302477,2.7691613100663823,-3.367161902549683,-4.308388180567729,280.3000903852701
482,29,5.774290347047055,-3.9691033211203544,1.816004609815314,-15.549436741780225,2.278563736089906,-8.07134798123169,2.769161388015924,-3.36716165817249,-4.308387329925238,280.30008719896045
483,0,5.774290332694709,-3.9691008092321383,1.816004622534229,-15.5490053233937,2.2785629218490175,-8.071320515032754,2.7691609341920467,-3.3671613521846533,-4.3083872084472645,280.3000852162937
483,1,5.774290340364067,-3.9691068466045984,1.816004618563997,-15.549866870433942,2.278563103302298,-8.071508081978418,2.7691613106930255,-3.3671616659226595,-4.3083878792833925,280.3000828443478
483,2,5.774290323494902,-3.9690992965900875,1.8160039889761461,-15.546295264365252,2.2785639419274197,-8.071605062671358,2.7691606938575686,-3.3671609793723336,-4.308385023173981,280.30009652749067
483,3,5.774290343353135,-3.96910082336416,1.8160048928732926,-15.54829854211782,2.2785636024469857,-8.071492371762051,2.769160969461999,-3.3671614754254815,-4.30838697136662,280.30008579212347
483,4,5.774290306535495,-3.96910561467461,1.8160053873295736,-15.551572921581545,2.2785631703610387,-8.071330119815446,2.769161475809228,-3.367161596670762,-4.308386593881996,280.3000828202968
483,5,5.774290309614118,-3.969107498908408,1.8160050117723623,-15.550213307528225,2.278563896731219,-8.071236764205038,2.769161562393601,-3.3671622980848794,-4.308389081111196,280.30007958837024
483,6,5.774290294618842,-3.9691050930864376,1.8160040586157087,-15.550342422999186,2.2785624163541955,-8.071333018751046,2.769161385627767,-3.3671621344883347,-4.30839086442533,280.3000854236782
483,7,5.7742903035415525,-3.9691027845295683,1.8160042448213185,-15.551476470640774,2.2785635529589388,-8.07112529642379,2.7691606214763156,-3.36716161916302,-4.308386987428871,280.300083433482
483,8,5.774290283350198,-3.9690986547245295,1.8160046792347575,-15.546828272694947,2.2785626547515534,-8.071439436442681,2.769161240749379,-3.3671622575630646,-4.308389588724198,280.30008913742256
483,9,5.774290277983969,-3.969105733981251,1.8160042007438153,-15.547918171702355,2.2785632251881984,-8.07130160573338,2.7691610396659,-3.3671615859527098,-4.30838621083806,280.30008729846475
483,10,5.774290287204671,-3.9691012632552742,1.8160033885234932,-15.553129044171023,2.2785623754576383,-8.071401385258941,2.7691611474243243,-3.3671615628675378,-4.308389416045421,280.30009012870437
483,11,5.77429031794886,-3.9691113705819365,1.8160043946064905,-15.549146683564944,2.2785631700544564,-8.071365510175086,2.76916128991835,-3.367161405098288,-4.308386555570928,280.30007780682433
483,12,5.774290308710577,-3.9691028168418128,1.8160041226147616,-15.548719356080845,2.2785635250076868,-8.07127461126371,2.769161130598018,-3.3671614677041437,-4.308386419736838,280.3000785881509
483,13,5.7742903040099005,-3.9691055217293414,1.8160042641197127,-15.547603733695365,2.2785634592075024,-8.07177524318389,2.7691612610298897,-3.367161421104273,-4.308388894155478,280.3000782188337
483,14,5.774290282803612,-3.969103637753655,1.81600454636003,-15.550999346192302,2.2785640098004896,-8.071163401760915,2.769161026480405,-3.3671615080389907,-4.308386407887556,280.3000799542708
483,15,5.774290306784469,-3.969106126810846,1.81600439155047,-15.551942125104254,2.2785635360178933,-8.07130539206916,2.769160951404855,-3.3671615665672774,-4.308386797922316,280.3000804243802
483,16,5.774290288474435,-3.9691061948409216,1.8160046176650317,-15.548284801348583,2.278563637732978,-8.071610798302029,2.7691612533722294,-3.3671616230403134,-4.3083878714090895,280.3000832317218
483,17,5.7742903269782735,-3.9690992367667772,1.8160040492973746,-15.546822813136203,2.2785623693618753,-8.071630523050532,2.7691611502484332,-3.3671616860112814,-4.308388976433056,280.30009523218644
483,18,5.774290324208706,-3.969099664130074,1.8160053194953445,-15.545316219033108,2.278563142766905,-8.071443935987562,2.769161626050197,-3.3671627080149156,-4.308389616063347,280.3000872445532
483,19,5.774290317553192,-3.9691056392816617,1.8160040829503363,-15.54621489023048,2.278563752850167,-8.071683547698347,2.769160854499734,-3.3671614777288617,-4.308385420771461,280.3000911133131
483,20,5.774290267114578,-3.969104574352791,1.8160047055211606,-15.550448128388208,2.2785636284027366,-8.0712689855973,2.769160997651101,-3.3671615870319522,-4.308387816125133,280.3000828518071
483,21,5.774290318935335,-3.9691068102252975,1.816004309143108,-15.547283007016782,2.2785631272818074,-8.071522300515495,2.7691611307431003,-3.367161769840105,-4.3083888335510725,280.3000757960775
483,22,5.7742903236902094,-3.9691084555295832,1.8160040311727523,-15.551608963421584,2.278563941812471,-8.071246449591587,2.769161325527808,-3.3671615364745677,-4.30838782890608,280.3000811503619
483,23,5.774290320529235,-3.969109439412722,1.8160040148813275,-15.549945917142372,2.27856338816529,-8.071082297425683,2.7691611416781665,-3.3671618439084963,-4.308388299706802,280.3000878415974
483,24,5.77429030737996,-3.969107035435525,1.8160042132015424,-15.55072052886933,2.278562013778945,-8.071474895085032,2.7691615045047167,-3.367161796659366,-4.308390335238636,280.30008013097563
483,25,5.774290343939294,-3.969105784088571,1.8160047721859196,-15.546225048118526,2.2785643440441126,-8.071310290899543,2.7691610635769583,-3.3671618060561768,-4.308384630172965,280.3000880182411
483,26,5.774290293818804,-3.9691065872391564,1.8160046007953892,-15.549331641537004,2.278562726871082,-8.071282714586875,2.7691618028120155,-3.367162166733867,-4.308392587496887,280.30009319993445
483,27,5.7742903143223545,-3.969100168709126,1.8160041843429777,-15.54724605392954,2.278563424702915,-8.071442263347866,2.769160850951051,-3.3671615796495376,-4.308387666700814,280.30008927194285
483,28,5.774290353123733,-3.9691070537284805,1.816005084045814,-15.547854603869915,2.2785634041324627,-8.071327954340202,2.7691611805670133,-3.3671621556987836,-4.308387533509118,280.3000790566139
483,29,5.774290311023226,-3.969098639805353,1.816003947746445,-15.54709663188852,2.2785629736454958,-8.071465719897844,2.769160839750043,-3.3671614838114596,-4.308385872927952,280.3000943809733
484,0,5.7742903295727155,-3.9691035387501055,1.8160054181010215,-15.549906860130164,2.278564158999914,-8.071397195127586,2.7691611315756712,-3.367161701578668,-4.308388452158416,280.30008029339257
484,1,5.774290296646047,-3.9691148691711713,1.8160045405759064,-15.550149861860081,2.278564064346644,-8.071269367791002,2.769161134915516,-3.3671613196810903,-4.3083862167536235,280.3000727614258
484,2,5.774290322674337,-3.969104141061109,1.8160045282842878,-15.54563065246338,2.278563777623919,-8.071774752957174,2.7691611805744154,-3.3671615448332672,-4.308388825218522,280.30007679115056
484,3,5.7742903274516655,-3.9691071324757066,1.8160045022479863,-15.548925754771314,2.278563340309718,-8.07125657196007,2.7691612904849374,-3.367162003109919,-4.308387702265099,280.3000783796044
484,4,5.774290330029652,-3.9691062006145086,1.8160044715675645,-15.547763204858997,2.278564172276163,-8.071881459978217,2.7691610821712334,-3.367161332713422,-4.308388240075661,280.30008425974006
484,5,5.774290282528172,-3.969105642125754,1.8160047438721727,-15.548728377786802,2.2785632088519234,-8.07144717157979,2.7691612950807185,-3.367161733276094,-4.308389116609742,280.30008180879406
484,6,5.774290293435469,-3.9691078345870907,1.8160048525157446,-15.554697752886815,2.2785627743824213,-8.071064424684542,2.769161299958928,-3.367161602757318,-4.308389148228869,280.3000881077613
484,7,5.7742903050192345,-3.9691035029593453,1.8160047303556053,-15.55008100135598,2.278563080946166,-8.071403285827383,2.7691611238587206,-3.3671617123591786,-4.308389834219635,280.3000731328528
484,8,5.77429028539563,-3.9691041662905078,1.8160043993853399,-15.547980359561754,2.2785626172967737,-8.071500505919584,2.769161120428749,-3.367161891281438,-4.308388678537019,280.30008071620745
484,9,5.774290285248231,-3.9691073179802063,1.8160046304026247,-15.549304794650071,2.2785632450295386,-8.071343176953741,2.769161472513046,-3.3671615584294785,-4.308388169718917,280.3000826017816
484,10,5.7742903111626545,-3.969105447795842,1.8160047968381847,-15.553090170284987,2.278563191384709,-8.071228090174714,2.7691610789909604,-3.367161558784603,-4.308389695108817,280.30007980298603
484,11,5.774290303287398,-3.969105558236502,1.8160038855901364,-15.5487324869952,2.2785639698134,-8.07119224339319,2.7691607172365513,-3.36716130075722,-4.308386095283608,280.3000919803785
484,12,5.7742903112226625,-3.9691074170874585,1.8160047778145587,-15.548172333618357,2.2785634869726903,-8.07144485777571,2.7691609786327542,-3.367161571044423,-4.308387321627521,280.3000797672245
484,13,5.774290343698099,-3.9691131962785136,1.8160042809721855,-15.543826391134845,2.278563489204994,-8.071759146002801,2.7691612222868005,-3.3671617393176243,-4.30838702997567,280.30008081608
484,14,5.774290290838779,-3.9691033739320982,1.8160047335187597,-15.548748145807371,2.2785633607557343,-8.071339536133383,2.769161286970613,-3.367162042838215,-4.308388547714196,280.30007855473025
484,15,5.7742903419562435,-3.969104497266909,1.8160054675426802,-15.548707787547576,2.278563756336704,-8.071279189484585,2.7691612589400947,-3.3671623814829967,-4.308389778346685,280.3000772985167
484,16,5.774290305060474,-3.9691034876861835,1.8160048792279344,-15.551298970322069,2.2785621469637936,-8.071332889276999,2.7691612256133484,-3.3671618568201884,-4.3083907664412,280.3000791349272
484,17,5.774290312100207,-3.9691036969141824,1.816004443053106,-15.548915832061297,2.2785625211751968,-8.071445360465693,2.769161175572171,-3.367161756765067,-4.308388055964848,280.300081499125
484,18,5.774290302220579,-3.9691033080474187,1.816004812496666,-15.547992718091724,2.2785638701604105,-8.071618048980131,2.7691614851892807,-3.3671613583274715,-4.308388356907532,280.3000824483388
484,19,5.774290277741223,-3.969102694841007,1.8160046137629946,-15.547264238893797,2.2785633939860865,-8.071271891153444,2.7691612970217614,-3.3671622664397667,-4.308388635412248,280.30008348036097
484,20,5.77429028535531,-3.969107437517928,1.816004083025103,-15.55044320541943,2.278562651425608,-8.071486896647011,2.769161300394041,-3.367161527399456,-4.308386991841853,280.30008466724433
484,21,5.774290311908566,-3.969113829052239,1.8160046735633706,-15.549961320802922,2.278562840785496,-8.071481584395736,2.769161428158815,-3.3671615900614884,-4.308389097493658,280.3000850256001
484,22,5.7742903242273735,-3.9691050421311562,1.8160048529260604,-15.54812397860265,2.278562914572219,-8.07145144606867,2.7691612987552627,-3.3671616906396817,-4.308389319109642,280.3000836424927
484,23,5.774290305616821,-3.9691041464126533,1.816003612701267,-15.548593979709485,2.2785630124711407,-8.071765712313693,2.7691612575621627,-3.367161544680629,-4.308388570228642,280.3000780822657
484,24,5.774290317764759,-3.969106661093285,1.8160049288484152,-15.551164825492068,2.2785628658056365,-8.071425276298754,2.769161249891192,-3.3671613625965278,-4.308388085335392,280.30008224339406
484,25,5.774290331523958,-3.969108180671061,1.8160047873934138,-15.547329016364156,2.2785639496930576,-8.071453605855334,2.7691610388017835,-3.36716124737173,-4.308387047496511,280.300081469141
484,26,5.774290325454243,-3.9691066174126037,1.8160042830722207,-15.548954443445194,2.2785618984962475,-8.07139357292842,2.769161436892587,-3.3671618134063124,-4.308391051989097,280.30008198486576
484,27,5.774290300907711,-3.9691059624385594,1.8160046450718161,-15.552379019206775,2.2785632287747264,-8.071570053059572,2.769161165233316,-3.3671609741518758,-4.308388654647875,280.30007942139275
484,28,5.774290314570771,-3.9691056698421856,1.816004326535431,-15.548363582492435,2.2785631915811027,-8.0714995458029,2.769161030673473,-3.367161747647444,-4.308388206093928,280.3000861152203
484,29,5.774290311828376,-3.9691059097688863,1.8160043404095183,-15.549482893884704,2.278563218750874,-8.071158594756593,2.769160890896738,-3.3671616590652222,-4.308387911761003,280.300091561013
485,0,5.774290338759735,-3.9691083089553225,1.816004846073046,-15.5482191808477,2.2785638377415376,-8.07140319142056,2.7691615945235917,-3.367162070879521,-4.308389266472585,280.3000845455325
485,1,5.7742903019694936,-3.9691002411977787,1.816003784380514,-15.545611456284206,2.2785625847515503,-8.071707639354825,2.769161212538807,-3.367161860034018,-4.3083888632188625,280.3000830895084
485,2,5.77429034622542,-3.9691043674154503,1.8160051310629262,-15.548424699848832,2.278562880352114,-8.07148425189405,2.7691615813866073,-3.367161952385561,-4.308389452570428,280.30008154929834
485,3,5.774290300096583,-3.9691026762922226,1.8160047196052667,-15.553907295165272,2.278563171283706,-8.071257658872643,2.7691611178351385,-3.3671615598286286,-4.308388778149121,280.3000761512629
485,4,5.774290299054621,-3.9691077604368097,1.816003743678027,-15.550474749026131,2.2785636077709044,-8.071589255300543,2.7691611259903337,-3.3671612143848813,-4.308387680247541,280.3000875191803
485,5,5.774290313457577,-3.9691062026307997,1.8160043237326404,-15.549718117402211,2.2785630223345357,-8.071115119669177,2.769161213705644,-3.3671619754941617,-4.308387488343401,280.30007620648325
485,6,5.774290337823557,-3.9691096264031804,1.8160044140362608,-15.549515653156055,2.278563299931516,-8.071412300219741,2.769161230797179,-3.367161841237854,-4.308390516022352,280.3000754476344
485,7,5.774290303640415,-3.969103560767825,1.8160046354176769,-15.547963800533822,2.2785637334195865,-8.071300597418244,2.7691610589180216,-3.3671618917125516,-4.308388066369954,280.30008001036146
485,8,5.774290299722466,-3.969111146019455,1.816004640362481,-15.549991518798736,2.2785636082774605,-8.071324310280112,2.7691611034055508,-3.367161382842624,-4.308388341762119,280.3000775671165
485,9,5.774290341145122,-3.9691050178663128,1.8160047507985144,-15.549545375972874,2.2785637065690376,-8.071353308566193,2.7691614401998583,-3.3671615934919394,-4.308388139835802,280.30008387664253
485,10,5.774290300568947,-3.969108923910008,1.8160040337112788,-15.551863626724577,2.2785622676428905,-8.071257276053638,2.7691612071305003,-3.367161476113286,-4.30838927637285,280.3000856542137
485,11,5.774290320775839,-3.969107977400709,1.8160045607917201,-15.551557763263164,2.278563208993756,-8.071607408059899,2.7691612419901093,-3.3671612628155354,-4.308390206231443,280.30007956158227
485,12,5.774290346657335,-3.969106265673903,1.8160046366611071,-15.54759667181764,2.2785640358060792,-8.071502235349843,2.769161164496013,-3.3671617974826664,-4.308387797247245,280.300078019535
485,13,5.774290301554319,-3.9691042349721792,1.8160047445035945,-15.551281333595972,2.278563238727943,-8.071549108169446,2.7691611227910435,-3.367161117870626,-4.30838817777239,280.30007621231664
485,14,5.774290298891176,-3.9690984670335174,1.8160044908311603,-15.548884940039303,2.2785627959185137,-8.07148652717535,2.7691611237775287,-3.3671619010698577,-4.308389024750443,280.3000888156913
485,15,5.774290305484904,-3.9691054612936862,1.8160041133532876,-15.548915383688186,2.2785632024992672,-8.071651514246845,2.7691611533830605,-3.3671613575128685,-4.308388754833739,280.3000845333637
485,16,5.774290354759133,-3.969109074208775,1.8160042148519975,-15.547178942863855,2.278563773525798,-8.071346162858125,2.769161169044322,-3.3671619496519636,-4.308387495074797,280.30007720217577
485,17,5.774290316550999,-3.969104553043797,1.816003902248008,-15.545998021871759,2.278563236769217,-8.071497357103265,2.7691610035390792,-3.3671618066370272,-4.308389680010442,280.3000955270346
485,18,5.774290354917356,-3.9691087993075524,1.8160040194608023,-15.546087974292291,2.278563424377272,-8.071664833331951,2.7691610477362416,-3.3671615088433176,-4.3083879485742305,280.30009750066824
485,19,5.774290294854762,-3.969100649997769,1.8160042524688707,-15.54897290458275,2.278563020761404,-8.07136338673331,2.7691611424262725,-3.3671618387025437,-4.308388285509408,280.3000720365271
485,20,5.77429028434795,-3.9691075771263025,1.8160044814292333,-15.553293479765834,2.278563811009152,-8.071171138635346,2.7691608381143085,-3.3671613988350226,-4.3083864476466545,280.30007495806956
485,21,5.774290312798017,-3.9691076514430788,1.8160039997836255,-15.551461449813017,2.278563196288561,-8.071045376472197,2.7691610986745414,-3.3671620153502397,-4.30838877047863,280.300083073519
485,22,5.77429030671654,-3.9691067249908754,1.8160041643601994,-15.551380137295782,2.2785630293543115,-8.071126934049243,2.7691610829693585,-3.367161719892443,-4.308388519448925,280.3000800900016
485,23,5.774290276429693,-3.9691044754026406,1.816005117995439,-15.550642674499096,2.278563855550496,-8.071540761380826,2.7691610208876565,-3.3671612747135895,-4.30838864288435,280.3000854089987
485,24,5.774290308067968,-3.9691054859181367,1.8160044812232528,-15.550013171897152,2.2785627283733687,-8.071431353946963,2.7691611380704404,-3.367161630985548,-4.308387344231335,280.3000771024267
485,25,5.7742903310927085,-3.969106509883961,1.8160043221288102,-15.54892874346889,2.2785632141283645,-8.071492995907954,2.76916128720745,-3.3671618655673528,-4.3083893546156204,280.30008485132896
485,26,5.774290317252612,-3.9691079589400684,1.8160051649445474,-15.550603757979752,2.2785639924238743,-8.071218700877127,2.76916087958711,-3.3671613792963333,-4.3083860516878065,280.30008973848965
485,27,5.774290362004361,-3.9691131347085986,1.81600507605012,-15.54772833447745,2.2785641602200672,-8.071239563194485,2.769161229971518,-3.367161467920845,-4.308386089605992,280.3000915409722
485,28,5.774290315620092,-3.969101041430617,1.8160044484648152,-15.547102102959954,2.278563073659959,-8.071643498271692,2.7691611195225696,-3.3671620432260827,-4.308391663422111,280.3000769079498
485,29,5.774290318560457,-3.9691059524662813,1.8160050293759828,-15.55142139859325,2.2785636427451963,-8.07158127201759,2.7691612616544603,-3.3671615601263816,-4.308389475025321,280.30008337001743
486,0,5.774290292909147,-3.969104243304774,1.81600459166376,-15.551066673514816,2.2785636179640094,-8.071345426770232,2.76916109722655,-3.3671617328306658,-4.308389749521505,280.30007908149355
486,1,5.774290330239641,-3.9691061656561395,1.8160042513068828,-15.551149750223207,2.278562756768279,-8.071504598990549,2.7691609790321183,-3.3671614928967952,-4.308388819468478,280.3000891260483
486,2,5.7742902662346225,-3.9691047143843363,1.816004699427911,-15.55362294548536,2.278563463900677,-8.071105308224695,2.769161188701077,-3.3671615543025237,-4.308387437024741,280.30008149298465
486,3,5.774290295090901,-3.9691082901178185,1.8160046858075032,-15.550270777946539,2.278563115651227,-8.071350299428076,2.769161279451136,-3.3671616595994625,-4.308387876905067,280.3000784836606
486,4,5.774290303004877,-3.969107893676287,1.8160049893387131,-15.550945669496558,2.2785639616203377,-8.071147051273707,2.769161076489458,-3.367161882983947,-4.308387745815557,280.3000837285118
486,5,5.774290320503585,-3.9691010400305897,1.8160042834206032,-15.548019457229431,2.2785633834325556,-8.071707547276173,2.769161065471962,-3.3671614103833334,-4.3083889059648035,280.30008569117365
486,6,5.7742903037230455,-3.969102439954771,1.8160036991940018,-15.550734408565274,2.2785629741908027,-8.071574430464594,2.7691610397388913,-3.3671613171676005,-4.308389773869493,280.30009041131973
486,7,5.774290322506489,-3.9691012474410194,1.8160047594700883,-15.550209775509819,2.2785647088955785,-8.071240653410296,2.7691609725688084,-3.3671617788305173,-4.308388651503221,280.3000886412967
486,8,5.774290306221268,-3.9691003312573505,1.816004994082816,-15.552932906907017,2.2785633709889312,-8.071243791571817,2.76916107862904,-3.367161812962923,-4.308390168125204,280.30008351570893
486,9,5.774290304907687,-3.9691064498737143,1.8160046691762024,-15.549521097982248,2.278565137618298,-8.071300354466056,2.769160938358185,-3.367161708185138,-4.308386252377047,280.30009315122163
486,10,5.774290306082056,-3.969098718305694,1.8160039685073366,-15.550196565946221,2.2785618246715016,-8.07132402301665,2.7691613116052785,-3.3671619059104287,-4.308390452797493,280.30008891381806
486,11,5.774290284044836,-3.969103838458353,1.8160038066719817,-15.54830083725427,2.278563272613151,-8.071394565954062,2.769161129974808,-3.3671618779119457,-4.308386424621005,280.30008227226415
486,12,5.774290315797459,-3.96909931949634,1.816004414785465,-15.551130182042677,2.278563233936769,-8.071360536865358,2.7691612986556526,-3.3671617120368227,-4.308388595590129,280.3000831291308
486,13,5.7742903016767375,-3.96909692636721,1.8160044790929109,-15.54703302256213,2.278563865807049,-8.07158427424619,2.7691611381837364,-3.3671620537889906,-4.3083901891161895,280.30008667450113
486,14,5.774290318041794,-3.969094068349614,1.8160046004548318,-15.547905216649378,2.2785625769519995,-8.07134677652882,2.7691608758617483,-3.36716203113191,-4.308388568359231,280.3000987192868
486,15,5.774290319558975,-3.969102100047569,1.8160047622437456,-15.55085935979399,2.2785635132957394,-8.071356217331456,2.7691609403950626,-3.367161668543598,-4.308387711739319,280.3000835310287
486,16,5.774290287751208,-3.9691060182149895,1.8160041138088945,-15.551382019580439,2.2785636070945916,-8.07125477729659,2.769160925980221,-3.3671614568190327,-4.308386333119621,280.30009008355216
486,17,5.774290339930153,-3.969107768322824,1.8160042958010538,-15.552412902111445,2.278562899577723,-8.071096554025825,2.76916119358628,-3.3671616196923235,-4.308389575504645,280.30007712117714
486,18,5.774290352934973,-3.969110138675508,1.8160043540381965,-15.549575361864688,2.2785632070937485,-8.071403634989851,2.7691611511398215,-3.3671613097057174,-4.308389571450047,280.3000798219578
486,19,5.774290306184131,-3.9691047144891933,1.816004047355925,-15.549673502449213,2.27856332965674,-8.071501107982147,2.7691612938336845,-3.367161587999552,-4.308388920959354,280.3000860122256
486,20,5.774290310022436,-3.9691029328205376,1.8160041684161239,-15.553686278380752,2.278562396200329,-8.070991367342968,2.769161056104298,-3.3671616016939137,-4.308389390585351,280.3000895702156
486,21,5.774290324882324,-3.969108068521115,1.816004397426372,-15.552852781577677,2.278563586199893,-8.071010408985892,2.7691612240031964,-3.3671616105482887,-4.308388332595982,280.30008140660516
486,22,5.774290289238487,-3.969103692765098,1.8160049187537584,-15.547787575950935,2.2785634037629263,-8.071373599260369,2.769161072651495,-3.3671620861370326,-4.308388758503083,280.30008142484417
486,23,5.774290282324508,-3.969100258238647,1.8160043573134645,-15.546919944362637,2.27856339360705,-8.071700063069214,2.7691613245456006,-3.36716200410794,-4.308389230564151,280.300081300253
486,24,5.7742903188539145,-3.9691054366250333,1.81600468270753,-15.550015552965629,2.278563596660503,-8.071324616871243,2.769161133972905,-3.36716159978488,-4.308387323564371,280.3000756185929
486,25,5.774290320229755,-3.9691079981925426,1.8160045700147687,-15.549177413167426,2.2785636283979023,-8.071542070852198,2.7691610610551853,-3.3671611360315756,-4.308385712588583,280.3000806467213
486,26,5.77429036463985,-3.9691100255693277,1.8160040855680402,-15.549029147054902,2.278563617803198,-8.071590498982005,2.7691613776902875,-3.367161595484535,-4.308388848478388,280.30009514401013
486,27,5.774290323420304,-3.969106950003817,1.8160047439751745,-15.550913526705006,2.2785636709651107,-8.071261183839505,2.7691609174721004,-3.36716139101551,-4.308387466034017,280.300080953886
486,28,5.774290291944488,-3.9691020601796847,1.8160045126746647,-15.55224683453607,2.2785630506084673,-8.071260833751676,2.7691609079923274,-3.367161502829745,-4.30838735142873,280.30007835299403
486,29,5.774290295416907,-3.969102993024758,1.8160046097590175,-15.5490482508211,2.2785634563693566,-8.071388574692842,2.7691611614158305,-3.3671622365433467,-4.30839019296297,280.30007830227316
487,0,5.77429032075447,-3.9691075261598794,1.8160048569406717,-15.548339428764937,2.2785631805754365,-8.071274286097845,2.769161158934111,-3.3671619079397965,-4.308388915803233,280.3000775610283
487,1,5.77429031254565,-3.969107784222945,1.816004306574883,-15.548161613513436,2.2785634491128275,-8.071198076063997,2.769161294128628,-3.3671621101229623,-4.308389020288412,280.30008395778634
487,2,5.774290277234964,-3.969106591769753,1.8160044775607995,-15.552973772602076,2.2785630196943227,-8.071254664419254,2.7691610371291278,-3.3671617109626575,-4.308388482907764,280.3000775997251
487,3,5.774290331527708,-3.969107426392553,1.8160045891927106,-15.549325379772684,2.278563879224704,-8.071306001616993,2.7691612475997482,-3.367161519771803,-4.308386058321652,280.30008144332555
487,4,5.774290334591416,-3.9691059634674244,1.8160047893477664,-15.547622176062887,2.278563674857437,-8.071529812918996,2.7691609406816866,-3.3671615358569746,-4.308387573541004,280.3000848001995
487,5,5.774290263301803,-3.9691019113213373,1.816004841326646,-15.548174398523464,2.2785635352136233,-8.071523416351749,2.769161224987688,-3.3671616272812437,-4.308387897921684,280.3000910765692
487,6,5.774290315683763,-3.9691062223760176,1.8160042885117866,-15.549734570435389,2.2785634853598857,-8.071361699464052,2.7691611762922204,-3.3671617306134323,-4.308388119066213,280.3000786719265
487,7,5.7742902948286705,-3.969102418664583,1.8160046111157173,-15.550563239929613,2.2785631211970316,-8.071353957306131,2.7691612049439005,-3.3671618180644525,-4.308389392255665,280.3000769477336
487,8,5.774290324792108,-3.969108809152534,1.816004680260579,-15.550400077316343,2.278563430679071,-8.071084385309039,2.769161116107953,-3.3671619426026984,-4.308388643806647,280.30008342626047
487,9,5.774290299077722,-3.969108304551998,1.816004613739576,-15.550201485282026,2.2785634547127485,-8.071501655946232,2.7691610989670656,-3.3671614000111245,-4.308388124560036,280.30007866013807
487,10,5.774290301789991,-3.969103036066636,1.8160043403436752,-15.548973218991629,2.2785630221419737,-8.071293484612276,2.7691612845535896,-3.3671619093985954,-4.308389006009748,280.3000754817578
487,11,5.774290305160835,-3.969107287549461,1.8160041031008043,-15.550924047115089,2.278563634949213,-8.071296732145173,2.7691609749001427,-3.3671614455179326,-4.308388171119716,280.3000916808031
487,12,5.774290332814582,-3.9691047849501753,1.8160045984106357,-15.548991376304768,2.2785638065275746,-8.071520019259403,2.7691610802639333,-3.3671613575112436,-4.308386323470865,280.300078980722
487,13,5.77429031385437,-3.9691078759391925,1.8160043802778754,-15.550447738760614,2.278563425639652,-8.071208266712665,2.769160945584764,-3.367161564575252,-4.308386136411887,280.3000817223078
487,14,5.774290310261929,-3.9691032916776234,1.8160050597683597,-15.546081273194439,2.278564022157907,-8.071237372580088,2.769161133696859,-3.367162409632722,-4.308385703324254,280.30007518451964
487,15,5.774290317434632,-3.969107374014664,1.8160045277784593,-15.549035372187197,2.278564131028691,-8.071274170964319,2.769161250929754,-3.367161809875068,-4.308388947274253,280.3000817645459
487,16,5.774290347688685,-3.96910657190471,1.81600459707307,-15.547554286644749,2.2785634922487037,-8.07143563551406,2.769161139974463,-3.367161832232735,-4.308388029974062,280.30008108590664
487,17,5.774290333247546,-3.9691051945939924,1.8160048744885737,-15.550798902514494,2.278563872295028,-8.071464895925953,2.769161290783538,-3.3671615741378713,-4.3083869888951165,280.30008266574737
487,18,5.774290324393906,-3.969109840012648,1.8160044979373042,-15.550645071041666,2.278563688007425,-8.071460266987053,2.7691612483605015,-3.367161492311078,-4.308387747858829,280.30007410991396
487,19,5.774290267220576,-3.969103803306812,1.816004384028325,-15.551415589310247,2.278562733068518,-8.071353330043113,2.769161043898774,-3.367161524045613,-4.308389075918977,280.3000784132812
487,20,5.774290319368814,-3.969106108073825,1.8160047885149402,-15.550572253236574,2.2785635742613426,-8.071153494617363,2.7691608447422063,-3.3671620733144763,-4.308388889998842,280.300085472069
487,21,5.774290293954951,-3.9691030254144697,1.8160048539215847,-15.552465427920271,2.2785627488206344,-8.071101559781042,2.769161115436488,-3.367161895806241,-4.308388795193675,280.30008190570584
487,22,5.774290311520745,-3.9691073190331068,1.8160047049022026,-15.550113002159849,2.278563545515838,-8.071419103490333,2.7691612417090004,-3.367161542851811,-4.308388469994013,280.30008254398734
487,23,5.774290358456321,-3.9691053726886656,1.8160045665389557,-15.550752091533537,2.2785636083544283,-8.071139466929706,2.769161175682955,-3.3671620589867297,-4.308388979079036,280.30007866840083
487,24,5.774290320557685,-3.969099103235219,1.816004910638883,-15.552335749717502,2.2785637885564447,-8.071179944657029,2.7691611770254188,-3.3671616938516427,-4.308389261407573,280.3000866626341
487,25,5.7742903038061195,-3.969105539422551,1.816004256113436,-15.551252097466328,2.2785631242139863,-8.07130295826842,2.769161209147077,-3.367161566603892,-4.308388792156679,280.30007460788613
487,26,5.77429031149232,-3.9691026547430206,1.8160050048335048,-15.550115543237812,2.27856336585165,-8.07135858668654,2.769161137200788,-3.3671615991022295,-4.308388566097573,280.3000774886027
487,27,5.774290314655027,-3.9691048718916684,1.8160043863677753,-15.552792203313889,2.2785638709535783,-8.07108683148541,2.7691611873252744,-3.367161212460596,-4.3083877736763885,280.30008182311
487,28,5.77429030148122,-3.969106119608299,1.8160048125058266,-15.550294728614617,2.2785642585988293,-8.07127546014996,2.769161012791661,-3.3671612979170993,-4.308387740706133,280.30008807948946
487,29,5.7742903081544865,-3.9691062935383825,1.8160045343673523,-15.547920947621332,2.2785635231012105,-8.07162674228173,2.769161207984648,-3.367161714149457,-4.30838963766438,280.30008093518643
488,0,5.774290287192271,-3.9691035080802455,1.8160053464130863,-15.549350238920736,2.2785634696984753,-8.071483663892343,2.7691611630634463,-3.367161784513242,-4.308389373992542,280.30008112324026
488,1,5.774290317889823,-3.969105264465173,1.8160041516338432,-15.549473659650399,2.2785635803874564,-8.071363482989987,2.769161118621451,-3.3671617409989465,-4.308388361749714,280.3000783219302
488,2,5.774290324675821,-3.969110413192094,1.816004232604346,-15.549854648764262,2.2785628545241816,-8.071266519233623,2.769161487258329,-3.3671619656191294,-4.3083890324628245,280.3000782112397
488,3,5.774290331148553,-3.969105970665302,1.8160045604988921,-15.547577912031166,2.278563506549001,-8.071341627691002,2.7691613088866567,-3.367161949537377,-4.308389994352769,280.30008261908597
488,4,5.7742903050278995,-3.969101882993861,1.8160052502383124,-15.550600295869367,2.278563446732816,-8.071271274706875,2.7691611403646172,-3.3671619133287067,-4.308389754207898,280.30007412742935
488,5,5.774290320977832,-3.969101984005203,1.8160049994971172,-15.551448940455147,2.278563324009495,-8.071315777393485,2.7691611912588967,-3.367161588420103,-4.308389400782229,280.3000791222631
488,6,5.774290305562622,-3.969102991724333,1.8160045666812752,-15.548649735938376,2.278563489008998,-8.071342508334261,2.769161290417122,-3.3671619423128605,-4.308387756482679,280.3000805081091
488,7,5.774290313167954,-3.969104987923898,1.816004722835558,-15.550126194536356,2.2785629860813756,-8.071338158232575,2.7691612897950098,-3.367161868977553,-4.308389541901676,280.3000872514956
488,8,5.774290284770831,-3.9691007828677685,1.816004335487954,-15.54889260730215,2.278563173801806,-8.071533432386309,2.769161366953328,-3.3671617672470484,-4.308388988837893,280.3000755449448
488,9,5.774290298490086,-3.9691039924017844,1.8160046147622142,-15.550297216909978,2.2785641066576794,-8.07140871326468,2.7691609439999283,-3.3671615983274044,-4.308387319884592,280.30008470528367
488,10,5.774290294248886,-3.9691067300924603,1.8160045261330706,-15.552335888561855,2.2785635090626055,-8.071286986156252,2.769161120646244,-3.367161252410215,-4.308387642597367,280.3000761766105
488,11,5.77429030296644,-3.969107787524369,1.8160042438137731,-15.550715594799872,2.2785630486800996,-8.071185188869586,2.7691613119059357,-3.367161609682308,-4.308387500081459,280.30007731508584
488,12,5.7742903005699935,-3.9691023258943097,1.816004566042068,-15.549922767253294,2.278563104618038,-8.071277223029382,2.769161236082549,-3.36716178274184,-4.3083895194391655,280.3000761765208
488,13,5.77429030644598,-3.969104423092254,1.8160045606940431,-15.54951691548111,2.278563418169902,-8.071312834221509,2.7691611141662915,-3.3671617127708857,-4.308387396650626,280.3000764583393
488,14,5.774290325020577,-3.9691076578383164,1.8160045990282239,-15.548963469417856,2.278564367309073,-8.071419924845928,2.769161042085506,-3.3671616262776105,-4.308387219173063,280.30008372920497
488,15,5.774290314977126,-3.9691093850023456,1.8160048349130955,-15.548374034089024,2.2785631578641374,-8.07131600903367,2.7691613037284357,-3.3671620285231274,-4.308388468364035,280.3000822767067
488,16,5.774290307478934,-3.9691017947712277,1.8160051569798044,-15.54933905320856,2.2785644547717503,-8.071317012413044,2.7691610688659494,-3.36716181285549,-4.308388396109052,280.3000855203179
488,17,5.7742903125447045,-3.9691050384210165,1.816004540323037,-15.548600344591913,2.27856338604121,-8.071265057386393,2.769161188559461,-3.3671620489164984,-4.308388935011974,280.3000789308287
488,18,5.774290317094765,-3.969110489212745,1.8160041471245503,-15.547536607456971,2.2785636150546194,-8.071425271310487,2.7691611563184177,-3.3671616548922128,-4.308385845595888,280.30007819430773
488,19,5.774290300665192,-3.96910698079272,1.816004439345708,-15.548787098703238,2.278563550248618,-8.07153423544588,2.7691612448312504,-3.3671617339133717,-4.308388652701261,280.3000775663815
488,20,5.7742902804368885,-3.9691050910277235,1.8160046100043705,-15.550337834262637,2.278563116408807,-8.071269949480449,2.76916116882972,-3.367161722618423,-4.30838790959034,280.30007734549616
488,21,5.774290316770075,-3.969107838983787,1.8160045681145824,-15.551246587583627,2.2785633665413054,-8.071480093511289,2.769161200678452,-3.367161446817726,-4.308388340649764,280.3000798352616
488,22,5.774290299079083,-3.969106008724462,1.816004688965649,-15.550752083363216,2.278563075125219,-8.071392761310868,2.769161167189273,-3.3671616458325886,-4.308389258857803,280.30007719915125
488,23,5.774290318124297,-3.9691064606437463,1.8160044702397922,-15.550232261722753,2.2785634474510363,-8.071325364487919,2.769161228598691,-3.3671618555489675,-4.3083889888920055,280.3000770913852
488,24,5.774290296776222,-3.969101336717695,1.8160047724864494,-15.549566336623661,2.2785634213011288,-8.071418769435612,2.7691611656499964,-3.3671620970466694,-4.308391541045688,280.30008002215834
488,25,5.774290316711834,-3.9691056415728236,1.816004502342707,-15.547711478733952,2.278563914448646,-8.071548391629467,2.7691612041438836,-3.3671617281313533,-4.308387761546593,280.30007824532527
488,26,5.774290308308903,-3.9691042657498814,1.8160047841866467,-15.551004225663839,2.278563327699247,-8.071211292608671,2.769160991797384,-3.3671617686973576,-4.308389300282531,280.30008310779675
488,27,5.774290312519879,-3.969110009532559,1.8160045428780343,-15.54968442484736,2.2785634103886703,-8.071376169309856,2.7691611706971266,-3.3671619610033634,-4.308389317905445,280.3000778986804
488,28,5.774290291794497,-3.9691050586119174,1.8160048902645176,-15.550777403742911,2.2785636417198143,-8.071074154436959,2.769161125619195,-3.367161898539693,-4.308388015870049,280.3000794762612
488,29,5.774290326007269,-3.9691039501645666,1.8160043355459992,-15.549201061686675,2.2785636439620824,-8.071358706733411,2.769161271936744,-3.3671617020223428,-4.308388567310045,280.3000814077719
489,0,5.774290311611455,-3.969106488203407,1.8160046655047302,-15.548968712401384,2.278563715055097,-8.071469385008886,2.769161266247815,-3.3671616681259704,-4.308387150993724,280.30007877961157
489,1,5.774290312456026,-3.969106206555922,1.8160045493248407,-15.551886851593324,2.2785628300976057,-8.071260490451813,2.7691611431195033,-3.3671616263551605,-4.30838876516513,280.30007970104526
489,2,5.774290292766615,-3.969102999118676,1.8160046362575135,-15.549720852274605,2.2785632895202013,-8.071273805156547,2.769161399545327,-3.3671617841741686,-4.308390016127165,280.300081172007
489,3,5.774290316740616,-3.9691064197692496,1.8160043174619036,-15.548171904864667,2.278563358040493,-8.071333673230185,2.769161232739887,-3.367161953781125,-4.308388940728,280.30007985828007
489,4,5.774290312953193,-3.969102857824669,1.8160046338761218,-15.550837534847522,2.27856336115321,-8.071270029342955,2.769161105896637,-3.367161677820848,-4.30838846507894,280.30007953004315
489,5,5.774290323510636,-3.9691009135044544,1.816004872676809,-15.548003106303762,2.278563346931455,-8.071396957716718,2.769161288058975,-3.36716215492082,-4.30838922794717,280.3000817280092
489,6,5.774290306980248,-3.9691021969102804,1.8160047329308775,-15.549416706152606,2.278563576931996,-8.071338848214365,2.7691612725717105,-3.3671616773478883,-4.308387961517793,280.3000837492293
489,7,5.7742902941084155,-3.9691027196277777,1.8160043989856915,-15.549987540442448,2.2785638432149553,-8.071207610132364,2.7691612378610744,-3.367161951274268,-4.308388004918508,280.300080076028
489,8,5.774290273998145,-3.9691012562735306,1.8160046158472591,-15.548214104048842,2.2785636466096992,-8.071398167402709,2.7691612712856664,-3.3671620440118644,-4.3083887014370434,280.30007988988757
489,9,5.774290337385885,-3.9691097408484075,1.8160045456990623,-15.551174849422713,2.27856334942372,-8.071548739268366,2.7691612488453883,-3.3671611773489696,-4.308389857433241,280.30007845761827
489,10,5.774290287727587,-3.9691048094393064,1.8160041403144866,-15.55087125095091,2.2785628248099536,-8.071337349342265,2.7691612663769347,-3.3671616897077805,-4.3083880470517935,280.3000821727768
489,11,5.774290282275166,-3.96910439274865,1.816004095135984,-15.549580950901891,2.278562895499828,-8.07141499925202,2.769161280768261,-3.367161741204443,-4.308389320253683,280.30008093308845
489,12,5.774290280099614,-3.9691009899047827,1.8160044697814401,-15.550656864503976,2.278563209593187,-8.071304891498638,2.7691612029817834,-3.367161655153895,-4.308388923548226,280.3000782919322
489,13,5.774290290069407,-3.9691060113089844,1.816004604571646,-15.548196123707417,2.278562848973477,-8.07153650382548,2.7691614226526893,-3.3671618949882633,-4.30838988804106,280.30008492393654
489,14,5.774290303737274,-3.969104542080365,1.8160042944241608,-15.549921281611736,2.2785635582236092,-8.071343396314097,2.76916122071574,-3.367161667843297,-4.3083874049276805,280.30008226026666
489,15,5.774290311891993,-3.9691074683147147,1.81600479145579,-15.550589447985985,2.2785638294082005,-8.071133762173613,2.76916096640233,-3.3671615793486156,-4.308387471391084,280.30008614039684
489,16,5.774290295035222,-3.9690987586797273,1.816004724421887,-15.54926993714836,2.2785635043597794,-8.071300567876834,2.769161455188002,-3.3671619677160907,-4.308389579611984,280.30008592218957
489,17,5.774290291167123,-3.969100069158855,1.8160047525894858,-15.551457622449723,2.278563265101233,-8.071352842706881,2.7691610573662104,-3.3671613482282283,-4.308390183925641,280.30008233491657
489,18,5.774290292459458,-3.969101379963973,1.8160047043842857,-15.550759788970746,2.278563028409311,-8.07139115239738,2.769161146585417,-3.3671618722306675,-4.3083898942340895,280.3000725348246
489,19,5.774290294491484,-3.969105551372462,1.8160044858509292,-15.550187033000004,2.278563801967162,-8.07118148041942,2.7691611056414103,-3.3671616708710226,-4.30838605563134,280.3000786504535
489,20,5.774290295068684,-3.9691016156576384,1.8160048332919745,-15.552264931158799,2.278563072229889,-8.071090369785763,2.769161150236449,-3.367162048546688,-4.308390921519501,280.30007637389645
489,21,5.774290331173891,-3.9691033432299387,1.8160046956917737,-15.547622889831624,2.2785635912312303,-8.071312679201696,2.7691612098242127,-3.3671618106351837,-4.308387545095605,280.3000793429151
489,22,5.774290273915206,-3.969099534617521,1.8160049019223856,-15.546274301072526,2.2785635743080817,-8.071521662006129,2.7691612898266627,-3.367162100635345,-4.308389767773614,280.3000867138113
489,23,5.7742903048907746,-3.9691055787151726,1.8160041806807803,-15.550248228171613,2.2785630580350835,-8.071390042160896,2.7691613084966975,-3.367161902056347,-4.308390021994058,280.30007484536577
489,24,5.774290319623924,-3.969104745497088,1.8160048607490775,-15.549132131387001,2.2785637932146314,-8.071308831991432,2.769161177333625,-3.3671618809753316,-4.308387166118026,280.3000843581578
489,25,5.774290285737766,-3.9691056392542317,1.8160044390567713,-15.552408435604532,2.2785633051323506,-8.0711666936871,2.769161087541101,-3.3671617056125536,-4.308387875738943,280.3000798101661
489,26,5.77429029937817,-3.9691036630755963,1.8160048122404562,-15.55016288031733,2.278562819721922,-8.071335718069593,2.7691613034682283,-3.3671618512329053,-4.308388412420475,280.3000834108651
489,27,5.77429030239771,-3.9691083085026206,1.8160043883705799,-15.551955392386414,2.2785630046226313,-8.071383910632477,2.7691610984044863,-3.3671612668861552,-4.308389528235243,280.30007268878353
489,28,5.774290316431753,-3.969109527507979,1.8160043218618294,-15.550323810614264,2.2785637381565365,-8.071111902447077,2.76916120104199,-3.367161709345225,-4.308387080307371,280.3000794218925
489,29,5.774290291006275,-3.969104356554393,1.816004505561274,-15.54963342040245,2.2785631399556903,-8.07134866442892,2.769161094075957,-3.3671616345417577,-4.308387861842152,280.3000758850168
490,0,5.77429030806151,-3.969106915268264,1.816004472463823,-15.551201204363155,2.278562906269642,-8.071401696303191,2.7691611847516273,-3.3671615132417867,-4.308390841307462,280.3000805121957
490,1,5.774290311258868,-3.9691052368786095,1.8160044145359364,-15.54991233617245,2.278563463921834,-8.071548087537609,2.7691611073728204,-3.3671615216022865,-4.3083894277047445,280.3000805437413
490,2,5.774290296486061,-3.9691051620035456,1.8160044535448903,-15.549492457200067,2.278563486218491,-8.071435779074047,2.769161180234913,-3.3671614641705436,-4.308387959299149,280.3000772597373
490,3,5.774290301659242,-3.969104793971719,1.8160051020657941,-15.55057185579786,2.2785632718019677,-8.071328612359709,2.7691612004799806,-3.3671618987790173,-4.308391107707354,280.3000813909014
490,4,5.774290318805232,-3.969104655970401,1.8160047379198903,-15.552326365338699,2.2785628816879946,-8.071381796432581,2.76916106623952,-3.367161433348291,-4.308389248073159,280.3000823434613
490,5,5.7742902806703436,-3.9691009033216806,1.8160041447846602,-15.548657968264346,2.2785632036474586,-8.071451807685213,2.7691610654496204,-3.3671618393830043,-4.30838853244831,280.3000845976662
490,6,5.774290288403101,-3.969103156815625,1.8160046293176,-15.551306824317756,2.2785633465117376,-8.07135999527963,2.7691611650864347,-3.3671615616729373,-4.308389008606641,280.30008189895653
490,7,5.774290253194108,-3.9690994799315527,1.8160047798068055,-15.551509042030553,2.2785629137716312,-8.071278447717932,2.769161074992359,-3.3671618460478623,-4.308389541989,280.3000859205712
490,8,5.7742903009652515,-3.969103513136867,1.816004656172049,-15.552615210052151,2.2785628286687105,-8.071236835608207,2.769161139344072,-3.3671615156013743,-4.308390490815928,280.30007952879134
490,9,5.774290307563728,-3.969104681887769,1.816004287872467,-15.550443110557595,2.2785632589750757,-8.071330328979906,2.769161196257407,-3.36716156573858,-4.3083872267530605,280.3000787143765
490,10,5.774290286058738,-3.9691073079435197,1.8160043636200778,-15.55113843285336,2.278563144998917,-8.071141450472066,2.7691611457117,-3.3671617876053084,-4.308387630810244,280.30007172507555
490,11,5.774290306458521,-3.9691031643353107,1.8160049148696433,-15.54987546346914,2.2785632705599426,-8.0713092803951,2.7691611090820563,-3.3671618632903995,-4.30838880823128,280.3000780853064
490,12,5.7742903220961255,-3.969104087007489,1.816004300746715,-15.550961908476749,2.2785631304736533,-8.071476889328862,2.7691612898886513,-3.367161391270303,-4.3083895653565945,280.30008542763574
490,13,5.774290280668354,-3.969103048966292,1.816004586215736,-15.553212172954455,2.2785633120309394,-8.071245902080348,2.769161149091482,-3.367161728211351,-4.308389110949001,280.3000785592469
490,14,5.774290313288853,-3.969107861797703,1.8160046534916896,-15.551026208454159,2.2785635721642414,-8.07132264075779,2.769161126544224,-3.3671616980028056,-4.308388688874561,280.3000821590515
490,15,5.774290319444977,-3.969105423564147,1.816004548330373,-15.551733312211246,2.2785630346101495,-8.071313953751037,2.769161224717838,-3.367161534759536,-4.308389794603221,280.3000737196086
490,16,5.774290317400818,-3.969104724302015,1.8160042830132699,-15.550485128673605,2.278562963993638,-8.071311619672258,2.769161136011002,-3.367161577798002,-4.308388731929719,280.30008346080376
490,17,5.774290317761648,-3.969104171603784,1.816004486355451,-15.551120400420203,2.27856316889132,-8.071372215565455,2.769161070515605,-3.367161568783135,-4.308388113598783,280.3000751222063
490,18,5.77429028450811,-3.9691076016661144,1.8160046441072115,-15.551259967797687,2.2785635842262844,-8.071185398114821,2.769161140989592,-3.367161577809239,-4.3083868249679815,280.30008216238974
490,19,5.774290296141536,-3.969104485384111,1.8160045455640417,-15.553219884003664,2.278562767377313,-8.07119395515625,2.769161219816827,-3.3671617056672365,-4.308391304278037,280.3000829397257
490,20,5.774290312659358,-3.9691098178887465,1.8160044393379624,-15.550243681222936,2.278563461877978,-8.071322569961099,2.7691612412883693,-3.367161766897368,-4.308388797006166,280.3000761255988
490,21,5.77429031300507,-3.969103634447796,1.8160040637214527,-15.552514158697923,2.278563322926235,-8.07127516592356,2.769161145289749,-3.3671616885958726,-4.308388520443221,280.300076932268
490,22,5.7742903003867765,-3.9691026053593728,1.8160042138943644,-15.551215991250569,2.278562967212526,-8.07145129212181,2.769161233072878,-3.3671616682197514,-4.308389815217446,280.3000806270279
490,23,5.774290281640827,-3.9691063713098464,1.8160046431778103,-15.549854278656714,2.2785632926443125,-8.071530766277814,2.769161280204206,-3.367161612041439,-4.308388671899036,280.3000818470239
490,24,5.774290304329384,-3.969103521038784,1.8160044872388041,-15.55141968617431,2.2785630104152395,-8.071460890737365,2.769161220360088,-3.3671614349490087,-4.308389892588395,280.3000777106155
490,25,5.774290326349411,-3.9691068384241595,1.8160041041143518,-15.551088085423158,2.278563361790767,-8.071469688279358,2.76916120621468,-3.367161403714739,-4.3083875732812915,280.30007824010863
490,26,5.774290298389585,-3.969104486418721,1.8160045314151005,-15.551207474438343,2.2785631006760356,-8.071508954166601,2.7691613016260455,-3.3671613452114983,-4.308389756217003,280.30008131471646
490,27,5.774290285333465,-3.9691059049300756,1.8160046240875887,-15.55081210848822,2.278563302372681,-8.071455861889666,2.769161144442873,-3.367161692868095,-4.308389670879073,280.3000821251767
490,28,5.774290291326539,-3.9691034913388057,1.8160046837421022,-15.55128310283157,2.278563079450211,-8.07157309041256,2.7691612517651323,-3.3671617447515407,-4.308390492382886,280.30007579514347
490,29,5.774290318002568,-3.9691011017386817,1.8160043893331368,-15.547957106551921,2.27856285741917,-8.071587699988228,2.7691612928419738,-3.3671619140928803,-4.308391113793566,280.30008129213445
491,0,5.774290302080471,-3.9691078253787397,1.8160043228286928,-15.552164236272707,2.2785634097679246,-8.071245165686994,2.769161260943462,-3.3671615397273613,-4.308387934311001,280.3000805533851
491,1,5.774290329609484,-3.9691056581732953,1.8160046384556283,-15.550807757269848,2.2785633546683592,-8.071488193508117,2.7691612158190724,-3.3671615673621464,-4.308388975242039,280.3000830793278
491,2,5.774290305517992,-3.9691045237643605,1.8160042886318508,-15.552937681955287,2.27856255593278,-8.071208191862825,2.7691610228786407,-3.36716153086187,-4.308388973623609,280.300088389335
491,3,5.774290289799469,-3.9691064473400424,1.8160043982741094,-15.551857318339264,2.2785631806594924,-8.071301829491706,2.7691611178743987,-3.367161534950785,-4.308389423547957,280.30007330229205
491,4,5.774290296500582,-3.9691059011066407,1.8160045441612183,-15.55255693510583,2.2785632016673594,-8.071226322986185,2.7691610208024255,-3.3671616551095744,-4.308389252038247,280.3000840204552
491,5,5.77429032019726,-3.9691076888303884,1.8160044768260044,-15.551460781111661,2.278563116895159,-8.071362796014471,2.769161087793396,-3.3671614524489244,-4.308388917478113,280.30007462476794
491,6,5.774290318773625,-3.9691059411720118,1.8160043885498152,-15.549332130664208,2.2785632457745653,-8.071291345811975,2.769161082380354,-3.367161626818725,-4.308387939519751,280.3000816665003
491,7,5.774290293266139,-3.9691067521101466,1.8160043074810468,-15.551986650613618,2.278563368553258,-8.071292941345229,2.7691610661698016,-3.3671614461024983,-4.308388546287823,280.30008126204655
491,8,5.774290277168856,-3.969105575114139,1.816004410218074,-15.5512117714641,2.2785633760196564,-8.071224225334479,2.7691612763600015,-3.3671617909501497,-4.308387932437148,280.30007651954634
491,9,5.7742902962815394,-3.9691034654906603,1.8160042461635901,-15.55019937251793,2.278563259352138,-8.071393429568415,2.7691612372829097,-3.367161861830844,-4.308388928111467,280.30007682035273
491,10,5.774290304995281,-3.9691005231031222,1.8160045643717597,-15.547555265235214,2.2785633891643053,-8.071489664330533,2.7691613160372683,-3.3671619433389806,-4.308389558399135,280.3000826218545
491,11,5.774290310051496,-3.969105443081589,1.8160043311288103,-15.550416668052916,2.27856338110901,-8.071308645114327,2.7691611969729255,-3.367161698963458,-4.308387287637294,280.30007902766414
491,12,5.77429029131883,-3.9691031384161755,1.8160043013247023,-15.55184971185479,2.2785629129868825,-8.071334465271363,2.7691611647442107,-3.3671616712699968,-4.308389421885231,280.300078927952
491,13,5.774290297153585,-3.9691060533410853,1.816004322038609,-15.55348649379359,2.2785629873147473,-8.071165353105448,2.7691612353376485,-3.367161561687427,-4.308388634971611,280.3000773436598
491,14,5.7742903076177665,-3.969104278783863,1.8160044268689794,-15.551069528565653,2.2785630671009978,-8.071249715114309,2.7691611008984878,-3.367161746197065,-4.308389255900084,280.30007223292046
491,15,5.774290293973589,-3.9691055254294447,1.8160044557425472,-15.551973935261058,2.2785627409588463,-8.07111494290791,2.769161088293953,-3.3671616224989798,-4.30838761559828,280.30008320981767
491,16,5.774290312977131,-3.9691078799090818,1.8160041831955418,-15.552134571080959,2.2785626695890273,-8.071352885292741,2.7691610723458644,-3.3671614864431247,-4.30838893746912,280.30008407670505
491,17,5.774290315589599,-3.969104398328773,1.8160045608691269,-15.553345139687812,2.278563332385688,-8.07147978075129,2.769161090595806,-3.3671613332747596,-4.308389936742059,280.3000803317518
491,18,5.774290302593637,-3.9691040127950976,1.8160046189619832,-15.550176736841161,2.2785629427909546,-8.071486195608307,2.7691612127233394,-3.3671615782944078,-4.308389449472801,280.30008461018537
491,19,5.774290316627641,-3.9691076449269773,1.8160044551567414,-15.55032036849889,2.278562997574667,-8.071489775495884,2.7691613497602874,-3.3671616651841556,-4.3083893669134605,280.30007944635577
491,20,5.774290291407218,-3.969104056785494,1.8160043072051977,-15.55172024849085,2.2785629726190217,-8.071203288595875,2.769161144575563,-3.3671616581856934,-4.3083887789985535,280.30008167813367
491,21,5.774290280223954,-3.9691056026766782,1.8160043717297367,-15.5515041716627,2.2785633820808564,-8.07150197951151,2.769161166264882,-3.36716143341146,-4.3083886733263475,280.3000788521357
491,22,5.774290322169419,-3.9691061558284835,1.816004701774663,-15.549023591221209,2.278563668206404,-8.07145861516057,2.769161208619176,-3.3671616646224534,-4.308388021732494,280.3000808539346
491,23,5.774290329323032,-3.9691120749346487,1.81600397299904,-15.551516000583513,2.2785641094068376,-8.071221075489984,2.7691611142991484,-3.3671613498756834,-4.308386084334257,280.3000852311235
491,24,5.774290299258138,-3.9691081160964248,1.816004664900493,-15.552352993835926,2.278563425874528,-8.071243102678975,2.769161059525142,-3.367161363192117,-4.308386676790267,280.3000800821432
491,25,5.774290309510262,-3.9691067669042503,1.816004551106648,-15.551548310939642,2.2785630314819496,-8.071250319586344,2.7691610229861876,-3.3671615682675595,-4.308388523394618,280.30007824378777
491,26,5.774290300773495,-3.969107449840249,1.8160040422452983,-15.551680130530656,2.278562994290795,-8.071348311740609,2.769161224220857,-3.367161799895148,-4.308390172167429,280.3000783559714
491,27,5.774290290260281,-3.9691044410044047,1.8160042599158632,-15.551409386631818,2.27856295522941,-8.071336255435735,2.7691611127513416,-3.3671615441033538,-4.308388105596934,280.30008055450264
491,28,5.7742903011311055,-3.9691031851244283,1.8160046399260685,-15.549797762353773,2.2785631736404928,-8.07135064943989,2.7691612855952004,-3.3671619938777733,-4.308388514390373,280.3000794513038
491,29,5.774290322994801,-3.969105731923671,1.8160046762176367,-15.550090502688665,2.2785634330958806,-8.071303621627072,2.769161189422961,-3.3671617749520384,-4.308387764646851,280.3000815469315
492,0,5.7742902828080975,-3.969107039913388,1.8160048372266513,-15.551277768398307,2.2785633328466792,-8.071296029137521,2.7691610925914274,-3.3671616501826076,-4.308388694877377,280.3000834063614
492,1,5.774290283009164,-3.969107282129445,1.816004265572972,-15.552332048890264,2.278563254467885,-8.071192581371207,2.769161215481734,-3.3671615346826083,-4.308387735420346,280.30007945795734
492,2,5.774290309785852,-3.969107064779734,1.8160040453283144,-15.550986015882213,2.2785627953853353,-8.071369971692032,2.769161222734615,-3.3671616322382385,-4.30838886725039,280.3000841650478
492,3,5.774290307557936,-3.969106894957985,1.8160042863725407,-15.550544847211137,2.2785630952135265,-8.071339881458893,2.7691612609659413,-3.3671616665414406,-4.308387819459799,280.3000736797929
492,4,5.774290313639636,-3.9691059306622933,1.816004547488875,-15.551391500285968,2.278563554277338,-8.071342614018702,2.769161074301092,-3.3671615404575372,-4.308387408674738,280.3000766418439
492,5,5.774290298797261,-3.9691027527073066,1.8160043452303423,-15.55022564154885,2.278563416583499,-8.07135553633651,2.769161187802886,-3.367161959524498,-4.308388679043513,280.3000815632385
492,6,5.774290299398401,-3.969105716890078,1.816004452026715,-15.553774602444719,2.278562903352367,-8.071268408930699,2.7691611918866186,-3.3671614526275735,-4.308389216713762,280.30007792198717
492,7,5.774290280368515,-3.969105437805647,1.8160042812540063,-15.549668712166131,2.2785635560873088,-8.071334301900187,2.7691610687489683,-3.3671615387124145,-4.308387353504122,280.30008125220905
492,8,5.77429028336907,-3.969103401430716,1.8160046761890907,-15.5532922593218,2.2785628091503223,-8.071318999447536,2.769160962590631,-3.3671615519825853,-4.308390601625189,280.3000854785199
492,9,5.774290289389367,-3.9691047234570593,1.816004484560131,-15.552105185649314,2.278562953894531,-8.071300848993607,2.769161180170424,-3.3671617304404085,-4.308389092301073,280.30007720897055
492,10,5.774290309876138,-3.96910685552333,1.8160042092806936,-15.550873874932428,2.2785630853773915,-8.071453093562043,2.769161201165111,-3.36716161615538,-4.3083888955218415,280.300076948136
492,11,5.774290277917269,-3.9691067085391487,1.8160044319163067,-15.550899537984204,2.2785636908563975,-8.071320376734741,2.769161052789755,-3.367161407385698,-4.308387556058256,280.30007715923387
492,12,5.774290293292719,-3.969103850351004,1.8160043245295499,-15.550288438195471,2.2785634919371036,-8.071404056305932,2.769161263881494,-3.3671618080513577,-4.308388226899538,280.3000820544141
492,13,5.774290290901494,-3.9691044567365448,1.8160045288768758,-15.552129189465765,2.278563117791697,-8.07125629436542,2.769161332934481,-3.367161791065154,-4.308389812300835,280.3000794631977
492,14,5.77429030405161,-3.969104714625915,1.8160045256535406,-15.552325784321114,2.278563303866049,-8.0712282236084,2.7691611379612864,-3.367161550957698,-4.308388271964017,280.3000773208305
492,15,5.774290295452912,-3.9691037114987515,1.8160045083867982,-15.550546393482067,2.278563597904849,-8.071289565077155,2.769161146690559,-3.3671618025357812,-4.308388312158288,280.3000734958843
492,16,5.774290298045025,-3.969106612302922,1.8160045599720143,-15.551898513935544,2.2785634527154723,-8.071155312096701,2.769161301867621,-3.3671616376581155,-4.3083876577347295,280.30008083017844
492,17,5.774290267201949,-3.969102718176189,1.8160043604257388,-15.551219590339663,2.278563240967717,-8.071155589382451,2.7691611315477376,-3.3671620745841895,-4.308389466922297,280.3000746410735
492,18,5.774290304048269,-3.9691053652988306,1.8160043049928718,-15.550775938539726,2.27856342920769,-8.071360053773294,2.769161077355645,-3.367161501721482,-4.308388626140061,280.3000837149058
492,19,5.774290298520715,-3.969106798704493,1.8160044464349148,-15.553293882253945,2.2785628531354374,-8.071101600600134,2.7691611351714855,-3.367161513355821,-4.30838833421954,280.30007533453863
492,20,5.774290317402499,-3.969107150382851,1.816004460709131,-15.549778728797097,2.278563325014467,-8.071322628610162,2.769161186533035,-3.367161640609224,-4.30838867983804,280.3000764897512
492,21,5.774290278914468,-3.969104466697831,1.8160044060110163,-15.551015420528868,2.278562895976716,-8.071300625525197,2.769161103605738,-3.367161849974649,-4.308389949340003,280.30007868043833
492,22,5.774290310042269,-3.969104166420087,1.8160043394529402,-15.552195227409669,2.278562944226056,-8.071233685850643,2.769161168060142,-3.3671616699937754,-4.308389049332239,280.3000780306685
492,23,5.774290289986043,-3.96910490698373,1.816004553902988,-15.551758450481207,2.2785630520851696,-8.071404642798516,2.7691609656409253,-3.367161500051176,-4.30839032380704,280.30007795379424
492,24,5.77429031383014,-3.9691046372099734,1.8160047004368007,-15.552265795117542,2.278563076433117,-8.0712130017451,2.769161096629266,-3.3671616515900094,-4.308389984065123,280.30007536473045
492,25,5.7742903001664,-3.969105911383235,1.8160041060346208,-15.549864962808078,2.2785634813909073,-8.071510489381248,2.7691611248144583,-3.3671615980159313,-4.308387998638054,280.300082777834
492,26,5.774290296712824,-3.969106138219167,1.8160042722782217,-15.553247677598875,2.278562966130139,-8.071418369858714,2.7691612040435416,-3.367161255775739,-4.3083899336894875,280.30008114721306
492,27,5.77429029033112,-3.969103069700342,1.8160044474445585,-15.551107501052089,2.278563260688613,-8.07134599471869,2.769161222953489,-3.367161710744459,-4.308389745526585,280.3000805567371
492,28,5.774290303815994,-3.969104509307181,1.8160045285988484,-15.549040832286558,2.278563258502637,-8.071315244015759,2.769161116543738,-3.367161838434878,-4.3083887086413,280.30007482064025
492,29,5.7742903104220415,-3.9691045877798388,1.816004461703402,-15.552772051563226,2.2785632770328355,-8.071165645113322,2.7691610488851026,-3.367161643090679,-4.3083892007876345,280.30008222374806
493,0,5.774290291228273,-3.9691082823558634,1.8160041988970337,-15.551129721360086,2.278563372912413,-8.071205446679164,2.769161180581487,-3.3671616364098904,-4.308386759955012,280.3000809320173
493,1,5.77429027768185,-3.9691065424288046,1.8160043309700096,-15.55068055924147,2.278563470098343,-8.07103693616032,2.7691611477864777,-3.367161785493445,-4.30838762880447,280.30008221335845
493,2,5.774290309953961,-3.969102911731373,1.816004370290625,-15.550354530956993,2.2785632727455853,-8.071387082853382,2.7691611601733244,-3.367161771420663,-4.308389376641926,280.30007604004754
493,3,5.7742902971781955,-3.9691036978844787,1.8160043631491476,-15.550585699383014,2.278563182462639,-8.071363201182766,2.7691611398006435,-3.367161694413365,-4.308388794197496,280.3000730577522
493,4,5.7742903074622784,-3.9691089719230783,1.8160044102104187,-15.550039643480675,2.2785636092768264,-8.071268063327818,2.7691611156480223,-3.3671616030513944,-4.308386750877937,280.30007510636847
493,5,5.774290301382559,-3.9691065190656767,1.8160046575803919,-15.551162101571686,2.2785629355253105,-8.071222650864124,2.7691611328261128,-3.3671617469544493,-4.308389486157063,280.30007747016157
493,6,5.774290293134641,-3.9691050471961002,1.816004292508354,-15.553593510867314,2.2785631680840455,-8.07115699308126,2.769161138449557,-3.3671615219371716,-4.308388288776436,280.3000749795656
493,7,5.774290290317514,-3.9691046021415017,1.816004460341759,-15.551729624351506,2.278563168144393,-8.07124899879483,2.769161202786246,-3.367161905382217,-4.308389135598085,280.30007578467064
493,8,5.774290291018287,-3.9691024566444364,1.8160047269837611,-15.551191090172296,2.278563417225009,-8.07127297186987,2.7691611968221874,-3.36716178431785,-4.308389179471248,280.30008212857666
493,9,5.77429027684316,-3.969103852320978,1.816004555592574,-15.550924314220676,2.2785632497872648,-8.07122093021968,2.7691610990554367,-3.36716180448891,-4.308388607889497,280.30008070030965
493,10,5.774290308655486,-3.9691032847048584,1.8160044403938098,-15.550753979871338,2.2785633167216988,-8.07103192885353,2.7691610359963903,-3.3671618612365544,-4.308387331609719,280.30008268764277
493,11,5.774290302022521,-3.9691074836695686,1.8160044365990051,-15.55171689587795,2.278563502250988,-8.071253804257445,2.7691611476127145,-3.367161582685085,-4.308388552101676,280.3000800949904
493,12,5.77429029432249,-3.969102877025309,1.8160045621148069,-15.549900852976876,2.278563312235785,-8.071264613511053,2.7691611564071184,-3.3671620167418963,-4.3083891340725025,280.30007528654903
493,13,5.774290302170847,-3.9691060384069683,1.8160043167962256,-15.550803625697657,2.278563159809993,-8.071238999247004,2.769161127304878,-3.367161611702174,-4.308387114093681,280.300075340382
493,14,5.7742903029475015,-3.9691054976925275,1.8160046331493471,-15.552529479580462,2.27856344114765,-8.071266577930267,2.769160957889859,-3.3671615900867895,-4.308388782971097,280.30008150185955
493,15,5.7742903031299395,-3.9691044486325078,1.8160048446948722,-15.551535861683528,2.278563444952435,-8.071250063253531,2.7691612681827387,-3.3671617333153283,-4.308388569395801,280.30008153665534
493,16,5.774290293903726,-3.969106748515431,1.8160043758895166,-15.550955039811459,2.278563129500354,-8.07118927182278,2.76916114466623,-3.3671618412050215,-4.308388325174011,280.3000715613101
493,17,5.774290323897347,-3.9691065467529665,1.8160046268302532,-15.549860411110576,2.278563488232297,-8.071311500086916,2.76916106012632,-3.367161630336043,-4.308387589061618,280.30007801474324
493,18,5.774290305005401,-3.969107474754927,1.8160047558686074,-15.5493113367971,2.278563452720029,-8.071306685286258,2.7691610848915604,-3.367161723391999,-4.3083881163474,280.30007984443444
493,19,5.774290293467222,-3.9691038535193033,1.8160044852276631,-15.550430382177618,2.278563445161385,-8.07135250759167,2.7691610978034698,-3.3671616127592783,-4.308388919815778,280.3000795827078
493,20,5.774290296799664,-3.9691044967472195,1.816004636397635,-15.550603526561682,2.2785631392998766,-8.071245043026284,2.769161099587316,-3.367161739752057,-4.3083879898845945,280.3000790201843
493,21,5.774290318811146,-3.9691066918189084,1.8160041941859637,-15.552231487592554,2.278563243329279,-8.071298989080606,2.7691610843648973,-3.3671614404866657,-4.308388446288736,280.30008849771593
493,22,5.774290295389574,-3.9691054975476,1.8160041282168613,-15.552244305821707,2.2785631477586055,-8.07124914150048,2.7691610942095854,-3.367161588256626,-4.308388715015885,280.300081608508
493,23,5.774290306783119,-3.9691058413578824,1.816004638912117,-15.549144167125935,2.2785635528161037,-8.071376927124412,2.769161261680532,-3.3671618962745065,-4.30838813265553,280.30008267544747
493,24,5.774290301529433,-3.9691047202512912,1.8160043320718842,-15.550590105226355,2.278563257708225,-8.071181262560074,2.7691612812109265,-3.3671620151277724,-4.308388145368904,280.30008045412126
493,25,5.774290294642131,-3.969103491059519,1.8160043800749774,-15.550703591555699,2.278563186919303,-8.071297384487167,2.769161068457369,-3.367161827830427,-4.308389311107647,280.30007419821175
493,26,5.774290307378522,-3.9691061380743275,1.8160043319341155,-15.55033915182134,2.2785632352029315,-8.07127215366553,2.7691611701973398,-3.3671617384835812,-4.308388009548523,280.3000771637104
493,27,5.774290298893338,-3.969104695894131,1.8160042646955539,-15.551016603776523,2.2785630913981283,-8.071270726167764,2.769161194804151,-3.3671617656383823,-4.308388665177395,280.3000746503681
493,28,5.774290301897735,-3.969106498073302,1.8160044348571085,-15.549335078787486,2.2785634350197,-8.071275301601583,2.7691611882991447,-3.367161848657891,-4.308388401284159,280.3000763603204
493,29,5.774290310898646,-3.969104734605176,1.816004799939038,-15.5502464794378,2.2785636660853763,-8.071214739466448,2.769161063929239,-3.3671617430937135,-4.308388041773477,280.30007987040847
494,0,5.774290280892592,-3.9691046376042878,1.8160041421888506,-15.549806785966437,2.2785630952504734,-8.07130721497776,2.76916105155584,-3.3671617935890135,-4.308387852278165,280.3000803692176
494,1,5.7742902938196785,-3.969105269957624,1.8160044767367927,-15.551107038412862,2.278563251101332,-8.07122426912676,2.7691611522859065,-3.3671617354539953,-4.308388757115785,280.3000749687546
494,2,5.774290292765327,-3.969104013872774,1.8160044307420569,-15.550406189098519,2.2785630142458477,-8.071197043301273,2.769161117523164,-3.3671618522614173,-4.308388915642264,280.30007105960357
494,3,5.774290297826849,-3.969108130071611,1.816004461952797,-15.552630022383928,2.2785631534432578,-8.071065415770613,2.769161068490739,-3.367161781133167,-4.308388501529552,280.30007429936563
494,4,5.774290304792293,-3.969106439608325,1.8160043623287487,-15.550116059379143,2.2785631490350364,-8.071326140418543,2.7691612051991856,-3.3671619407301145,-4.308388596753538,280.3000754064193
494,5,5.77429028779898,-3.9691025421801216,1.8160044725864688,-15.55283719549403,2.2785629951217943,-8.071111211818291,2.769161132282772,-3.3671617916696697,-4.308389773587864,280.30007623156916
494,6,5.774290298992089,-3.969101871674531,1.8160042412998902,-15.549838193153318,2.278562813927186,-8.071329908404097,2.7691611540664036,-3.367161841447562,-4.308388700714464,280.3000856659728
494,7,5.7742903004310095,-3.969105161222873,1.816004279981627,-15.552153341698695,2.2785629926039768,-8.071289672446799,2.7691611359232455,-3.367161490996166,-4.308388821988412,280.3000838442507
494,8,5.774290312260857,-3.9691068198741384,1.8160046164025652,-15.550233718044637,2.2785634343584062,-8.071269901950844,2.7691610968095985,-3.367161638931216,-4.308386835312077,280.3000785209605
494,9,5.774290300032182,-3.969107975605118,1.8160043381085218,-15.551317950734589,2.278563406829773,-8.071203263677631,2.769161089269781,-3.367161668414027,-4.308387947870096,280.30008219474314
494,10,5.774290282632472,-3.969104080042064,1.8160042566004557,-15.552788100560324,2.278563085304861,-8.071261785176892,2.7691610869582224,-3.3671614617657757,-4.3083891820195666,280.30007957505484
494,11,5.774290306654925,-3.969106597594371,1.8160043382168607,-15.550575748762697,2.2785632417555433,-8.071307763410069,2.76916114433403,-3.367161673282268,-4.308389187761776,280.3000788582579
494,12,5.774290288556632,-3.9691071353001606,1.8160043688810636,-15.552876167594373,2.2785629444822884,-8.071162767837919,2.769161146452013,-3.367161701578216,-4.308389249475489,280.3000787391185
494,13,5.774290295577203,-3.9691039633983256,1.8160043494807296,-15.550263303834688,2.278563194923856,-8.071178293472817,2.7691610557933792,-3.3671618789571056,-4.308387943038255,280.3000761755953
494,14,5.774290295118641,-3.96910585489004,1.8160043131617856,-15.550727634445774,2.278563287111154,-8.071307377742771,2.769161087657163,-3.367161562473597,-4.308387839703708,280.3000824343796
494,15,5.774290299479548,-3.9691067901508403,1.8160044203627426,-15.55257425018753,2.2785634013066627,-8.071186169547579,2.769161054745678,-3.3671616853999806,-4.308388386349969,280.30007900308664
494,16,5.774290301643763,-3.9691034664045413,1.8160047253451659,-15.550260452463078,2.2785633938161087,-8.07127915552718,2.769161153550702,-3.36716185780027,-4.308389560262061,280.30007848350743
494,17,5.774290282723485,-3.969106547979847,1.8160044153361112,-15.550302966372493,2.2785633438680732,-8.071138240150923,2.769161092538435,-3.3671619321702386,-4.3083870598324,280.3000795453508
494,18,5.77429030007565,-3.969104476999588,1.816004435369256,-15.55103281077457,2.2785632095586976,-8.07114698443025,2.7691611476787994,-3.367161791584884,-4.308389384418752,280.3000753218474
494,19,5.774290287034984,-3.9691054736389195,1.8160042954976345,-15.55165350626274,2.2785632079194125,-8.071205158690363,2.7691612546359607,-3.3671617046188853,-4.308388362382296,280.30007793193226
494,20,5.774290302302324,-3.969103655455572,1.8160042940927261,-15.550981653414398,2.278562926288512,-8.071279402325995,2.7691610829292372,-3.3671618175133395,-4.308389423997172,280.3000821416605
494,21,5.774290290342822,-3.969104267878693,1.816004240413213,-15.55163412693894,2.278563264225779,-8.071188966569135,2.769161156794639,-3.36716184329784,-4.308388068951504,280.30008023012965
494,22,5.774290288968492,-3.969107585556155,1.816004140006399,-15.551645830514387,2.278563183405049,-8.071154599367144,2.769161122145378,-3.3671618581165683,-4.308388200478315,280.30007688858956
494,23,5.774290301141466,-3.9691040032794285,1.8160045761716317,-15.55141899333246,2.2785633388971673,-8.07133962160948,2.7691611282816004,-3.3671617012057546,-4.308388501484663,280.3000784218377
494,24,5.7742903054813,-3.9691077136655926,1.816004332334319,-15.55115767829541,2.2785634841644806,-8.07128496045661,2.7691611692068863,-3.3671616491263645,-4.308386786716227,280.3000793902708
494,25,5.774290311188923,-3.969107560474604,1.816004480575611,-15.550328967065393,2.278563328245523,-8.071325361147434,2.7691611376083607,-3.3671616069798507,-4.308388282935767,280.30007506407765
494,26,5.7742902981322715,-3.9691067733039143,1.816004366403373,-15.550032217770354,2.2785636938073557,-8.071328750694617,2.7691612309956746,-3.367161588440928,-4.308387300780511,280.3000773302215
494,27,5.774290317012103,-3.969106531753437,1.8160044244047142,-15.54948404290904,2.278563495119282,-8.071223051894153,2.7691610633684767,-3.367161837364872,-4.308388474494822,280.3000785174264
494,28,5.774290289947273,-3.9691028473703964,1.8160042351860364,-15.550895943881375,2.2785632769404383,-8.071180335487155,2.769161151143514,-3.367161894475594,-4.308388377426993,280.3000789283865
494,29,5.774290304341965,-3.96910713768087,1.8160044301364777,-15.550851835977669,2.2785631960703063,-8.07120276317556,2.7691611256925484,-3.367161848980427,-4.308387467704302,280.3000712647059
495,0,5.774290301207599,-3.9691059288338506,1.816004753258134,-15.551491822452993,2.2785632662423665,-8.071182216914789,2.769161018196154,-3.3671617473248734,-4.308388600489653,280.3000840173472
495,1,5.774290295764917,-3.9691067176114974,1.8160044255950818,-15.551691031365086,2.278563096580223,-8.071050246772458,2.7691611139925176,-3.367161817978439,-4.308388502983942,280.3000699703869
495,2,5.774290283555656,-3.969106825703764,1.8160044966140652,-15.552283753021431,2.278563160706106,-8.071159412825825,2.7691611236864513,-3.3671616846562737,-4.3083876733506274,280.3000733064429
495,3,5.7742902989432325,-3.969109273803286,1.8160040762226628,-15.549324487149066,2.278563210747345,-8.071388175359989,2.7691612007688273,-3.367161661743519,-4.308387870573189,280.3000776930607
495,4,5.774290305191776,-3.969104213477106,1.8160044470985963,-15.549838787220919,2.2785631714472423,-8.07124000991444,2.769161229305552,-3.3671620069297195,-4.308388589006078,280.3000743592428
495,5,5.774290292969674,-3.969105734636875,1.816004535210592,-15.551215013810737,2.2785630799195387,-8.071157798131045,2.769161103409759,-3.367161958675655,-4.308389289548697,280.30007281165706
495,6,5.774290284576055,-3.969103541347072,1.8160042919152237,-15.550071936419078,2.278562969845432,-8.071303188434351,2.7691611805410403,-3.3671620039729473,-4.308389253474674,280.3000788736515
495,7,5.774290297077765,-3.9691063707838583,1.8160043512223754,-15.55151183438556,2.278563082099666,-8.071136576863887,2.76916117910492,-3.367161740388169,-4.30838917544495,280.30007488075296
495,8,5.774290293337814,-3.9691031346894876,1.8160047141663538,-15.550589592186634,2.2785630475961742,-8.071181080548767,2.7691611688041338,-3.3671622126677447,-4.308390151988777,280.3000749082988
495,9,5.77429030125722,-3.9691052598017835,1.8160045297592717,-15.550255043792303,2.278563163339511,-8.071222422551074,2.769161148898922,-3.367161865005011,-4.3083876236346095,280.30007199561
495,10,5.774290304263567,-3.9691020207917935,1.8160045873782331,-15.550536800505684,2.278562963947921,-8.071304374537794,2.7691611775645857,-3.3671619520943237,-4.308389690217561,280.3000801045628
495,11,5.77429028919758,-3.969105356182084,1.8160044561391393,-15.552099090726136,2.2785628983297004,-8.071072576211606,2.7691611072086517,-3.367161881249829,-4.308389002762694,280.3000772500115
495,12,5.774290293926829,-3.9691026080779515,1.8160044198497582,-15.550242261594219,2.2785630528833534,-8.071222784738183,2.7691611166991206,-3.36716190915748,-4.308389673452788,280.3000711066601
495,13,5.774290292739135,-3.969107678245042,1.8160045213736282,-15.552370726242822,2.278563154146962,-8.071042488040655,2.769161066385135,-3.367161721277596,-4.308388486302,280.30007582750846
495,14,5.774290295097144,-3.969106165921053,1.8160044971273235,-15.550586487501413,2.278563345385779,-8.071199633463696,2.769161155215813,-3.3671617666852436,-4.3083882545937024,280.30007239304996
495,15,5.774290288449727,-3.9691026005947787,1.816004554865747,-15.552231849443482,2.2785632679346275,-8.071123748630615,2.769161206669868,-3.3671618442517004,-4.308389084692848,280.30008157790894
495,16,5.77429028205011,-3.9691063928231483,1.8160044614527153,-15.551113565637756,2.278563409848702,-8.071208587008542,2.769161219777227,-3.3671617945020125,-4.308387768690895,280.3000755151663
495,17,5.774290300668038,-3.969108887083842,1.8160045141106675,-15.552259587603249,2.2785629852619986,-8.071105875385406,2.7691611558591918,-3.3671618228334688,-4.308388657650345,280.3000748307129
495,18,5.774290294394316,-3.9691068654546737,1.8160045823153725,-15.553183793376434,2.2785628625965355,-8.070986599806263,2.7691610643804117,-3.367161723002806,-4.308388911979319,280.30007798306247
495,19,5.774290287729595,-3.969106008037562,1.816004576193024,-15.551554762072902,2.2785631410764693,-8.071109653566161,2.7691610939202342,-3.3671618022325474,-4.308388821689811,280.3000748427377
495,20,5.774290284356222,-3.9691056750564444,1.816004190142533,-15.550799010457322,2.278563218432517,-8.07125016297981,2.7691611746479694,-3.3671618195092794,-4.308388470410527,280.3000771009881
495,21,5.7742903055746195,-3.969106416544106,1.8160044835191615,-15.551417736884048,2.278563170390275,-8.071164406460603,2.7691610808609086,-3.367161770202313,-4.308388435273276,280.300074861204
495,22,5.774290284132944,-3.9691057811148402,1.8160043780854451,-15.552978602298197,2.2785631014976113,-8.071200365305215,2.7691611213388523,-3.3671614934693803,-4.308388358677449,280.30007165655996
495,23,5.774290296806301,-3.9691042574716713,1.816004439524108,-15.550464413153968,2.2785632596000385,-8.071359521345482,2.7691611628142465,-3.3671617707923995,-4.308388530370741,280.3000791712757
495,24,5.774290289817527,-3.9691055640957167,1.8160045196103827,-15.549146445741549,2.2785631272865583,-8.071193308667556,2.7691611531838403,-3.367161973989721,-4.308388546464828,280.3000716410907
495,25,5.774290295942107,-3.969101979975724,1.8160045282629207,-15.550098806733358,2.2785634859246398,-8.071286046064582,2.769161134048604,-3.367161869797602,-4.308388162714258,280.30007704346514
495,26,5.7742903100802705,-3.969106683687529,1.8160043933657322,-15.548759271159616,2.2785634251075826,-8.071311351647326,2.769161191115563,-3.3671617072494264,-4.308387472857231,280.30007429117416
495,27,5.774290298743847,-3.9691059924993164,1.8160045655129304,-15.551647380120787,2.278562868383605,-8.071135951492932,2.769161202317799,-3.3671618479704124,-4.308389377463232,280.3000776091866
495,28,5.774290299623764,-3.9691028073696955,1.8160046152529874,-15.551175473595528,2.2785633737955333,-8.071243258704463,2.7691610969304143,-3.367161848057905,-4.308389367762567,280.30008026612177
495,29,5.774290286417398,-3.9691041408594754,1.8160044211741329,-15.551408524753187,2.278563056556923,-8.071193019691647,2.7691610847188217,-3.3671617994316714,-4.308388873572293,280.3000707884453
496,0,5.77429029505232,-3.9691079145136365,1.8160045164529113,-15.551590152897859,2.2785633103168643,-8.071061501685538,2.7691610759538583,-3.3671616290466266,-4.308386801587003,280.3000781729618
496,1,5.774290286129547,-3.969104262208037,1.816004552500835,-15.551159461102454,2.278563056719105,-8.071085779916636,2.7691611560924665,-3.3671619713779126,-4.308388904023153,280.3000738205676
496,2,5.774290305229359,-3.9691095508876493,1.8160044607729813,-15.552552553115298,2.278563179552192,-8.071038976001413,2.7691610906742508,-3.3671616461765135,-4.308388932682174,280.30007513924056
496,3,5.774290292619151,-3.9691056229625343,1.816004447652112,-15.55062446051613,2.2785633132407197,-8.071217749241628,2.7691610430132103,-3.3671615502311596,-4.308387969302726,280.30007916839827
496,4,5.77429030015025,-3.9691053292995773,1.8160042305127067,-15.54901482850121,2.278563370259132,-8.071283921652814,2.769161207953896,-3.367161882505442,-4.308387682185816,280.3000777124
496,5,5.774290303592801,-3.9691059947426335,1.8160043986785825,-15.551113123434213,2.278562892582486,-8.071056025634656,2.769161127980252,-3.3671617822155944,-4.308389031411536,280.3000763159821
496,6,5.774290301657054,-3.969107553018864,1.8160043823426513,-15.548356107225693,2.2785633213554983,-8.0712034684677,2.769161121388954,-3.3671618742574947,-4.308388290531659,280.3000738847564
496,7,5.774290280587285,-3.9691040770381143,1.8160045458234266,-15.5492412014731,2.2785630709509253,-8.07115274284828,2.7691610736165297,-3.3671619513473394,-4.308389079052361,280.3000730832465
496,8,5.7742902941610375,-3.969103511788537,1.8160043898421818,-15.551066988844529,2.2785629735060184,-8.07129535573537,2.7691612272062662,-3.3671616644059834,-4.308389295138913,280.30007895891845
496,9,5.774290284780939,-3.9691023231333697,1.8160043515794408,-15.550482319776346,2.2785626164886605,-8.071024415791932,2.769161129737455,-3.367162233314837,-4.308390052209497,280.30008267554166
496,10,5.77429028345134,-3.969103692678781,1.8160043309325729,-15.551916516298633,2.278562854206733,-8.071108543378145,2.7691611699801193,-3.367161844332538,-4.3083887994190695,280.3000780191934
496,11,5.774290281250736,-3.9691060410188403,1.8160042468628508,-15.551930208455643,2.2785629856090313,-8.071203435760559,2.7691611979323034,-3.367161608559222,-4.308388465682085,280.30007853402714
496,12,5.774290286829218,-3.969104190994608,1.8160044576865515,-15.551280782060864,2.278563194772272,-8.071127654883034,2.7691612058958075,-3.367161957089431,-4.3083892275478775,280.3000779945543
496,13,5.774290301447924,-3.9691048202916104,1.8160045773981837,-15.552210675619142,2.2785629789282202,-8.071151293686569,2.769161046309374,-3.3671617320247393,-4.308389425323446,280.30007531257183
496,14,5.77429029563268,-3.969103561037689,1.8160044733891858,-15.54999135467051,2.2785631814761635,-8.07125492765221,2.7691611952211397,-3.3671619171633114,-4.308388218003398,280.30007446633886
496,15,5.774290300963055,-3.969106300995783,1.8160043396009178,-15.549381141811677,2.278563056581283,-8.071184103391614,2.7691611792036754,-3.3671619352784092,-4.308388651451004,280.30007586109997
496,16,5.774290279782115,-3.9691076265183316,1.8160045451571696,-15.549286303100999,2.2785632332431955,-8.071324970849863,2.769161123298505,-3.367161612933363,-4.308388033109152,280.3000769532045
496,17,5.7742902799388,-3.969103085459734,1.8160044804240485,-15.55146493437213,2.278562912781791,-8.071008451494729,2.769161017901916,-3.3671620579804022,-4.308390154270824,280.30008133704416
496,18,5.774290310253616,-3.9691077266691335,1.816004425462326,-15.550091783161305,2.2785631022002044,-8.071150139206296,2.7691611396845106,-3.3671618896128885,-4.30838773874391,280.3000710620745
496,19,5.774290277953022,-3.9691032200494587,1.816004418358397,-15.553135926823643,2.2785627237080384,-8.071045963880323,2.7691610351754354,-3.3671617834437346,-4.308390027138244,280.3000859879773
496,20,5.774290286122387,-3.9691036182840183,1.8160046556373541,-15.55044317837927,2.2785635485486466,-8.071253517961344,2.7691611627214363,-3.3671615854352788,-4.308386938186456,280.3000830354579
496,21,5.774290292755832,-3.9691063577275356,1.8160046815031372,-15.549242100542493,2.2785633954372417,-8.071166064623249,2.7691611765105413,-3.367162024772017,-4.308387491034411,280.3000822728497
496,22,5.774290283595328,-3.969104067851385,1.8160042304990893,-15.552329225143605,2.2785627661397325,-8.071192305766623,2.769161198237879,-3.367161775914546,-4.308388636764048,280.30008227863203
496,23,5.774290301448254,-3.9691058493991966,1.8160042297731835,-15.550643110408863,2.2785632719163122,-8.071160521751448,2.769161217103725,-3.3671616342253476,-4.3083877797417305,280.3000799174607
496,24,5.774290277519919,-3.9691022076576137,1.8160044501246027,-15.552628113688526,2.2785628628758525,-8.071195238208116,2.7691611142626855,-3.3671618307100597,-4.308389760391708,280.3000762008428
496,25,5.774290296177479,-3.9691052959412327,1.8160044151749506,-15.549823693037373,2.2785631643184425,-8.071367587908524,2.76916120995377,-3.3671616068684815,-4.308388502875765,280.300075438834
496,26,5.774290300198701,-3.969105354590451,1.8160043504434602,-15.55137456268685,2.27856336973662,-8.071067332559888,2.76916109932552,-3.3671616427968973,-4.308386939072674,280.3000821448686
496,27,5.774290283622266,-3.9691081247831814,1.816004241836074,-15.551060310023974,2.278563116743068,-8.071227289787878,2.769161179021754,-3.3671616840120095,-4.308388459540742,280.30007392014704
496,28,5.774290273623249,-3.9691030681345914,1.8160046732851984,-15.552015943720843,2.278563099615423,-8.071003485279006,2.7691610555999353,-3.367162113412817,-4.308388280953284,280.3000762262634
496,29,5.774290279632839,-3.9691031635422336,1.816004216568831,-15.551624806770647,2.278562864528118,-8.071211292107192,2.7691611512366645,-3.3671617858283893,-4.3083896785568045,280.30008344625253
497,0,5.7742903113595725,-3.969107141031324,1.8160044639908477,-15.550960631616531,2.278563349226877,-8.071161111625358,2.769161097048004,-3.3671616639454545,-4.30838775406844,280.30008139461324
497,1,5.7742902939193,-3.969107293147663,1.8160045343443163,-15.551228318525467,2.278563178544072,-8.070973448014518,2.769161166506061,-3.367161825285631,-4.308388276395253,280.30007100307523
497,2,5.774290281724978,-3.9691046457205568,1.8160042715207945,-15.552363478365718,2.2785628351842586,-8.07108965431115,2.7691611563729293,-3.367161741686602,-4.30838892468399,280.300082832919
497,3,5.774290308281718,-3.96910475980463,1.8160044201740055,-15.54971214580851,2.2785631450852644,-8.071141754204314,2.769160988527376,-3.367161899974783,-4.308388012589088,280.300076638646
497,4,5.774290303457403,-3.9691040602035224,1.8160046148158209,-15.550871659088276,2.2785633057284227,-8.071093851299189,2.7691612654598625,-3.3671618689570346,-4.308387840953732,280.3000821864203
497,5,5.774290294823102,-3.9691055305400105,1.8160045136351617,-15.55022845443695,2.2785630607480813,-8.07130724052642,2.769161168580454,-3.3671618168606696,-4.308390211988553,280.3000721920886
497,6,5.7742902862352485,-3.9691035111307578,1.8160045405655152,-15.550079030408062,2.278563218803291,-8.071216100660555,2.7691611772746842,-3.3671620634682924,-4.308389697401064,280.30007811565406
497,7,5.774290291258822,-3.969105744100232,1.8160044521283036,-15.549595256061778,2.278563174311711,-8.071100345949649,2.769161106738882,-3.36716199669307,-4.308388841955107,280.30007006332255
497,8,5.774290300874152,-3.9691055470321457,1.816004486465242,-15.54928113264863,2.2785631449154438,-8.071082916687379,2.769161076695878,-3.3671620072279698,-4.308388349919804,280.30007337765824
497,9,5.774290296070552,-3.9691051741162884,1.8160044226128016,-15.55092096607637,2.2785629606486606,-8.071006517159908,2.769161140714365,-3.3671622068311486,-4.308388814129282,280.3000779847522
497,10,5.774290282782897,-3.96910880309536,1.8160043541708664,-15.553419902670875,2.278562962618939,-8.07095462676465,2.769160993353093,-3.367161679663358,-4.3083890683663695,280.30008163064076
497,11,5.774290299244312,-3.969108990772824,1.8160043988232415,-15.55027601600312,2.278562827121062,-8.071076222511254,2.7691611479382945,-3.3671618869122293,-4.308388498766407,280.30007450952706
497,12,5.77429027595934,-3.9691049563451317,1.8160042733369361,-15.548285572013269,2.27856335699036,-8.071199656651093,2.769161016020601,-3.3671617843810973,-4.308387493734716,280.3000853720456
497,13,5.774290292903259,-3.9691058387247278,1.8160044620982043,-15.550468537260523,2.2785628998023335,-8.071168089603782,2.769161112535527,-3.3671618163583505,-4.3083883880775495,280.30007438391914
497,14,5.77429028362721,-3.969106713610463,1.8160044985625734,-15.551863024346032,2.2785633513861487,-8.071068315291061,2.7691610929691506,-3.36716174627602,-4.308388621681852,280.30007543182217
497,15,5.774290284274254,-3.9691076811922885,1.8160044727231541,-15.55162619461979,2.2785632402968274,-8.071176967397585,2.7691611696546787,-3.3671615942018747,-4.308388353795554,280.3000788511473
497,16,5.774290299226297,-3.969105999666822,1.8160042105329692,-15.550536326555378,2.278563248393086,-8.071126326893625,2.7691611583885276,-3.3671618711282556,-4.30838882552574,280.300078676084
497,17,5.774290291068332,-3.969108174836768,1.8160043412154527,-15.551641746558762,2.2785632555826267,-8.071232481117042,2.769161192088194,-3.3671616407798113,-4.3083889397514605,280.3000776513349
497,18,5.7742903124797405,-3.969107865662445,1.8160045614429865,-15.549422552090055,2.2785631032665457,-8.070951356887402,2.769161085739045,-3.3671620822846133,-4.3083874037482195,280.3000747416834
497,19,5.77429029146928,-3.9691060232770266,1.8160044952067451,-15.549767350280042,2.278563236126988,-8.071256635155951,2.7691611623299077,-3.367161872601814,-4.308388739328889,280.3000789092262
497,20,5.774290286329892,-3.9691046214939796,1.8160042240211336,-15.549243637248184,2.27856279007878,-8.071141933364336,2.769161092144271,-3.367161990557792,-4.308388749840613,280.30008826561766
497,21,5.77429028620778,-3.9691082792241184,1.8160042581347637,-15.551830832229367,2.278562850289753,-8.071099519189106,2.7691611559203166,-3.3671617461806838,-4.308389634499752,280.3000796094514
497,22,5.774290295284665,-3.9691033472393826,1.8160047961521835,-15.55017748702265,2.2785631404420306,-8.07119744751101,2.769161043660507,-3.3671618582481657,-4.308389646018263,280.3000807264351
497,23,5.77429031081884,-3.969106713035427,1.8160044736639585,-15.550582503200975,2.278562996023453,-8.071239904323637,2.769161159961541,-3.3671616822882733,-4.308389020189581,280.3000790348801
497,24,5.77429028856861,-3.969104281376741,1.8160043953557166,-15.550896874530533,2.278563265281897,-8.07125576395769,2.7691610615430093,-3.3671617640477423,-4.308389774822382,280.3000796162548
497,25,5.774290316387889,-3.969107901816748,1.8160045253206847,-15.551307638601479,2.2785629709146433,-8.071095635899567,2.769161124138004,-3.3671618526605194,-4.308387338589499,280.30007450122173
497,26,5.774290296423436,-3.969105620120587,1.8160046564428889,-15.549490117647405,2.278563216144237,-8.071113908580239,2.769161099927075,-3.367161895659346,-4.308388464717925,280.3000810933588
497,27,5.774290288673009,-3.9691052011062777,1.8160045547975627,-15.551569615332566,2.278563381203922,-8.071187800818794,2.7691611943906604,-3.367161640339189,-4.308387614205621,280.3000793575959
497,28,5.774290286604756,-3.969106748963661,1.8160042364079172,-15.548475119239418,2.2785631554587225,-8.071181328445476,2.7691611631954944,-3.3671620772579085,-4.308388202549904,280.3000742328671
497,29,5.774290282200943,-3.9691059323495503,1.816004571767536,-15.55014823374026,2.2785629527652644,-8.071199149322588,2.7691611342294897,-3.367161769295526,-4.308387992701697,280.3000741122405
498,0,5.774290310455519,-3.969105963481607,1.816004585280387,-15.549234812498199,2.27856328469537,-8.071104845063932,2.7691610641472226,-3.3671620442076557,-4.308388833022486,280.3000801270449
498,1,5.7742902941899,-3.9691048599055665,1.81600456133877,-15.55182000734584,2.2785635711304377,-8.071403968724246,2.769161127784586,-3.367161392160035,-4.308388843036009,280.30007880243477
498,2,5.77429031076256,-3.9691082556223307,1.8160045009635437,-15.549003561791888,2.2785633170544544,-8.071320248542339,2.7691611284701216,-3.367161798837134,-4.308387760739461,280.30007577465733
498,3,5.774290280520718,-3.969105251239183,1.816004680028961,-15.550126787366844,2.2785630311768146,-8.07115145085273,2.769161192609163,-3.3671618833450605,-4.30838924329883,280.3000772672094
498,4,5.7742903023305905,-3.9691029405013616,1.816004558522521,-15.550588620899786,2.2785632355312697,-8.071193382396451,2.769161120520101,-3.3671618587134398,-4.30838899965386,280.3000736897949
498,5,5.774290298110507,-3.969105745522042,1.816004487307543,-15.550943561346438,2.2785631103621657,-8.071039291061377,2.7691611529010873,-3.3671618006687942,-4.3083880367630405,280.30007164325684
498,6,5.774290299553513,-3.969106343694666,1.816004286501675,-15.55091902102662,2.27856326899519,-8.071283328919922,2.769161208224054,-3.367161544427979,-4.308388024913198,280.30007800922726
498,7,5.774290316986159,-3.9691080026442105,1.8160044874816055,-15.551238670207535,2.2785632259667534,-8.07123394919475,2.7691611558953486,-3.367161668681858,-4.308387951442711,280.3000780652749
498,8,5.7742902973760755,-3.969111138978863,1.8160042671008396,-15.549475762636762,2.2785631484660933,-8.071168620617527,2.7691610678868135,-3.367161674669303,-4.3083876434576425,280.30008057140776
498,9,5.774290297166032,-3.9691073723711803,1.816004710307163,-15.551315060675444,2.278562737922209,-8.070859619177336,2.7691611099054128,-3.36716205648091,-4.30838933106388,280.30007978737274
498,10,5.774290291412148,-3.969105352506493,1.816004532829495,-15.551734028779887,2.2785629232673177,-8.071211170711493,2.769161174548731,-3.367161734409794,-4.308390184028757,280.3000733763369
498,11,5.774290287848608,-3.969104810303922,1.8160045896868318,-15.549273905449214,2.278562963260895,-8.07096267362767,2.769161093422546,-3.367162001735341,-4.308387944505357,280.30007835190753
498,12,5.774290289476176,-3.969105078585734,1.8160045665435707,-15.551556909160306,2.278562913516372,-8.071121884696439,2.7691610465842973,-3.367161778506581,-4.308389341353557,280.30007768025814
498,13,5.774290310698212,-3.9691082560547812,1.8160045357835257,-15.551260359736723,2.278563073929168,-8.071237787023524,2.7691610475722936,-3.3671616457054676,-4.308387711681776,280.30007187143417
498,14,5.774290277185113,-3.969100433650319,1.8160043859311297,-15.549179965360636,2.2785631890951623,-8.071181203146638,2.7691611104341787,-3.3671619256112324,-4.308388268023036,280.3000703218213
498,15,5.774290309421587,-3.9691058197211415,1.8160044898229757,-15.550009204773264,2.278563064745421,-8.071203577846966,2.769161110608742,-3.3671618274135655,-4.308388932139829,280.30007107731075
498,16,5.774290292037996,-3.969104657155305,1.8160045753261471,-15.549282975101502,2.2785629780877965,-8.071141979698044,2.769161076729664,-3.3671619265579307,-4.308388882752247,280.3000790629604
498,17,5.774290297349519,-3.9691097071133092,1.8160044321124071,-15.552431769812449,2.278562850256795,-8.071081183758858,2.7691611938342637,-3.3671615063847278,-4.308388338470196,280.30007728070655
498,18,5.774290291676197,-3.9691055070265113,1.8160044309944534,-15.550334548467236,2.278563134551535,-8.071179762192788,2.769161123755011,-3.3671618705301967,-4.308388192198258,280.3000711307197
498,19,5.7742902922211155,-3.9691061334993343,1.8160044027217974,-15.550091653700107,2.2785632912152485,-8.071024152191097,2.7691611681886084,-3.3671620510906792,-4.308388157968814,280.3000805070169
498,20,5.774290290697165,-3.9691064905624223,1.8160044856314106,-15.549993088625909,2.2785632316689646,-8.070727666301543,2.7691609999433386,-3.3671625074881915,-4.30838740499245,280.3000803461331
498,21,5.774290311649398,-3.969105361166369,1.8160047856778851,-15.548893695637256,2.278563350862541,-8.0713297182073,2.7691611070769246,-3.367161590335427,-4.308388080491884,280.3000779910426
498,22,5.774290291529426,-3.969104520678772,1.8160045489813523,-15.549426818533833,2.278563224135849,-8.071071853816854,2.769161025244967,-3.3671617494766135,-4.30838792654035,280.30007970245185
498,23,5.774290286694027,-3.969108794714069,1.8160045734624763,-15.551597652744586,2.2785631784839597,-8.070993454712031,2.7691610882519595,-3.367161709942785,-4.308388656341196,280.3000791061004
498,24,5.774290299540354,-3.969103149530924,1.8160043487982003,-15.547998670991943,2.2785632375835854,-8.071161790479271,2.7691611003241126,-3.3671621484188368,-4.308388786660314,280.3000802016835
498,25,5.774290289495574,-3.969104913035628,1.8160042865212438,-15.549931721687845,2.278562826809479,-8.071166746499017,2.769161132831203,-3.367161939586506,-4.308389183150999,280.30008521529487
498,26,5.774290299759059,-3.9691062292655728,1.8160046142413357,-15.550251026731711,2.2785631795250647,-8.071199762719306,2.7691610405938247,-3.367161773754216,-4.308388152384385,280.3000812769273
498,27,5.7742902972715155,-3.96910459506488,1.8160046318895948,-15.550595724292803,2.278562938043736,-8.070935223880907,2.7691609944794893,-3.367162048203567,-4.308389492676988,280.30008651785386
498,28,5.774290289079494,-3.9691079442598873,1.8160044466306433,-15.548827181610337,2.2785629788709048,-8.071258293775148,2.769161127611221,-3.3671618526995717,-4.308390637539536,280.3000779920189
498,29,5.77429027845392,-3.9691049425449405,1.816004541387187,-15.550023686843423,2.2785627438204576,-8.071063103270653,2.769161167980933,-3.3671621463742327,-4.3083899150097436,280.3000818168064
499,0,5.774290294491204,-3.9691074310595,1.8160045320459568,-15.55183672046956,2.278563137635197,-8.071061479013919,2.769161088691629,-3.367161627829768,-4.308388348172475,280.300076190832
499,1,5.774290313297454,-3.969103601099916,1.8160044914489342,-15.548599503804812,2.278563459895193,-8.071342847196082,2.7691610728484335,-3.3671618716333613,-4.308388103597289,280.3000787460701
499,2,5.774290319312294,-3.969106222682714,1.8160045316929014,-15.55068050463247,2.278563149603124,-8.071234718059866,2.7691610339914723,-3.3671615828784858,-4.308387868300234,280.30007797751983
499,3,5.774290294165588,-3.969109258108257,1.8160045133486369,-15.552144994359956,2.2785630482556414,-8.07102033307403,2.7691610549454424,-3.3671616628062084,-4.3083878782252345,280.3000769460715
499,4,5.774290309872358,-3.9691053283222804,1.8160043331469176,-15.548323357741252,2.278563243291187,-8.071303163244622,2.76916113170341,-3.367161900407064,-4.308387631493368,280.3000754185349
499,5,5.774290294550747,-3.969104827292318,1.8160045166742094,-15.551495067518744,2.2785630690868772,-8.07125431729245,2.7691611040721527,-3.367161740216211,-4.308388894758968,280.3000730585353
499,6,5.77429031175766,-3.969106936066972,1.8160045457997909,-15.549373222855134,2.2785630368821757,-8.071174469779605,2.7691611079071605,-3.3671619309398673,-4.308388817349269,280.30007305444474
499,7,5.774290296233862,-3.9691049185178393,1.8160044095528016,-15.547597028625235,2.278563411458596,-8.071335206962557,2.769161286089267,-3.3671618770312657,-4.308389150755672,280.3000831397159
499,8,5.774290298684365,-3.969107253660875,1.8160046861442452,-15.550189603695797,2.2785630575224136,-8.071135304671971,2.7691611613591887,-3.367161900587847,-4.308388394161259,280.3000757635893
499,9,5.774290299625935,-3.9691051889941362,1.8160045952221915,-15.549855430679742,2.278563191073116,-8.071223104929562,2.76916111590797,-3.3671620273375766,-4.30838939024233,280.30007520979166
499,10,5.774290300316209,-3.9691032119442107,1.8160043695260408,-15.5508368799613,2.2785631282512235,-8.071226032788692,2.7691611113794137,-3.36716179030421,-4.308388948503739,280.3000707681383
499,11,5.7742902869146855,-3.969105164493043,1.8160046757344823,-15.55006833833939,2.278563154116037,-8.071044444695323,2.7691610506814115,-3.367162007381165,-4.308388913473179,280.3000796340862
499,12,5.7742902956742785,-3.969102859277665,1.8160044208107822,-15.549953186232596,2.2785631296423197,-8.071333972736067,2.7691611798595277,-3.367161876782579,-4.308388420058546,280.3000750790425
499,13,5.774290293633754,-3.969107530680159,1.8160045683240411,-15.551525422316248,2.2785630847443876,-8.071015134626402,2.7691611019291735,-3.367161732041136,-4.308388550621693,280.300071063294
499,14,5.774290294581374,-3.969103380277827,1.8160042433334036,-15.549466714677239,2.2785632291235713,-8.071271725781799,2.7691612757598554,-3.3671620865258918,-4.308388365692436,280.3000782494247
499,15,5.774290283814698,-3.9691024712251304,1.8160046207879323,-15.550309022338913,2.27856287023748,-8.071216241123619,2.769161117235046,-3.3671620599731775,-4.308389567316262,280.3000800269091
499,16,5.7742903163298935,-3.969104059373077,1.8160043910837769,-15.550395672335085,2.278563121678978,-8.071197600234708,2.769161030622959,-3.3671618131027454,-4.308388752840996,280.3000777063941
499,17,5.774290294352545,-3.969107428396778,1.8160045377840066,-15.551573094709333,2.278563316737799,-8.071272467369207,2.7691612167794837,-3.3671615789243665,-4.308388994559462,280.30007905417773
499,18,5.774290304856495,-3.969107598339282,1.8160045280051424,-15.550184688394708,2.2785630257581704,-8.071075617231234,2.769161131156569,-3.367161807038926,-4.30838843803484,280.3000713283984
499,19,5.7742903176045735,-3.969106936936993,1.816004353124895,-15.551546156227726,2.278562904635103,-8.071202673623285,2.769161103207505,-3.3671617100593387,-4.308388706541113,280.3000789447229
499,20,5.77429030666859,-3.969105156773191,1.8160044873879586,-15.550843234635787,2.2785630644608994,-8.071289490407983,2.7691611342331566,-3.367161688308374,-4.308389001863717,280.30007281448945
499,21,5.7742902881018585,-3.969100970838444,1.8160045015130928,-15.54936364320942,2.2785629505433156,-8.071208289476337,2.7691610715920154,-3.3671619728013544,-4.308387468288639,280.30007557900433
499,22,5.774290287979523,-3.969103485202186,1.8160043647244815,-15.550537744567198,2.27856323804671,-8.071207162319535,2.769161189303402,-3.3671618573025484,-4.308388372162994,280.3000798042564
499,23,5.774290281474134,-3.9691051026754254,1.8160042132343346,-15.552014440597361,2.2785634736763494,-8.071232500676768,2.7691611489990278,-3.367161619682212,-4.308387276589909,280.3000807397864
499,24,5.774290291591348,-3.9691062854071526,1.8160044206169492,-15.550082292344314,2.2785629639559106,-8.071089317855026,2.769161089967761,-3.3671618678025657,-4.308387721437882,280.30007922886716
499,25,5.77429027765314,-3.9691046544267925,1.8160043916002735,-15.54985534700625,2.2785632001429805,-8.071235051388351,2.769161209160762,-3.367161758351536,-4.308388451108066,280.30007902833813
499,26,5.774290304762823,-3.969106485169414,1.8160046465860198,-15.550368129409483,2.2785630701788078,-8.071182964760023,2.7691611451625446,-3.367161814580257,-4.308388285916356,280.3000742512485
499,27,5.774290282313936,-3.9691038987076084,1.8160047032223516,-15.550187640678795,2.278563154359089,-8.071089687542152,2.769161118383958,-3.3671619364109953,-4.3083883016758735,280.3000738487926
499,28,5.774290296934264,-3.969101890077733,1.8160044061413583,-15.5486201986679,2.2785629377034233,-8.071319152733324,2.769161123465937,-3.367162022651385,-4.308389947482576,280.3000772004776
499,29,5.774290265348976,-3.9691041615988754,1.8160045567086227,-15.551782001253438,2.2785627689124675,-8.071048634944617,2.769161136898578,-3.3671617617458907,-4.308388489801449,280.3000797651153
500,0,5.774290292554518,-3.969101666267426,1.8160046205279758,-15.551085270088874,2.278562893596205,-8.071184349967549,2.7691611794733455,-3.367161948407225,-4.308389909423269,280.3000808330647
500,1,5.77429030672993,-3.969105647709349,1.8160045548250023,-15.550883772076354,2.27856305109693,-8.07114536622121,2.769161111657068,-3.3671616879489332,-4.30838789464397,280.3000729875417
500,2,5.774290305938741,-3.969105147277862,1.8160045097456365,-15.551313186633008,2.278563054222704,-8.071182922070468,2.769161066246759,-3.3671616991835003,-4.3083891221190616,280.3000729717932
500,3,5.774290277343286,-3.9691029385943293,1.8160045335399713,-15.551607862924252,2.278562907191549,-8.071167266186203,2.7691611159706855,-3.3671618582668352,-4.308389479919632,280.30007595058186
500,4,5.774290308698833,-3.9691042599549244,1.8160045567461123,-15.54940506624781,2.2785631607947168,-8.071349256489311,2.769161141445711,-3.3671616929650936,-4.3083889840887775,280.3000726916822
500,5,5.77429030411095,-3.969105665751028,1.8160045342036417,-15.550152807893086,2.2785633623734025,-8.071305377584297,2.769161115188145,-3.3671616270225777,-4.308388761642835,280.30007877703616
500,6,5.7742902920857935,-3.9691038509993777,1.8160044406913316,-15.549539960314945,2.2785633924504833,-8.071247966565313,2.769161109919185,-3.367161848885555,-4.308387927065426,280.3000742904428
500,7,5.774290309979299,-3.9691056375837164,1.816004507257512,-15.550500454687896,2.278563087574535,-8.071149628871826,2.769161098570522,-3.3671618172102846,-4.308388966166017,280.3000697732266
500,8,5.7742903021872305,-3.96910539137522,1.8160045542850438,-15.550094443884573,2.2785630452208294,-8.071147816267018,2.7691611234678932,-3.367161804094873,-4.3083890183183815,280.30007271131814
500,9,5.774290282868029,-3.969102900293136,1.8160043739844038,-15.550036458238816,2.2785632164725707,-8.071146123209475,2.7691611514707652,-3.367162036079529,-4.308388593893529,280.3000724411818
500,10,5.774290287417841,-3.969103363323138,1.8160045269845422,-15.55107947596244,2.278563020042135,-8.071065416051582,2.769161110467929,-3.36716197500335,-4.308388269287425,280.30007476986486
500,11,5.774290301774883,-3.9691049356231485,1.8160045165401408,-15.550026179179126,2.2785629825239657,-8.071273740801614,2.7691611134483405,-3.3671618399362915,-4.30838870971683,280.30007841168583
500,12,5.774290305816565,-3.969105217395377,1.8160046082024488,-15.551848746132857,2.278563117800073,-8.071128625289953,2.7691610098160817,-3.36716183161488,-4.308389128961088,280.3000813228764
500,13,5.774290295377377,-3.9691081402119086,1.8160044991740456,-15.551458187328855,2.278563201707411,-8.071112962848106,2.7691611110799155,-3.3671615657127316,-4.308388105440112,280.30007771274006
500,14,5.774290289924613,-3.9691055389433254,1.8160044516745106,-15.551548392825111,2.278562892567564,-8.071130018483718,2.7691610857726814,-3.3671617344822,-4.308388455855256,280.3000764030675
500,15,5.774290313615813,-3.9691068341353586,1.8160045365392197,-15.550739109860256,2.2785630675532205,-8.071236596735604,2.769161077720907,-3.3671616556254014,-4.308389332172368,280.30007315192074
500,16,5.774290297470847,-3.9691030517819574,1.816004510639501,-15.55078319919384,2.278563204951396,-8.071134163667585,2.769161160459475,-3.367161911578512,-4.308389888016781,280.3000753558241
500,17,5.774290302116844,-3.9691064885635896,1.8160044575293937,-15.551903770388224,2.2785630336891183,-8.07114504556152,2.769161081513786,-3.3671617963030807,-4.30838877737024,280.3000707244212
500,18,5.774290304690764,-3.969105271814462,1.8160046237751117,-15.551344828822394,2.2785629234720464,-8.07103155096395,2.769161135590542,-3.3671619870383,-4.308388640909164,280.30007725700057
500,19,5.774290292542897,-3.9691067635939903,1.8160044158699047,-15.55071778881754,2.278563076925164,-8.071113200669652,2.769161139144647,-3.3671617643886815,-4.308389561281052,280.3000705936311
500,20,5.774290287558482,-3.969103128266576,1.8160044680377943,-15.549652969681032,2.278563110767053,-8.071282269898102,2.769161125828724,-3.3671618015334657,-4.308389596891207,280.300072626642
500,21,5.774290284979135,-3.969103513571801,1.81600448378485,-15.550997384563518,2.2785631179425363,-8.071103383057297,2.769161192356185,-3.3671619112616384,-4.30838897451699,280.3000765253752
500,22,5.7742902921548245,-3.9691061297904433,1.816004458003727,-15.549921998164384,2.2785634252864884,-8.071172049694743,2.769161139273981,-3.3671615734954803,-4.308388258691542,280.30007707422493
500,23,5.77429030030184,-3.9691025760090746,1.8160044859026574,-15.548939053299174,2.2785632391087645,-8.071253261744356,2.769161099933293,-3.3671618378913677,-4.308387829259275,280.30007817165057
500,24,5.774290313360434,-3.9691059355584852,1.816004370821789,-15.550498525928878,2.278563106087226,-8.071269286074786,2.769161160893222,-3.3671616830798863,-4.308389256752094,280.30007740327494
500,25,5.774290301304943,-3.9691051971982754,1.8160044846241854,-15.549645358543167,2.278562980098893,-8.071315373487938,2.769161068070009,-3.367161819990241,-4.30838885677138,280.30007752958966
500,26,5.774290305737528,-3.9691068986378193,1.816004577026687,-15.550321815730882,2.278562991401201,-8.07110853110552,2.769161085269397,-3.367161757755424,-4.30838821948654,280.30007694780414
500,27,5.774290292858504,-3.96910661833011,1.8160043887242228,-15.550104076389504,2.278563011911374,-8.071105157447859,2.769161118188188,-3.3671617485232495,-4.308388393825005,280.30006863945533
500,28,5.774290306357957,-3.969105414932961,1.8160046259978078,-15.550494329495168,2.278563202557828,-8.07120620035068,2.7691610879152146,-3.367161908265716,-4.308389034647109,280.30008135491795
500,29,5.77429028956488,-3.9691054373916543,1.8160045293501705,-15.55219801900688,2.278563035792018,-8.0711254045168,2.7691611409723595,-3.3671618961068472,-4.308389070481142,280.30007326605505
501,0,5.774290294008405,-3.9691037042370456,1.8160046684420346,-15.551744187256617,2.278563097196321,-8.071087340967631,2.7691611121639004,-3.3671617909654397,-4.308388992907761,280.3000749935168
501,1,5.774290294073302,-3.9691045608260156,1.8160044805296984,-15.551237153146849,2.2785630518390403,-8.071165478836658,2.7691611411461285,-3.3671618366461877,-4.3083891782029955,280.30007135478195
501,2,5.77429028595777,-3.9691048838669927,1.816004389067562,-15.550202072711654,2.2785629359220674,-8.071056182101962,2.7691610839658622,-3.3671619159859394,-4.308389307677592,280.30007882242063
501,3,5.7742903028418135,-3.9691087518741104,1.816004470375512,-15.551688796848302,2.2785631042522323,-8.071191279024406,2.769161146457436,-3.3671615646110005,-4.308389105790208,280.30007695965867
501,4,5.774290309693805,-3.9691072908127154,1.816004491002367,-15.55164749001935,2.278563100254661,-8.071290709394528,2.769161181269799,-3.3671616287096864,-4.30838986384824,280.3000760831801
501,5,5.774290292438377,-3.969104697190129,1.8160043641820705,-15.549338614401888,2.2785631231678374,-8.07115592028717,2.76916104705468,-3.3671619004902635,-4.308388750266633,280.3000757400151
501,6,5.774290293201649,-3.9691054972470043,1.8160045875710034,-15.551753083269956,2.2785630424279404,-8.071120592609306,2.7691610475724375,-3.3671617224090884,-4.308388133209047,280.30007361289034
501,7,5.774290288977613,-3.9691032255529675,1.8160045110535399,-15.55039197149712,2.2785630572569655,-8.071016707074843,2.769161046300264,-3.3671620490618372,-4.3083886402874105,280.3000740886681
501,8,5.774290310522751,-3.969104322915411,1.8160045642276958,-15.549596767381566,2.278563122289016,-8.07120201625542,2.7691610914774047,-3.3671618507409056,-4.308389370252429,280.30007864104255
501,9,5.774290298657703,-3.969104567741277,1.8160045780702436,-15.551628862027075,2.278562947529337,-8.071041530839626,2.7691610807317546,-3.3671617579586823,-4.308389072043605,280.3000768764029
501,10,5.7742903072401415,-3.9691061117965014,1.816004234707577,-15.550491868309093,2.2785632763508485,-8.071385142324006,2.7691611072374385,-3.367161578952092,-4.308388632689997,280.30007669527276
501,11,5.7742902983935505,-3.969104226759759,1.8160044443455812,-15.549160830852713,2.278563314345533,-8.07137560405822,2.769161131986942,-3.367161670833151,-4.308388528319334,280.30007465549113
501,12,5.77429028922071,-3.9691048776605595,1.8160043613753387,-15.552063580631648,2.278563027456843,-8.071177363810374,2.7691610833992084,-3.3671615478255603,-4.308389179547744,280.3000721774978
501,13,5.774290294652332,-3.9691010254985253,1.8160046506416239,-15.550612747475704,2.2785630401106243,-8.071240165965657,2.769161153112013,-3.3671617211472986,-4.3083888827818555,280.3000744030546
501,14,5.774290308621412,-3.9691084346854,1.8160044965696391,-15.55161076753054,2.2785631022037376,-8.071260583943939,2.7691610687354955,-3.367161629514121,-4.308388938383724,280.30007484716145
501,15,5.774290305641753,-3.96910420536151,1.8160045077738833,-15.549384918807855,2.2785630523104445,-8.071170845213425,2.7691611246062635,-3.3671619474703953,-4.308388790896898,280.30007236022885
501,16,5.774290291259696,-3.969102557637278,1.8160044081811484,-15.550615004054261,2.2785630573587414,-8.071192687169672,2.7691611039142874,-3.3671618495184994,-4.308388414104015,280.30006967464357
501,17,5.774290302007571,-3.969108098144542,1.8160041563369216,-15.55035702493227,2.2785630939278683,-8.071211379706915,2.7691612284926226,-3.3671616227137395,-4.308389620784141,280.3000762837493
501,18,5.774290290066796,-3.969103029411865,1.8160044811471736,-15.55057322592718,2.2785631531171067,-8.071110096354126,2.7691611234449973,-3.3671618162731063,-4.308388387953973,280.3000704738974
501,19,5.774290289873272,-3.9691042426522225,1.8160044227293815,-15.550008456150442,2.2785631223304605,-8.071180290964664,2.769161123919872,-3.3671619026875135,-4.308388757927035,280.30007040954325
501,20,5.774290302270274,-3.9691062883106745,1.8160044806746607,-15.550226321344297,2.2785630709854323,-8.0712269404342,2.7691611623926855,-3.367161731397022,-4.308388958276068,280.3000765680838
501,21,5.7742903137225206,-3.9691064371598124,1.8160045936061566,-15.551532358738456,2.278562921298167,-8.07101524634456,2.7691610974498433,-3.367161866096839,-4.30838866580616,280.30008027062877
501,22,5.774290300084992,-3.9691051544440947,1.8160044527772814,-15.54945600639503,2.278563052782668,-8.071142379929025,2.7691610922614216,-3.367161928428158,-4.308388830624834,280.30007093717796
501,23,5.7742903017360945,-3.9691071607751027,1.816004544866471,-15.5506139168738,2.2785629631893456,-8.071229670918061,2.769161065198227,-3.367161739543609,-4.308388773762756,280.300075371983
501,24,5.774290305227669,-3.9691063415861705,1.816004516838677,-15.552054029175087,2.278563074459877,-8.071165901731872,2.7691610951503693,-3.36716167860938,-4.308388748735784,280.30007135066427
501,25,5.774290290013537,-3.9691051933767634,1.816004554294978,-15.55088790336953,2.2785630685029377,-8.07104513033778,2.7691610814158665,-3.367161869856357,-4.308388797695928,280.30007245704223
501,26,5.7742903051577485,-3.969106157360877,1.8160043430518142,-15.551437480320631,2.278563151786638,-8.071326335510799,2.769161109549327,-3.3671615072823666,-4.308389839869666,280.3000762776751
501,27,5.774290286843937,-3.96910627572996,1.8160042873422453,-15.55159553938333,2.2785630447692764,-8.071117684455064,2.7691611263160465,-3.367161710971867,-4.3083892149331335,280.3000748719181
501,28,5.774290300429541,-3.9691051234735446,1.8160043439917992,-15.549784634402961,2.278563075766785,-8.071166508028721,2.769161177580457,-3.3671620729296636,-4.308388891765433,280.30007681650716
501,29,5.774290289621355,-3.9691056404106337,1.8160046181035676,-15.550557948606867,2.278563062937401,-8.07120868190305,2.769161126267863,-3.3671617430592615,-4.308388515166668,280.3000743287905
502,0,5.774290314026488,-3.9691038585408682,1.816004543696754,-15.549777525183957,2.278563199488756,-8.07117288095842,2.7691611037516966,-3.367161656398599,-4.308388791770956,280.30007566228954
502,1,5.774290296236747,-3.9691062586233468,1.816004494938967,-15.551616302536317,2.2785631158310315,-8.071062426146174,2.769161105350827,-3.3671617865575127,-4.3083882076929685,280.30007067719686
502,2,5.774290287373813,-3.9691042418385094,1.8160042773113991,-15.550555701766065,2.278563066867788,-8.071223115801308,2.769161149392552,-3.3671618059100155,-4.3083892975917815,280.30007484606375
502,3,5.774290294336498,-3.969105705231023,1.8160045166668926,-15.550191957109393,2.2785631605638423,-8.071167344600457,2.769161073735875,-3.3671617647921264,-4.308388635938544,280.3000759330026
502,4,5.774290283019347,-3.9691041622112335,1.8160043973924613,-15.550993787468663,2.278562975757388,-8.071070282954802,2.7691610986375434,-3.3671618522445246,-4.308388644946032,280.3000787919176
502,5,5.774290296023424,-3.9691053966612304,1.816004495811445,-15.550234549321287,2.278562931457285,-8.071152910520357,2.769161112606134,-3.3671617621628958,-4.308388680165466,280.3000774399096
502,6,5.774290282462496,-3.9691033021342257,1.8160044459244296,-15.551085799937859,2.27856310358991,-8.071126118567635,2.7691611013590816,-3.3671618991973786,-4.308388464979247,280.3000683021642
502,7,5.774290297996287,-3.969104475338781,1.8160044986663848,-15.550506662765402,2.278563106623414,-8.071106039322727,2.769161099291404,-3.367161844546281,-4.308387772209997,280.300074540818
502,8,5.774290291996638,-3.969105664082995,1.8160045158876792,-15.549050422347806,2.2785632177351007,-8.071192661618458,2.7691611501188547,-3.3671617875480333,-4.308387962565726,280.3000744353349
502,9,5.774290290310353,-3.969099846555624,1.8160045078588984,-15.550569014775911,2.2785630526362253,-8.071262455678703,2.7691611047418667,-3.3671616547687733,-4.308388647190184,280.30007140072496
502,10,5.774290298618664,-3.9691047541062097,1.81600447097587,-15.55004315866605,2.278563003115556,-8.07103555017768,2.7691611429005847,-3.3671619912814403,-4.3083879667114555,280.3000718110077
502,11,5.774290277237999,-3.9691009628837124,1.8160045728238468,-15.549943301303603,2.2785632194994156,-8.071101977787531,2.7691610779882874,-3.367161908527835,-4.308387935650119,280.3000803170701
502,12,5.774290304551078,-3.969106654051043,1.8160045613009412,-15.549386686261677,2.2785630356364126,-8.071163262423266,2.7691610829217095,-3.367161839276466,-4.308388487248486,280.3000705545196
502,13,5.774290290042292,-3.9691049667129485,1.816004339798436,-15.55019797206206,2.27856308654506,-8.071138567695824,2.769161054590955,-3.3671618654807896,-4.308387761278843,280.3000728661913
502,14,5.774290286506097,-3.969104803042507,1.8160043443554184,-15.550678308968823,2.2785629708854818,-8.071106843205262,2.7691610950322283,-3.367161779876953,-4.308387685302285,280.30008399669407
502,15,5.774290308827292,-3.969107321892333,1.8160043265930172,-15.551095740644739,2.27856315706054,-8.071131185098904,2.7691610968858558,-3.3671617406366807,-4.308388306419322,280.30007544018326
502,16,5.774290292884715,-3.9691028554337864,1.8160044927756394,-15.553267233424515,2.278563123894246,-8.071153437865956,2.7691610943832745,-3.367161519137088,-4.3083876512741455,280.3000768353362
502,17,5.774290299664045,-3.9691021689808603,1.8160044361679393,-15.55006560342196,2.278563158074881,-8.071328899327444,2.7691611911296574,-3.367161837688463,-4.308388745623911,280.30007613811773
502,18,5.774290276934143,-3.9691029756685623,1.8160044882598407,-15.550927542890848,2.2785630534583743,-8.071042188247658,2.769161111922321,-3.367161961991397,-4.308388029038495,280.3000715139327
502,19,5.774290287975503,-3.969101130892162,1.8160045902787674,-15.550150387323304,2.2785632197940053,-8.071123709183878,2.76916105092465,-3.36716192284038,-4.308388370237596,280.30008010445863
502,20,5.774290294559928,-3.9691036543612928,1.8160045362923432,-15.549676982801582,2.278563179160448,-8.071240687569583,2.769161093832808,-3.367161837552633,-4.308388910856178,280.30007607278003
502,21,5.774290304885638,-3.9691041883058165,1.8160045274610186,-15.549191525651391,2.27856311231734,-8.071322165866007,2.7691611004698307,-3.3671617664412667,-4.30838948341713,280.30007770397236
502,22,5.774290296599038,-3.969104311063184,1.8160044874818522,-15.551129201051484,2.278563142201855,-8.071152799509436,2.7691610576631973,-3.367161782539135,-4.308388112792821,280.3000742297927
502,23,5.774290292667877,-3.9691069462281154,1.816004469729414,-15.551738364098183,2.278563036283955,-8.071146653913551,2.7691611239136673,-3.367161723104738,-4.308388898096283,280.3000709574802
502,24,5.774290305881156,-3.9691036385975305,1.816004485088368,-15.551710163731078,2.2785630778069645,-8.07118110082797,2.7691610638151976,-3.3671616531438784,-4.308388915222493,280.3000703720156
502,25,5.774290302609572,-3.969104474086541,1.816004534841582,-15.550840964820098,2.278563056093407,-8.071118086431659,2.7691611384840504,-3.3671618081680936,-4.308389067644072,280.30007212296306
502,26,5.7742902934766915,-3.969103738409385,1.8160043717265546,-15.55099712254687,2.2785631357739784,-8.071226429163827,2.769161166383318,-3.367161879701182,-4.308388350054356,280.30007560139836
502,27,5.774290319741337,-3.9691083369986733,1.8160045023012832,-15.550997946472698,2.2785630177911926,-8.071186631973589,2.7691610872052896,-3.367161641374853,-4.308389204072785,280.3000720188258
502,28,5.77429029126385,-3.969103152971868,1.816004517019287,-15.54989487600803,2.278563325516334,-8.071218669673014,2.7691610840585357,-3.367161907604117,-4.308388809719282,280.30007942749603
502,29,5.77429029837621,-3.969103030973883,1.8160044224934133,-15.550022978533514,2.2785630907801244,-8.071147335420985,2.7691611190102368,-3.3671618796137115,-4.3083881374023845,280.3000702402602
503,0,5.774290298241531,-3.9691048033090675,1.8160044650214113,-15.550604027727955,2.2785630775223207,-8.07117480008881,2.7691611178045576,-3.3671618562073586,-4.3083888994835915,280.3000702351454
503,1,5.774290301127672,-3.9691033888312948,1.8160044676584006,-15.550002069306574,2.278563055529237,-8.071112753754166,2.7691610997415856,-3.36716189309414,-4.308387485925397,280.30007081941187
503,2,5.774290279859665,-3.969102199984159,1.8160043610729166,-15.550176035147151,2.278563024059174,-8.071172681251248,2.7691610561842532,-3.3671619249725664,-4.308388351488642,280.30007095872855
503,3,5.774290289416171,-3.969101718122296,1.816004585404976,-15.551830393865597,2.2785630925998666,-8.071193215703774,2.769161107317556,-3.367161716239553,-4.308388893359281,280.30007471191004
503,4,5.774290295037989,-3.9691030864480163,1.816004428449728,-15.550654512983744,2.2785631554682895,-8.071185022315115,2.769161166163672,-3.367161858675494,-4.308388469812346,280.30007463585036
503,5,5.774290311735411,-3.969105842090688,1.8160044616732176,-15.551757058473372,2.2785629886279017,-8.07114327665061,2.7691611305717014,-3.3671616854680604,-4.308388492002499,280.30007717615257
503,6,5.774290302091739,-3.969105061441392,1.8160045701641003,-15.549755278379656,2.278563090904598,-8.0711827461127,2.7691610618151294,-3.3671618080749623,-4.3083879418071165,280.30007034646235
503,7,5.774290285368704,-3.9691039978063656,1.816004404209697,-15.550646057989834,2.278562933154069,-8.071068663833458,2.769161079250139,-3.36716189763385,-4.308389005724119,280.3000799458131
503,8,5.774290308404814,-3.9691043303405014,1.8160044011350798,-15.551466723337489,2.2785629841222192,-8.07125465585265,2.7691610913067426,-3.3671616565148383,-4.308389141953552,280.3000757830288
503,9,5.774290297779658,-3.969103171301719,1.8160045242670175,-15.551021464991228,2.278563005274959,-8.071260820800903,2.7691610906330175,-3.3671616786578293,-4.3083883816897774,280.300073015737
503,10,5.77429032151978,-3.969106905753535,1.8160045350752785,-15.551081835722854,2.2785630189851793,-8.071187100851233,2.769161113599059,-3.367161590093343,-4.308388486282106,280.300071820466
503,11,5.774290300011892,-3.9691023255622224,1.8160044547184864,-15.550685543820817,2.278563180134042,-8.071150611910612,2.7691610938078655,-3.3671617989441667,-4.30838864730484,280.3000726178389
503,12,5.774290287520198,-3.9691031996007555,1.8160046090598732,-15.551360929070427,2.2785630085162967,-8.07108982336828,2.769161015740698,-3.3671617919559678,-4.308389239142148,280.30008035107807
503,13,5.7742902924705755,-3.969107299910573,1.8160044562842341,-15.551392834884838,2.2785630824323286,-8.070876833279234,2.7691611487060173,-3.3671620269470015,-4.308389096511287,280.30007111541573
503,14,5.774290291831567,-3.969102008074594,1.816004434887213,-15.55176607479172,2.2785629751507095,-8.071132728282809,2.7691610633277755,-3.3671619682979195,-4.308388638146122,280.3000784973993
503,15,5.774290298114721,-3.9691041327110703,1.8160044497324643,-15.550563671244507,2.278563130821739,-8.071218670565395,2.769161132906861,-3.3671618021470953,-4.308389043560294,280.3000721651521
503,16,5.774290297521997,-3.9691039930211627,1.816004464430415,-15.551433382238065,2.2785630109439565,-8.071150348710018,2.7691610606178996,-3.3671618118036917,-4.3083884719221945,280.30006946905644
503,17,5.7742903019601375,-3.969104049082214,1.8160044949607896,-15.551568802944143,2.27856304569462,-8.07113211348846,2.769161080445723,-3.367161752528445,-4.308387904819361,280.3000696462081
503,18,5.774290303790804,-3.969105947144012,1.8160044392429482,-15.551529594737723,2.2785630520063496,-8.071299296182685,2.769161061566016,-3.3671616835622866,-4.30838943228138,280.3000729065408
503,19,5.774290286385327,-3.969106219194526,1.8160044092088297,-15.551695731129225,2.2785631054185616,-8.071057775320028,2.7691610899998196,-3.3671617521464863,-4.308388535724784,280.30007503909815
503,20,5.77429030195331,-3.9691045071393805,1.816004514973849,-15.551342763653768,2.278563068869035,-8.07122412706593,2.7691610298729232,-3.3671616635854527,-4.308387841294879,280.3000795949005
503,21,5.774290292601165,-3.9691033577908703,1.816004449900677,-15.551350090872452,2.278563171435002,-8.0710186156067,2.769161055532182,-3.3671618701084607,-4.308387757431418,280.3000753272885
503,22,5.774290277965081,-3.969103201435965,1.816004417842902,-15.551471677264143,2.278563071563831,-8.07111211405826,2.7691610826283752,-3.367161760152695,-4.308388575476035,280.30006951196765
503,23,5.77429029271226,-3.9691057292894336,1.816004528236042,-15.551108439446873,2.2785631794299506,-8.07105169533667,2.769161082064645,-3.367161810276144,-4.308387663340401,280.3000750108718
503,24,5.774290295561738,-3.969105267989503,1.8160044575714647,-15.549906905496336,2.2785630697756214,-8.071105303793479,2.7691610936970124,-3.367161961420732,-4.308389184245569,280.3000701282376
503,25,5.774290293656467,-3.9691054970512334,1.8160043790455629,-15.549626808353468,2.2785631959599963,-8.071109917054178,2.769161197633198,-3.3671620621529033,-4.3083878587228135,280.30007645414076
503,26,5.774290302355322,-3.969102938205416,1.8160043763094758,-15.55094995251347,2.278562908685904,-8.071103617198684,2.7691611187988414,-3.367161925968302,-4.30838899125666,280.30007770742395
503,27,5.774290299592934,-3.9691035704053226,1.8160044436861364,-15.550101198845782,2.278563215666958,-8.071271415336785,2.769161113653308,-3.367161633195353,-4.308387991008964,280.30007609257206
503,28,5.774290307424898,-3.969104610556675,1.8160043875518757,-15.550798801432064,2.278563003969267,-8.071142224926549,2.769161133434975,-3.3671617977334787,-4.308388427210254,280.30006954561577
503,29,5.774290292079415,-3.969105458521831,1.8160045222667114,-15.551452172864911,2.2785632066921755,-8.071139117735072,2.7691611323796916,-3.3671617013769017,-4.308388177571235,280.30007499425824
504,0,5.774290292771633,-3.9691074200653387,1.8160043438815785,-15.550701161863124,2.278563026306369,-8.071060608438824,2.7691611206375084,-3.3671618903426483,-4.308388403433265,280.30007307776305
504,1,5.774290283540641,-3.9691023249973427,1.8160044305953271,-15.551007627148483,2.2785630741857497,-8.071197494641293,2.7691611290431988,-3.3671617593675536,-4.308388674046374,280.3000696905761
504,2,5.774290276981714,-3.969103524043023,1.8160043821931695,-15.550644926464313,2.278563099587611,-8.071067030593207,2.7691610895823153,-3.3671619760269,-4.308388463703818,280.3000699795756
504,3,5.774290285900486,-3.969104032264165,1.8160044816420664,-15.551128053788183,2.278563044568476,-8.071074708495718,2.7691611223516452,-3.3671618892782695,-4.308387705732886,280.30006988595505
504,4,5.7742903002317165,-3.969104392805773,1.8160045083444523,-15.550580208157553,2.2785630250498454,-8.071098506938823,2.7691610945100678,-3.367161897075552,-4.308388373618522,280.3000719135092
504,5,5.774290290431855,-3.9691050863819353,1.816004415883039,-15.55103357699214,2.2785630338319383,-8.071061668792531,2.769161103593028,-3.367161917857405,-4.308388650321471,280.30006979816625
504,6,5.7742902905112174,-3.969105173938523,1.8160044980616648,-15.550415901633256,2.278563077449511,-8.071239522953572,2.7691610950086933,-3.3671617551799162,-4.308388464813786,280.30007018188195
504,7,5.7742902915804235,-3.9691037983008166,1.8160044597659222,-15.551010807641982,2.2785630457803547,-8.07113671859501,2.7691610764879377,-3.367161809745611,-4.308388212255992,280.30006988837886
504,8,5.774290297028513,-3.969105444246954,1.8160044993079396,-15.55071052960227,2.2785630137842747,-8.07100765815097,2.769161134255855,-3.367161945149852,-4.308387907497948,280.3000707334328
504,9,5.774290295798464,-3.9691049234468214,1.8160045743587294,-15.551010841503741,2.2785629229496736,-8.071155919376347,2.769161044436392,-3.3671617229645414,-4.3083887802544965,280.30007586620513
504,10,5.774290293703022,-3.9691045122188933,1.8160045583812,-15.550659871325779,2.278563070444385,-8.071068227126963,2.769161083146416,-3.3671619950273652,-4.308388811258777,280.300071155264
504,11,5.774290301389271,-3.9691036605445595,1.8160043755214936,-15.550801328600492,2.278563113387878,-8.071126175086857,2.769161088879011,-3.367161800056161,-4.308388315794377,280.3000726030916
504,12,5.774290291315644,-3.969100291836838,1.8160044673623057,-15.551440044125334,2.2785630057025825,-8.071198204416255,2.769161095529415,-3.367161860287377,-4.3083884585739955,280.30006812212133
504,13,5.774290290063729,-3.9691021880242854,1.816004326162673,-15.550533696296649,2.2785631089673792,-8.071125373611734,2.7691611077783884,-3.3671619932180574,-4.308388815726442,280.30007120653374
504,14,5.774290288330139,-3.9691032005880675,1.8160045108142158,-15.55020857115859,2.2785630989481502,-8.071135552825204,2.769161054855254,-3.367161848974948,-4.308388590710409,280.3000715018156
504,15,5.774290279938278,-3.9691032504144426,1.8160044533945041,-15.550407797787393,2.2785631871088308,-8.071026567346847,2.7691610458421296,-3.3671619185089425,-4.30838745623636,280.3000732570903
504,16,5.7742903001515336,-3.9691051577150693,1.8160045868749002,-15.55140500555192,2.2785630608407557,-8.071054281535012,2.769161037307383,-3.367161827903668,-4.3083877595520015,280.3000819816296
504,17,5.774290293140798,-3.969104144078231,1.8160046402710301,-15.550827422727005,2.2785630422663226,-8.071155791012435,2.7691610957595683,-3.3671617440009864,-4.308388657528025,280.30007293932476
504,18,5.774290290215477,-3.9691032451748502,1.8160043869768008,-15.550243509756843,2.278563164286906,-8.071067536188503,2.7691611269641543,-3.367162002088174,-4.308388181389859,280.3000696795627
504,19,5.774290301100416,-3.969104779838774,1.8160044011340042,-15.551593673339841,2.2785630284760465,-8.071172081373115,2.7691610602076153,-3.367161644331536,-4.308387663420042,280.30007184699696
504,20,5.774290293477089,-3.9691026990789475,1.8160044797268668,-15.551395381931862,2.278563017173168,-8.071230112747442,2.7691610719531576,-3.367161771257458,-4.308389351222574,280.3000709281013
504,21,5.774290303162702,-3.969106104888798,1.816004428848109,-15.550659418603415,2.27856303481834,-8.071094735859733,2.7691611204694424,-3.3671618063799507,-4.308387905512266,280.30006984330697
504,22,5.774290305877067,-3.96910557607676,1.8160044652264329,-15.55089382856946,2.27856308216944,-8.071142445381232,2.769161128954496,-3.367161886097842,-4.308389393669308,280.3000712586222
504,23,5.774290295190409,-3.9691042623830763,1.81600436349595,-15.55176587037295,2.2785630077162677,-8.071191166764946,2.769161096344783,-3.367161746267442,-4.308388944272032,280.30006904711
504,24,5.77429029246136,-3.9691024848840937,1.8160044779449251,-15.551360162137183,2.27856310328845,-8.07119616748331,2.769161154232368,-3.36716184482997,-4.3083886389023975,280.3000704473815
504,25,5.774290305062836,-3.969105287958619,1.8160044807539673,-15.551928452147552,2.2785630898842846,-8.071262149553124,2.7691610620336258,-3.367161470590403,-4.308388430991722,280.30007220186394
504,26,5.7742902923281365,-3.9691057161707604,1.816004336908911,-15.551044929846926,2.278562945611473,-8.071123391847367,2.7691610778869116,-3.3671618930970615,-4.308389114190177,280.30008626053984
504,27,5.774290294661442,-3.9691024417262994,1.8160044983520252,-15.551493408414558,2.2785630296068238,-8.07119376752226,2.7691610604814825,-3.3671617338364666,-4.308388438878955,280.300068365063
504,28,5.774290304143643,-3.9691038531855045,1.8160045033129895,-15.551033676365893,2.2785630278350673,-8.071139713908341,2.7691610801785855,-3.3671617428351412,-4.308388006152797,280.30006939851046
504,29,5.774290281905403,-3.9691022123833632,1.8160044244190332,-15.550752185279144,2.278562961948062,-8.07104974294723,2.76916107629716,-3.3671618750284273,-4.308387960942291,280.30007954466265
505,0,5.774290290114951,-3.969102069458399,1.8160045378615934,-15.551413133055693,2.278563037568585,-8.071094433785476,2.769161157870245,-3.3671618785155473,-4.308388507662565,280.3000714676248
505,1,5.7742902989515414,-3.969103685545174,1.8160043487624178,-15.550859010370631,2.278563012734404,-8.071116164664364,2.769161110493532,-3.3671618364565297,-4.308387599758613,280.30007330493106
505,2,5.774290280911174,-3.9691032314864874,1.8160043923050848,-15.550574042475288,2.2785630557486822,-8.071160424407735,2.769161067895157,-3.3671619149381864,-4.308388901958592,280.3000719687704
505,3,5.774290298053329,-3.969101064353719,1.8160045858298164,-15.551397036160408,2.27856305356764,-8.071157210361715,2.769161078330714,-3.3671618210918375,-4.308388347016419,280.3000717270614
505,4,5.774290299722306,-3.9691034121098543,1.8160043803221373,-15.551121056509833,2.2785630147804508,-8.07119424766723,2.769161071684618,-3.3671617338796604,-4.30838830138825,280.3000691628039
505,5,5.774290299743047,-3.9691029620120397,1.8160045603877017,-15.55114405593446,2.2785629224411537,-8.071170838444589,2.7691610736014862,-3.367161783568402,-4.308388214778923,280.3000721324
505,6,5.774290296634256,-3.9691046963606498,1.816004430806732,-15.551405177107359,2.2785629872593547,-8.071055517618845,2.769161072695863,-3.3671618061206328,-4.308388810109642,280.3000785349245
505,7,5.774290297383137,-3.969102821087118,1.816004502564058,-15.550645570369223,2.2785630709695934,-8.071211277212825,2.7691610828781617,-3.3671617809764705,-4.308388499180006,280.30006897161337
505,8,5.774290296245626,-3.9691042861332444,1.8160044885053264,-15.55055448996103,2.2785631093218415,-8.071150108032148,2.7691610976447256,-3.3671618448170566,-4.308388531048546,280.3000737032117
505,9,5.774290288252045,-3.969101478359533,1.8160044116294554,-15.551259523481983,2.278563023364498,-8.071167407903962,2.7691610903054045,-3.3671618696841397,-4.308388071210432,280.3000698248145
505,10,5.774290299232266,-3.969102169195479,1.8160044194810065,-15.549952949759133,2.2785630300583475,-8.071187017048771,2.7691611191954357,-3.367161856895534,-4.308388160622298,280.30006981531477
505,11,5.774290287900404,-3.9691029918467704,1.8160044859633622,-15.551141435317021,2.278563054111513,-8.071156031932961,2.769161101092091,-3.3671619122496184,-4.308388247602497,280.3000705965966
505,12,5.77429029226768,-3.9691026194514216,1.8160044475968604,-15.551228361675644,2.2785631548506617,-8.071125120496484,2.7691610773507005,-3.3671616982818966,-4.308388283316404,280.3000747888154
505,13,5.774290299813161,-3.969103797447454,1.8160044417459738,-15.550055192057478,2.2785631016468613,-8.071203807870859,2.7691611556020344,-3.3671619391260252,-4.3083878553163775,280.30006934355663
505,14,5.7742902948508075,-3.9691032644365873,1.8160044629800387,-15.551754121811921,2.2785630193740767,-8.071195205677887,2.7691611144051174,-3.367161571975446,-4.308388453708606,280.3000700853313
505,15,5.774290295233223,-3.9691066949537706,1.8160044422676336,-15.551577251993956,2.2785631541551474,-8.071028399646522,2.7691611201465602,-3.3671618024672845,-4.308389065281982,280.3000733982997
505,16,5.774290303375873,-3.969103038275098,1.8160044927132502,-15.55051486910252,2.278563013848883,-8.071250950521444,2.769161120450289,-3.3671618181942877,-4.308388717271689,280.30007087425133
505,17,5.774290296551025,-3.9691043655370284,1.816004598607954,-15.54974547971269,2.2785631088306775,-8.07115024921335,2.769161130430723,-3.3671618301308754,-4.308388591263421,280.3000740074276
505,18,5.774290294121971,-3.9691029144367347,1.816004523242842,-15.551356623678384,2.2785629037282815,-8.071116081809972,2.7691610816854944,-3.367161817764022,-4.308388391926212,280.3000764333777
505,19,5.774290301392854,-3.969106412414422,1.8160045756296224,-15.55145773917348,2.2785629903346822,-8.071064697107005,2.7691610718685307,-3.367161675367843,-4.308388322180276,280.30007730078677
505,20,5.774290294197166,-3.969103441852752,1.8160043900491563,-15.551148582993306,2.2785630241552295,-8.071102766363948,2.769161042036865,-3.3671619623717493,-4.308388180800319,280.30007019086685
505,21,5.774290282481888,-3.96910168530837,1.8160043931220775,-15.551233038285623,2.2785630433122726,-8.071254107397449,2.7691611127272875,-3.367161783547998,-4.308389304430103,280.3000712079615
505,22,5.7742902999353385,-3.9691046785632746,1.816004409440551,-15.551207052414751,2.2785629228435034,-8.071153986610138,2.7691610893108067,-3.367161819687877,-4.308388675092394,280.3000774946431
505,23,5.774290289895829,-3.969104794462615,1.8160043400131745,-15.552271450831226,2.27856300487148,-8.071183070552873,2.769161081030395,-3.367161763058887,-4.308389440429764,280.30007465396085
505,24,5.774290311700763,-3.9691023956643137,1.8160044644787812,-15.550513337360993,2.2785629925925925,-8.071260537185836,2.7691610715705695,-3.367161694608905,-4.308387972633144,280.3000753140017
505,25,5.774290298582346,-3.969103106124671,1.8160044253977399,-15.551245088547104,2.2785630819190685,-8.07118007606574,2.7691610937564373,-3.36716193288389,-4.308388799395281,280.3000704772978
505,26,5.7742902893800885,-3.9691025201559835,1.8160043832891508,-15.550080022491972,2.2785630766842235,-8.071131328105654,2.769161152163919,-3.3671620000046056,-4.308388390688301,280.30006895935026
505,27,5.774290292076056,-3.9691026737877557,1.8160045158614535,-15.551520268262308,2.2785629679379724,-8.071162308167676,2.769161079057134,-3.367161893280809,-4.308388793744679,280.30007429523346
505,28,5.77429029797374,-3.969104549280096,1.8160044649706328,-15.551945964376882,2.2785630386995037,-8.071038479257327,2.769161035239749,-3.367161835423847,-4.308387474541758,280.3000780566142
505,29,5.774290277528877,-3.969101045394635,1.8160044511719469,-15.551551792268613,2.2785629924580006,-8.071060593680011,2.7691611378925844,-3.367161920471769,-4.3083884434693065,280.3000761076339
506,0,5.7742903045696785,-3.9691025362067878,1.8160045269105425,-15.550503348767682,2.278563160567329,-8.071265930127504,2.769161121915153,-3.3671618017543725,-4.308388818550071,280.30007218345156
506,1,5.774290296469144,-3.969102831301397,1.8160044168840903,-15.549306587942363,2.278563115349384,-8.071281895670861,2.7691611384687547,-3.3671618617492887,-4.308388542553672,280.3000692031377
506,2,5.774290293316161,-3.9691040596383593,1.8160043441552403,-15.54967025821429,2.2785630939905834,-8.071218889910398,2.7691611084755885,-3.3671619062753844,-4.308388433437973,280.3000746222762
506,3,5.774290293602986,-3.969101693691856,1.8160044297974975,-15.550429042506305,2.2785630863353563,-8.071187076415772,2.769161110324892,-3.367161954015474,-4.308388657233971,280.3000696036565
506,4,5.774290298663869,-3.9691034711708375,1.8160045250344088,-15.551800468078985,2.2785630275098008,-8.071189959747594,2.769161113695143,-3.367161808106069,-4.3083892262880665,280.3000723693355
506,5,5.774290295381238,-3.9691003466233687,1.8160044085725786,-15.551420162036925,2.2785630899916964,-8.071171865092206,2.769161104244013,-3.367161800815387,-4.308388148370183,280.3000680931832
506,6,5.774290298115703,-3.969104606559459,1.8160044139891744,-15.550209170668378,2.27856309382049,-8.071187082141469,2.769161101846787,-3.3671618643740233,-4.308388249645897,280.3000705769671
506,7,5.774290278660498,-3.969101482966777,1.8160043405861768,-15.55188900476285,2.278563009178314,-8.071192075962026,2.7691610650189156,-3.3671616910571815,-4.308388116255516,280.300074306319
506,8,5.774290289104616,-3.969100235979817,1.8160044350124394,-15.551722892956786,2.278563092141745,-8.071071586749273,2.769161100454366,-3.3671619675479434,-4.308387779880194,280.3000705411556
506,9,5.774290288256702,-3.9690999811724677,1.816004523504454,-15.55073521975714,2.2785629823254383,-8.07113384506013,2.7691611454944547,-3.367161983525566,-4.3083884995908575,280.30007320342037
506,10,5.774290301966189,-3.9691050231642104,1.816004399299632,-15.549060704913497,2.278563045240721,-8.071182514549804,2.769161158527773,-3.3671619161402857,-4.308388585387749,280.3000696999768
506,11,5.774290294278594,-3.9691050669381815,1.8160043130535013,-15.551752585803536,2.2785630726848005,-8.071177169111325,2.769161085884891,-3.36716177165556,-4.308387404555145,280.300073824601
506,12,5.774290292222543,-3.969101299409885,1.8160044289872725,-15.55059865289389,2.278563100644591,-8.071095171999662,2.7691610541668448,-3.367162042714721,-4.308388323099623,280.3000725285116
506,13,5.774290280298922,-3.9690986745783414,1.8160044035137606,-15.55101352114545,2.2785631618275985,-8.071242762682948,2.769161057656692,-3.36716180958335,-4.308389068392705,280.3000820028062
506,14,5.774290308075098,-3.9691029082551776,1.816004409391054,-15.550856287652103,2.278563051793965,-8.0711290486391,2.769161120693977,-3.367161942054667,-4.308387622326054,280.3000702444533
506,15,5.774290300479415,-3.969103136207783,1.816004475228047,-15.550902528839877,2.2785630752259944,-8.071164910165173,2.769161170575795,-3.3671618316504035,-4.308387678178371,280.30007506441257
506,16,5.774290292619383,-3.969104550056637,1.8160043577542209,-15.550690414162503,2.278563085544171,-8.071068350842829,2.7691611624268875,-3.367161906176356,-4.308388139027525,280.3000747356117
506,17,5.7742902843062485,-3.969101766091301,1.8160044106215525,-15.551611154963384,2.2785630191851047,-8.071053285507912,2.7691611052076857,-3.3671620058955063,-4.308388451903092,280.3000687184476
506,18,5.774290304128119,-3.969103092880982,1.8160044999870597,-15.550178164205823,2.278563082983179,-8.071310279339851,2.7691610880960282,-3.367161791510224,-4.308388452579076,280.3000699415579
506,19,5.774290298531426,-3.969103155171846,1.816004463512947,-15.550810220043962,2.278563051341652,-8.07122053555047,2.7691610865392438,-3.3671618265919134,-4.308387771525306,280.30007011962874
506,20,5.774290301375237,-3.9691044780999962,1.8160043504869952,-15.550848514686189,2.2785630514432995,-8.071205522835768,2.7691611232905986,-3.3671618320738443,-4.308388233694611,280.3000740062059
506,21,5.774290290156734,-3.969103754707181,1.8160044981780237,-15.55022843943035,2.278563091915181,-8.071165627678791,2.769161094140897,-3.367161827994611,-4.308388644217104,280.3000701443065
506,22,5.7742902928760875,-3.9690996492032733,1.816004408806846,-15.551236364891096,2.2785630170780076,-8.071204188795553,2.769161072752575,-3.3671619611537684,-4.3083880674914905,280.3000698799376
506,23,5.774290292026493,-3.9691023136916193,1.8160044761355318,-15.550417740508552,2.2785631471491623,-8.071227041721906,2.7691611291171685,-3.3671618073037926,-4.30838883993476,280.3000719191151
506,24,5.774290286261112,-3.9691020826871646,1.816004437848339,-15.54998971444345,2.278563126609828,-8.071204200682498,2.7691611420517943,-3.3671620187742537,-4.308388195167715,280.30006978204744
506,25,5.7742903004934725,-3.969104711640301,1.8160044328465308,-15.550226337540924,2.278563056404614,-8.071107687444494,2.769161156573092,-3.3671619958571144,-4.308388898921293,280.30007035664113
506,26,5.774290306567995,-3.969102857766805,1.8160044187502042,-15.551593498637805,2.278562906741264,-8.071266053683775,2.7691611174191886,-3.367161726032721,-4.308389053532694,280.300076316561
506,27,5.774290293866404,-3.969102859668926,1.8160045254965145,-15.550640569081411,2.278563024825408,-8.07113849829965,2.7691611038911144,-3.3671619442076284,-4.308388182119511,280.3000717581962
506,28,5.774290293977295,-3.9691021968327336,1.8160043907998102,-15.551387712808355,2.2785630670282586,-8.071172549052829,2.769161071837763,-3.3671618453841368,-4.3083879057554295,280.3000698947039
506,29,5.7742903071091884,-3.9691043974826727,1.8160043799448338,-15.550128096323988,2.2785630426222347,-8.07112640383169,2.7691611264723037,-3.3671617916503918,-4.308387996597321,280.3000704566253
507,0,5.774290284641162,-3.969101611491791,1.816004347431926,-15.550802930577245,2.2785631434873,-8.071202614811032,2.7691610818175874,-3.367161925703626,-4.308388409935579,280.30007710039104
507,1,5.774290293375154,-3.969103438872332,1.8160044252309353,-15.549438033020062,2.2785631651340195,-8.071228942797907,2.7691611285458677,-3.367161967616878,-4.308388444224574,280.30006819166465
507,2,5.774290292960832,-3.9691039766934373,1.8160043409674154,-15.550646282017205,2.278563173468674,-8.071223241229669,2.769161141776553,-3.3671616893295653,-4.308388359380686,280.30007633232447
507,3,5.774290284815726,-3.969101742715725,1.8160043009725069,-15.551154766199724,2.2785630521031504,-8.071179423180858,2.7691611214195735,-3.367161909074392,-4.308388015395135,280.3000738692025
507,4,5.774290291413073,-3.969099165884128,1.816004453496096,-15.552019381003232,2.27856293290025,-8.07112082223989,2.76916103866698,-3.367161779622753,-4.308387415027878,280.30008463275334
507,5,5.7742903058539135,-3.969104597677677,1.8160043864672306,-15.549990465072343,2.278563105440794,-8.071268548351423,2.7691611629254953,-3.3671617684994257,-4.308388541554,280.30007387365265
507,6,5.774290282475621,-3.9690999609113415,1.8160044211056812,-15.550546077732838,2.27856307899799,-8.07126135007299,2.7691611169688644,-3.3671619285026915,-4.308388110021971,280.30006933120353
507,7,5.774290290568734,-3.9691012843461877,1.8160044129422839,-15.550834918553054,2.278563111538039,-8.07115267599016,2.7691611163174636,-3.367161940142804,-4.308388286467431,280.3000707089068
507,8,5.774290288918239,-3.9691004446088276,1.816004207852644,-15.550751082792695,2.2785630417707954,-8.071189797182155,2.7691611402238383,-3.3671619302232974,-4.308388473693184,280.30007273847013
507,9,5.774290289312403,-3.9691013907228694,1.8160043942797148,-15.550930234010174,2.278563136734237,-8.071161116237425,2.769161103229343,-3.367161879126722,-4.308388030861792,280.30007065785554
507,10,5.774290293506031,-3.9691022827349705,1.8160045044704645,-15.551098058267275,2.2785630389426976,-8.07118712748811,2.7691610987656237,-3.3671619130613517,-4.308388630352676,280.30006995544545
507,11,5.774290296565085,-3.96910366424589,1.8160044192940799,-15.54930655862976,2.2785631313364294,-8.071113894293287,2.769161132289349,-3.3671620399767184,-4.308388623336659,280.3000688604948
507,12,5.77429028369294,-3.9690998094952885,1.8160044363513905,-15.550780700369895,2.2785632009355683,-8.071222255808468,2.769161096525289,-3.367161958651751,-4.308388599602076,280.3000772520373
507,13,5.774290297802458,-3.969102462140459,1.816004435668676,-15.551324199937545,2.2785630933936796,-8.071223723987941,2.769161112603857,-3.367161704548708,-4.3083885256887315,280.3000708934089
507,14,5.774290297869904,-3.9691024015829797,1.8160045369830904,-15.551357065534615,2.278563061023634,-8.07117107805028,2.769161094112385,-3.367161866477953,-4.3083882090993075,280.300069947845
507,15,5.7742902981501425,-3.969103791407265,1.816004487417198,-15.551210322103055,2.2785630350404937,-8.071096606897589,2.7691610697351776,-3.367161847048869,-4.3083881631493846,280.3000713410013
507,16,5.774290298769659,-3.969104390740666,1.816004430810733,-15.549840562486224,2.2785630834243613,-8.071200353174111,2.7691611227482245,-3.3671618457556316,-4.308388927345066,280.3000712261022
507,17,5.774290291967043,-3.9691010161608316,1.8160044345169537,-15.55148599890079,2.2785630637029115,-8.071218808425769,2.7691610771019053,-3.367161746384125,-4.3083883736829796,280.30007018887704
507,18,5.774290298842561,-3.969105852154455,1.81600442302271,-15.55104042306709,2.27856302711993,-8.071151575003958,2.769161106954368,-3.3671618516158888,-4.308388619859734,280.30006907130235
507,19,5.77429027958394,-3.969100334009959,1.816004440462465,-15.55140638080787,2.278562956899103,-8.071186840539822,2.769161081281281,-3.367161789473373,-4.308388467163728,280.3000753228882
507,20,5.774290296111481,-3.969103999924055,1.8160043892875446,-15.550506059385915,2.2785630384800006,-8.071187529215178,2.7691611145681057,-3.3671617828625924,-4.3083882852577515,280.3000698837613
507,21,5.774290292296588,-3.9691015090372703,1.8160044488019123,-15.54995195014166,2.278563072769525,-8.071096415195903,2.7691611120537067,-3.3671620872170736,-4.308387992369514,280.30006980560745
507,22,5.774290295768515,-3.969101370409861,1.816004432392001,-15.550615322183704,2.2785630620882475,-8.071293070815873,2.769161109450618,-3.367161846664799,-4.308388991053293,280.3000706269755
507,23,5.77429029293343,-3.9691043545805633,1.8160044082529683,-15.550406865713455,2.278563034450558,-8.071158168116558,2.7691611449839413,-3.36716187200363,-4.308389032308067,280.30007082153224
507,24,5.774290299528629,-3.96910182654927,1.8160043746208994,-15.550076621512137,2.278563100496986,-8.071151363854005,2.769161112962719,-3.367161952114693,-4.308387900659509,280.3000689314929
507,25,5.774290286248857,-3.969103879297757,1.8160045316022002,-15.550313525528571,2.278563109700418,-8.071282133371495,2.7691611200999073,-3.3671618013540665,-4.308388881961289,280.3000740725897
507,26,5.774290293292491,-3.9690999960493927,1.8160043531667323,-15.550253896969377,2.2785630215226638,-8.071168433299615,2.769161140286683,-3.367162064961549,-4.308388404680529,280.30006845888437
507,27,5.774290288696222,-3.969099234345148,1.8160044285565922,-15.549883223866065,2.2785629930828666,-8.071257651335872,2.7691610614989486,-3.367161992557455,-4.308388119845167,280.3000803604662
507,28,5.774290287602991,-3.9691038900250515,1.816004514409045,-15.55086396853922,2.278563101715598,-8.071157681506515,2.7691610728586893,-3.367161817534793,-4.3083885380356115,280.300077730161
507,29,5.774290295115762,-3.9691009619420634,1.816004438376475,-15.551017058183074,2.2785629684823094,-8.071104649670685,2.7691610502854056,-3.3671619792536784,-4.308388149297669,280.30007895865594
508,0,5.774290292753399,-3.969098760376463,1.8160043898479556,-15.550343333261852,2.2785631025910233,-8.07115422091541,2.7691611161152148,-3.367161978830833,-4.308388354872141,280.3000768618917
508,1,5.774290300094023,-3.9691043517783817,1.8160044076647595,-15.550274628637107,2.2785631187484325,-8.07115705015512,2.7691611031194374,-3.3671618477197107,-4.308388355939162,280.3000708002138
508,2,5.774290300062257,-3.969103183897191,1.8160043753609119,-15.548817115119665,2.2785630829323837,-8.071121751690029,2.769161136301938,-3.367162203087591,-4.308388466313812,280.30006772786584
508,3,5.774290288295552,-3.96909961636399,1.8160043695287642,-15.549240416261647,2.278563105529457,-8.07130799351401,2.7691611315048092,-3.3671619611537613,-4.308388609201782,280.300069514519
508,4,5.774290301978067,-3.9691025905028643,1.8160042954898759,-15.549865072607654,2.278563076162308,-8.07116330288255,2.769161168066044,-3.367161950399798,-4.308387959588884,280.30007399938063
508,5,5.774290294200967,-3.9691024488834734,1.8160043966310437,-15.550229497397988,2.2785630675138555,-8.0711763307394,2.7691611053027203,-3.3671619678681135,-4.3083883782733094,280.30006954078647
508,6,5.774290289796349,-3.969103021816473,1.8160044068933687,-15.552102469175274,2.2785630085610413,-8.071089708888952,2.7691610539524163,-3.3671618037126585,-4.308388656698841,280.30007059777654
508,7,5.774290301604109,-3.9691039099104297,1.8160043994338668,-15.550001625646445,2.2785630187008707,-8.071180226514564,2.769161182772323,-3.367162006011483,-4.30838888612109,280.30007829807687
508,8,5.774290294642361,-3.9691039454384294,1.816004475775358,-15.5524984843059,2.2785630090424873,-8.071159013000335,2.7691610870683383,-3.367161843378728,-4.308389151542663,280.3000719019283
508,9,5.774290308382496,-3.9691019909854166,1.8160043999657596,-15.550235082626664,2.2785631148954595,-8.071225896119278,2.7691610833736284,-3.367161868624504,-4.308388483262917,280.30007369665174
508,10,5.774290299484441,-3.969103602772298,1.816004527324908,-15.550893361835788,2.2785630828092627,-8.071100451110551,2.769161107822989,-3.36716178772165,-4.308388357123205,280.30007110752433
508,11,5.774290297849074,-3.969100849826967,1.8160044415173184,-15.550221935906826,2.278563064004196,-8.07124633590356,2.769161136118881,-3.367161868404696,-4.3083878480149425,280.3000692658022
508,12,5.774290294031094,-3.969101034418386,1.816004355697869,-15.551768292050866,2.278563011351396,-8.071148646690158,2.7691610509319244,-3.367161976005302,-4.308388193767214,280.30006933307277
508,13,5.774290301783228,-3.9691048362072707,1.8160044913988937,-15.550494726755561,2.278563060758263,-8.0711260334654,2.7691610804392326,-3.3671618672547106,-4.308388374660752,280.3000715275622
508,14,5.774290301851416,-3.969104165772157,1.8160045160036073,-15.550390405873143,2.278563101844697,-8.071217444054522,2.7691611157793954,-3.3671619082272817,-4.308388202092143,280.3000724543379
508,15,5.774290310541448,-3.969102714519084,1.8160043264656245,-15.549710817866151,2.2785630979966456,-8.071284247019818,2.7691611104350566,-3.367161939077378,-4.308388014174819,280.3000738176388
508,16,5.77429031052122,-3.969105156681448,1.8160044852882837,-15.5496277876243,2.278563108780445,-8.07126349519066,2.76916108009577,-3.3671618116819015,-4.308388441946827,280.3000741568679
508,17,5.77429029542422,-3.9691015227144177,1.8160044482955549,-15.552080742571519,2.2785630741595075,-8.071228366385379,2.7691610776726128,-3.3671618197990805,-4.3083886349064535,280.3000694340854
508,18,5.77429029137853,-3.9691018745285542,1.8160044142767247,-15.549893000237281,2.2785631598256977,-8.071171191356463,2.76916114754305,-3.3671619845732255,-4.308388382068577,280.3000703690825
508,19,5.77429028026667,-3.969100200291429,1.8160043585346113,-15.550076899837965,2.2785631037530645,-8.071254017480017,2.7691611303939725,-3.367162014855137,-4.3083881443742555,280.3000708330243
508,20,5.7742903015395175,-3.969101712134666,1.8160043152865744,-15.552002215439781,2.278563062536245,-8.071205376599435,2.7691611246991625,-3.3671617191074517,-4.308389068656082,280.30007498272425
508,21,5.774290290456282,-3.9691038812814483,1.8160045610968016,-15.551116609741845,2.2785630877869694,-8.071175776013572,2.7691611180354356,-3.367161831771747,-4.308389463998894,280.30007259673107
508,22,5.774290303370788,-3.9691014278711036,1.816004344799793,-15.550325810309005,2.2785630735633595,-8.07124504173553,2.7691610810060627,-3.3671618563954255,-4.308389068701635,280.30007492681034
508,23,5.774290283317894,-3.969100422085604,1.8160043260386458,-15.549560808722926,2.2785630515587343,-8.0711744303747,2.769161129158711,-3.367162063092272,-4.308387889079836,280.30007120022145
508,24,5.774290282074872,-3.969101147933279,1.8160043351809831,-15.550770152938844,2.2785630801768164,-8.071115278355167,2.7691611617589804,-3.367162080719626,-4.308388528279098,280.3000753788684
508,25,5.774290295460642,-3.969102037262954,1.816004458321165,-15.550526017929105,2.278563024099198,-8.071132098177642,2.7691611059387893,-3.367161944064627,-4.308388920198213,280.300070892704
508,26,5.774290294021965,-3.9691021909024706,1.816004470852973,-15.552510946652355,2.278563028595868,-8.07115985505526,2.769161117644847,-3.367161753950859,-4.308389057313358,280.3000708034579
508,27,5.774290293937162,-3.969100604345912,1.816004496630366,-15.54965242290357,2.2785631100369086,-8.071291534547894,2.7691611260788442,-3.3671619309510312,-4.308388434436595,280.3000700820878
508,28,5.774290301466111,-3.9691015214668752,1.8160044009074865,-15.549855459496257,2.278563110239337,-8.071246518026559,2.769161074845914,-3.3671619430399558,-4.308388309378882,280.30007289908343
508,29,5.77429029892677,-3.9691013137449613,1.816004365444596,-15.5493678787585,2.2785631069223253,-8.071106444038165,2.7691611238852594,-3.3671621350330203,-4.308387857900372,280.3000690850743
509,0,5.774290306484306,-3.969101449629305,1.816004357176638,-15.549695110564437,2.2785631249408262,-8.0712077269586,2.7691611119791624,-3.3671619083499267,-4.308388579264973,280.3000700913858
509,1,5.774290294218511,-3.9691023368466456,1.8160045558237066,-15.5505927308825,2.2785631202750007,-8.07119510065708,2.769161132578385,-3.367161901428712,-4.308388233243737,280.30007275392586
509,2,5.774290293038001,-3.969100355309306,1.8160043829717425,-15.54982787238561,2.2785630665846215,-8.07119871718122,2.7691611135257346,-3.3671620850343733,-4.308387950769869,280.3000693675607
509,3,5.774290296207577,-3.969101149738712,1.816004403977684,-15.548939493785394,2.2785631624632985,-8.071235889656604,2.7691611122319277,-3.3671620375044746,-4.3083885135929725,280.3000687169822
509,4,5.7742902927300515,-3.9691022510010647,1.8160043412501603,-15.549258087490296,2.2785630170001663,-8.071145705904597,2.769161125150015,-3.36716209976373,-4.308388957972772,280.3000729966649
509,5,5.774290306736339,-3.969103650258855,1.816004445905941,-15.549886903402712,2.278563104293871,-8.071171076293586,2.769161088100893,-3.367161952367646,-4.308387930822743,280.30007390870486
509,6,5.774290297645379,-3.9691029377444793,1.8160044545103633,-15.551076278081501,2.2785630730805093,-8.071116723187526,2.769161109419057,-3.3671618496465414,-4.3083880528830445,280.3000697954932
509,7,5.7742902966559875,-3.9691035454336077,1.8160044594985114,-15.550915404712697,2.278563005235442,-8.071049933211413,2.7691610966426032,-3.3671620332167023,-4.308388669645592,280.3000716468345
509,8,5.7742902980638595,-3.9691017904173314,1.8160043677050361,-15.549287005512117,2.2785631365601433,-8.07120409241931,2.769161100136567,-3.3671619756184676,-4.308387865567037,280.30007360878346
509,9,5.774290296355972,-3.969100601844778,1.8160043772026109,-15.550812995549215,2.2785630133881214,-8.071238660072904,2.7691610837263005,-3.367161920823366,-4.308387446889269,280.30006925643204
509,10,5.774290287649346,-3.9690994459154316,1.8160043492742353,-15.548494184956946,2.2785630708715354,-8.071259409843092,2.76916111775486,-3.367162139041362,-4.308387915346419,280.30007200739635
509,11,5.774290294878942,-3.9691034238204286,1.8160043867189644,-15.550790110777996,2.278563077303401,-8.071189524641813,2.7691611067720956,-3.3671617387201462,-4.308388486165703,280.3000696259511
509,12,5.77429029451023,-3.969105261707273,1.8160043231641558,-15.550120563122947,2.2785630434558435,-8.07115011096041,2.7691611393188666,-3.367161873812826,-4.308388417998969,280.30007290003937
509,13,5.774290291860926,-3.9691012952231857,1.8160044218038152,-15.550697629329102,2.2785630203314566,-8.071114453573674,2.76916114858471,-3.3671620393366695,-4.308387304870118,280.3000700438206
509,14,5.774290287107151,-3.9691002788165504,1.8160044626207519,-15.549815401903393,2.278563066591938,-8.071286980017193,2.7691611199700468,-3.367161915025419,-4.308388608158619,280.30006897013305
509,15,5.774290270575715,-3.9691013628217684,1.816004330453492,-15.551162531140394,2.278563103274884,-8.07112265277839,2.7691611335157704,-3.3671620245996965,-4.308388501606611,280.30007041005615
509,16,5.774290293441865,-3.969104899332082,1.8160044685392802,-15.551123740461783,2.278563143098803,-8.071038287081498,2.7691610945911482,-3.3671620340373365,-4.308388036794183,280.30007420534537
509,17,5.7742902884743295,-3.96909907543162,1.816004480080251,-15.550743347154437,2.278563173634811,-8.071207375257343,2.769161107340792,-3.3671618358324165,-4.308388239731572,280.3000736981295
509,18,5.774290290948376,-3.9691025281144157,1.8160043170444495,-15.550270900244625,2.2785630384994846,-8.071079028400485,2.76916115145121,-3.367162091267843,-4.30838877079921,280.3000722301803
509,19,5.774290282026294,-3.9691020671514603,1.8160043478802073,-15.549323314000642,2.2785630262188317,-8.0711633673884,2.7691611288213953,-3.3671620435472693,-4.308388335814568,280.3000718486964
509,20,5.774290288993237,-3.9691009857931063,1.8160044059125777,-15.550421220690273,2.278563119571549,-8.071174677872946,2.7691610956150847,-3.367161985536042,-4.308388158735849,280.3000747040003
509,21,5.774290296087563,-3.969101755111062,1.816004414085757,-15.550134988670427,2.278563108193207,-8.071258534027079,2.7691611235100173,-3.3671618597546713,-4.30838847804763,280.3000696808925
509,22,5.774290303284197,-3.969102079046339,1.816004369796509,-15.551075091443852,2.278563021384133,-8.071186911433378,2.7691610614208857,-3.3671619211616726,-4.3083877985828005,280.3000699711881
509,23,5.774290283816897,-3.969098427389024,1.8160044738994658,-15.550467558179822,2.278563117612748,-8.071277046535121,2.7691611352371797,-3.3671620474111448,-4.308388204575294,280.30007765189737
509,24,5.774290283502985,-3.969099178468054,1.816004331307327,-15.550173947963502,2.2785630077638737,-8.071246524120426,2.7691611693152054,-3.3671621531718903,-4.308388645625894,280.3000793145887
509,25,5.774290289633331,-3.9690988122591824,1.8160043803826058,-15.552023012363241,2.2785630291894883,-8.07120674994353,2.769161089972529,-3.36716188375511,-4.308388582764779,280.300076419098
509,26,5.774290292471963,-3.9691006913078026,1.8160043014413083,-15.549261456773042,2.278563163131732,-8.071255098116337,2.769161110389028,-3.36716208772878,-4.308387939763212,280.3000735545656
509,27,5.774290300327357,-3.96910266601308,1.8160044195462817,-15.551371401218699,2.2785630358988973,-8.071166466790972,2.7691611164298915,-3.3671619905189796,-4.308388969273881,280.3000710472179
509,28,5.77429029667823,-3.9691017127286297,1.8160043992245645,-15.548060120832663,2.2785631598256444,-8.071198045509476,2.7691611949804873,-3.3671621517746355,-4.308388082137902,280.30007485004904
509,29,5.774290289684258,-3.969101762466281,1.8160044403788853,-15.54907521182974,2.278563091730472,-8.071223558049477,2.769161175444995,-3.3671620249307046,-4.308387983418565,280.3000761661009
510,0,5.774290301400521,-3.969102633816678,1.8160044586390411,-15.550390439356647,2.2785630570146833,-8.071094657861854,2.7691611445874806,-3.367162081265421,-4.308388374668473,280.30006880853193
510,1,5.774290304082248,-3.9691010051595708,1.8160043666067125,-15.54955325432841,2.2785630923087363,-8.071183412422133,2.769161126926789,-3.367162068753677,-4.3083880403448624,280.30007009860014
510,2,5.774290304598369,-3.9691039101597423,1.8160044384092182,-15.55035760629279,2.278563067210531,-8.071206083540568,2.769161118274341,-3.367161693068208,-4.3083878817036005,280.30007012543217
510,3,5.774290297389833,-3.9691007308494544,1.816004395438002,-15.54975034107963,2.278563047174673,-8.071269812809364,2.769161128980471,-3.367162029269464,-4.308388621714869,280.30006849209326
510,4,5.774290298024921,-3.969101159240169,1.8160044103539175,-15.549207731278747,2.278563060243189,-8.071169643577312,2.7691611016651967,-3.367162014444353,-4.308387767613403,280.30007105129175
510,5,5.774290280152344,-3.9690998440678564,1.8160043922290647,-15.551187910786293,2.278563042297377,-8.071131678175353,2.769161099467618,-3.3671620656845316,-4.30838777219551,280.3000703582294
510,6,5.774290289799735,-3.9690988194223005,1.816004388897301,-15.551223953004389,2.2785630355773505,-8.0712244511948,2.769161113846679,-3.367161954670509,-4.3083883028384475,280.3000764459598
510,7,5.774290292226852,-3.969104040831475,1.8160044405700568,-15.55151896114467,2.2785630125622496,-8.07115600331746,2.7691611009252903,-3.367161824845509,-4.308388204815654,280.30007041225485
510,8,5.774290299569564,-3.969101935828157,1.8160044112254536,-15.549066980038365,2.27856308354465,-8.071199516512976,2.7691611236261124,-3.367162106418096,-4.308387540082781,280.30006936768586
510,9,5.774290300543019,-3.9691025950966288,1.8160043761680869,-15.549820396396237,2.2785631120564274,-8.071172152652796,2.7691611339139404,-3.367162041324335,-4.3083885744096415,280.300070082778
510,10,5.774290294696051,-3.969099288546099,1.8160043183780674,-15.549811110405349,2.2785630191177324,-8.07122595308143,2.769161098187887,-3.3671621223325,-4.308388266881273,280.30007565944
510,11,5.774290298225646,-3.969100345783238,1.8160043671658914,-15.550174489807992,2.2785630772541956,-8.07129014752217,2.76916111637719,-3.3671619174065937,-4.308388023642096,280.3000692833996
510,12,5.774290289349175,-3.9691027960483027,1.8160043034007978,-15.550360315360667,2.2785631767247883,-8.071141215397306,2.7691611211720786,-3.367161913248967,-4.308388711411289,280.3000728369443
510,13,5.774290286596073,-3.969103579287533,1.8160044056029876,-15.550681630497404,2.2785630521787703,-8.071188577147362,2.76916107748098,-3.36716193751921,-4.308388370911742,280.3000707721621
510,14,5.774290294502209,-3.9691026727421783,1.8160044697240159,-15.55064408023501,2.2785630855437162,-8.07120884361657,2.769161128707047,-3.3671618326140673,-4.308387908929097,280.3000696061784
510,15,5.7742902890085865,-3.969098276786652,1.8160044522491239,-15.549843617269945,2.278563015037478,-8.071246929675075,2.769161102480147,-3.367161995032435,-4.308387921513039,280.3000757078927
510,16,5.774290298537456,-3.9691012954640135,1.8160043911672146,-15.550016735256099,2.278563065470951,-8.071270558605095,2.769161115316364,-3.3671618525596787,-4.308388285811277,280.3000693394835
510,17,5.77429028651265,-3.969099994926265,1.8160044516962806,-15.550345286981683,2.27856304173457,-8.071288799855678,2.76916107547661,-3.3671618846288425,-4.3083886013433546,280.30007020151146
510,18,5.774290288858904,-3.969100701634,1.8160043480756813,-15.54807624948534,2.278563070618248,-8.071204085109272,2.769161136670816,-3.367162187551708,-4.308388358798378,280.3000722567856
510,19,5.7742903001316614,-3.969102013909784,1.81600436976046,-15.550496442956808,2.2785630166950024,-8.071180077891357,2.769161110490708,-3.367161906650016,-4.3083883984909095,280.30006970723434
510,20,5.774290292718382,-3.9691010439219925,1.8160044419251178,-15.550591864332334,2.2785630808110975,-8.071249054643669,2.7691611139298775,-3.3671618996461685,-4.308388441982846,280.30006955009327
510,21,5.774290297676388,-3.9691007739378388,1.8160043908638126,-15.55055484553003,2.2785631242343922,-8.071097541615128,2.7691610512447262,-3.3671619572963114,-4.308387343648586,280.3000726305023
510,22,5.774290297969327,-3.9691027069824076,1.816004385599515,-15.549490910511537,2.2785630999189803,-8.0711951255042,2.769161131235804,-3.367161983715384,-4.308388847384915,280.3000703392795
510,23,5.774290296656914,-3.9691009415512237,1.8160044648746905,-15.549038502404155,2.2785631093809284,-8.071295995894891,2.7691611154391125,-3.367161917632356,-4.30838838111929,280.3000709676554
510,24,5.774290291990969,-3.969099198331007,1.816004282101444,-15.55079432334225,2.278562978747635,-8.071321332092609,2.7691611190367866,-3.3671618595699875,-4.308388169073447,280.3000853075416
510,25,5.774290300075226,-3.969102451758247,1.8160044086871157,-15.549763569254326,2.278563106973804,-8.071201962736788,2.769161128133899,-3.367162036744934,-4.308388621071728,280.3000698177701
510,26,5.774290288180388,-3.9691015430474623,1.816004349703736,-15.549608726974334,2.278563055160286,-8.07121097060996,2.7691610863862315,-3.367161985320229,-4.308388915566817,280.30007179159475
510,27,5.774290296126824,-3.969101051882449,1.8160044052392392,-15.5496994504889,2.278563130510261,-8.071222529748727,2.7691610849712287,-3.367162003376383,-4.308387989991663,280.30007280907796
510,28,5.774290290496797,-3.9691017524300576,1.8160043931785181,-15.549922105500725,2.278563133376035,-8.071228992160474,2.7691611050513165,-3.3671619577301657,-4.308388346600737,280.30006996475333
510,29,5.774290293405621,-3.9691026175866355,1.8160043727735193,-15.550239288833962,2.278563076170101,-8.071157843133765,2.7691610654058536,-3.3671619840204543,-4.308387850379898,280.3000703012905
511,0,5.774290292852435,-3.9691016067138243,1.816004396280519,-15.549857795132038,2.2785630527923693,-8.071175357436903,2.7691611177659325,-3.3671620194771847,-4.308387936656537,280.30007053837005
511,1,5.774290292876094,-3.9691003867046697,1.8160043401319224,-15.548619636022805,2.2785631187993474,-8.071273231850048,2.769161141835763,-3.367162081547347,-4.308388602505654,280.3000731840127
511,2,5.7742903032118305,-3.9691025080147386,1.8160043502034025,-15.549210677833234,2.278563055419521,-8.071203639152374,2.769161118272804,-3.367162112496683,-4.308388003070296,280.30007206323694
511,3,5.774290303364852,-3.9691036966698854,1.8160043276652984,-15.54968861346178,2.2785631037738017,-8.07117755996616,2.7691611624848895,-3.367162139985096,-4.308388364531932,280.30007474026706
511,4,5.774290298200965,-3.9691008076531857,1.8160043785163995,-15.549440668828865,2.278563147168827,-8.071270773897258,2.7691611540189998,-3.367162016712886,-4.3083891150025515,280.30006984261115
511,5,5.774290292703548,-3.9691018150378716,1.8160044806483842,-15.549524542813378,2.278563062324603,-8.071227573102208,2.7691611610920885,-3.3671620839727505,-4.308387710214634,280.30007553431676
511,6,5.774290303982318,-3.969102249096851,1.8160044100928614,-15.548740890837307,2.278563077893409,-8.07125069283059,2.7691611532559053,-3.3671619957653127,-4.308387989369273,280.3000698688147
511,7,5.77429029956505,-3.9691024683252345,1.8160044115157918,-15.550600720366594,2.2785629745378175,-8.07136594995801,2.769161073884275,-3.3671616529473014,-4.308388405795966,280.30007560384394
511,8,5.774290298652356,-3.9691016665627057,1.8160043515078481,-15.54885866861953,2.2785630388402285,-8.071230441676247,2.7691611183795213,-3.367162037173828,-4.308388639193849,280.3000726281699
511,9,5.774290299989999,-3.9691023741321683,1.816004349348453,-15.551149997894619,2.2785630303155524,-8.071228714196227,2.7691611263175875,-3.3671618706024318,-4.308388490538881,280.3000729813165
511,10,5.774290312367649,-3.969102950434911,1.816004331967822,-15.549403591650409,2.278563102475987,-8.071266883441215,2.7691611272109347,-3.3671619703089557,-4.3083882452385796,280.3000724747707
511,11,5.774290300746547,-3.9691015656892916,1.8160043556885792,-15.549739735218761,2.278563022545339,-8.07124429294237,2.769161131425556,-3.367161966730759,-4.308388767848675,280.3000698144808
511,12,5.774290296608094,-3.969105518024827,1.8160043794141925,-15.54954273793694,2.278563108883798,-8.071089904159631,2.769161133198408,-3.3671620157910374,-4.308388753859255,280.30006995460303
511,13,5.774290296032822,-3.9691011090039803,1.8160043496278913,-15.548502372254795,2.2785631392770513,-8.071331547968317,2.7691611672567524,-3.367161927285691,-4.3083883750713925,280.30007372526353
511,14,5.774290296502614,-3.9691003813677157,1.8160044266996993,-15.548087087161704,2.278563123692903,-8.071266745256832,2.7691611885090324,-3.3671622715408787,-4.3083876147632365,280.3000731230784
511,15,5.7742902901708,-3.969099645536254,1.8160044161487963,-15.548532142364245,2.278563152388128,-8.07120534504615,2.769161158507477,-3.367162242339145,-4.308388174137055,280.3000690560932
511,16,5.774290305514105,-3.969102090875597,1.8160045200561974,-15.550003968115462,2.278563043642339,-8.071107434769583,2.769161128702886,-3.367162125584281,-4.308388307697434,280.300074163623
511,17,5.774290297991801,-3.9691023147037527,1.816004374843032,-15.550193064227585,2.2785630636479075,-8.071178909695073,2.7691611345587708,-3.3671620447791883,-4.308388632054206,280.30006958651916
511,18,5.774290298418454,-3.969102022911414,1.816004413945514,-15.54938176763319,2.2785630673777892,-8.071275370583942,2.769161101950539,-3.367161907975545,-4.3083889947003655,280.3000711845408
511,19,5.774290289613022,-3.969100247795571,1.8160044614509583,-15.551388252596883,2.2785630374288655,-8.071332019191987,2.7691611426146494,-3.367161646898794,-4.308389340296439,280.3000710119928
511,20,5.774290289899777,-3.9691004586347005,1.8160043679967046,-15.551423048581869,2.2785631125346066,-8.071264591512886,2.7691610806084377,-3.367161864405033,-4.3083881385696925,280.3000726858158
511,21,5.774290309584712,-3.9690999204487456,1.8160044203226462,-15.55043635448528,2.278563076128698,-8.071269861521472,2.7691611297788796,-3.367162022381004,-4.308388248989395,280.30006912990933
511,22,5.7742902996673955,-3.969102735089937,1.8160044605424157,-15.549326398548576,2.278563077920222,-8.071162385061507,2.7691611028104144,-3.367162091506583,-4.308388586205058,280.30006835305903
511,23,5.774290295565854,-3.969101880328178,1.8160044258636614,-15.549010847497854,2.2785631125010393,-8.07124745986304,2.7691611380467527,-3.3671619525817382,-4.308387933130262,280.3000697665809
511,24,5.774290299989525,-3.9691032403616817,1.816004420200675,-15.549054878756468,2.2785630619018358,-8.07112701692883,2.769161176703734,-3.367162151387784,-4.308388288717828,280.30007322979986
511,25,5.774290284472381,-3.969102235700445,1.8160043388381633,-15.550328226365634,2.278563090064175,-8.071137368644884,2.769161124846065,-3.3671620480124496,-4.308388652772135,280.3000720609342
511,26,5.774290299463102,-3.969099853246339,1.8160044232901993,-15.549306194443037,2.2785630753254424,-8.071351397806465,2.769161127347068,-3.367162052526789,-4.308388267026729,280.3000685460941
511,27,5.774290297730301,-3.9691015306878765,1.8160044451795159,-15.548582112609555,2.2785631145686835,-8.071185733502631,2.769161138990895,-3.3671621215076417,-4.308387441830554,280.30006997321266
511,28,5.774290302899697,-3.9691017657574426,1.8160044000943187,-15.550109342238933,2.278563032708402,-8.07124127004795,2.7691611031162062,-3.367161917774103,-4.308387956227764,280.3000697731277
511,29,5.774290296706583,-3.9690996033381483,1.816004387478451,-15.550415565561936,2.27856312854603,-8.07130816933703,2.769161112376445,-3.367161795386675,-4.308387938129342,280.3000704604369
512,0,5.774290306191313,-3.9690995709251244,1.81600442448478,-15.549537157737808,2.2785630698948065,-8.071175567087426,2.769161121424584,-3.3671622466356173,-4.308388465742935,280.30006780749613
512,1,5.77429029989177,-3.9691022988718623,1.8160043373844315,-15.549821444756867,2.2785631275503664,-8.071183128920028,2.769161160752057,-3.3671620423831277,-4.308388534118856,280.3000716297655
512,2,5.774290303843424,-3.969102595392995,1.8160044423072033,-15.550108481478446,2.2785630089213997,-8.071140430707292,2.769161122301679,-3.3671621118488972,-4.30838831338417,280.30007090910544
512,3,5.774290295830419,-3.9691009880091275,1.8160044622097495,-15.549240363730622,2.2785631496933654,-8.071326967160482,2.769161161284456,-3.367162028905288,-4.308388939122449,280.3000745647456
512,4,5.774290299773093,-3.969101722696493,1.8160043982181344,-15.549138618640752,2.2785630763392732,-8.071268024321627,2.7691611558895555,-3.3671620778704074,-4.308388789705692,280.300069440486
512,5,5.774290301169126,-3.9691012474604577,1.8160044158944768,-15.549768986920883,2.278563089489434,-8.071279817892519,2.7691611096385813,-3.3671620032027993,-4.30838848313946,280.30006829584045
512,6,5.774290290495588,-3.9691008956080176,1.8160044893869647,-15.550321984687828,2.278563061476167,-8.071160835424687,2.769161136749641,-3.3671619466649414,-4.308389133242079,280.3000700070839
512,7,5.774290295947731,-3.969102675180269,1.816004471844223,-15.549743681321544,2.2785630654983176,-8.071222610788597,2.769161136749362,-3.3671621093107196,-4.308388961187481,280.3000708034207
512,8,5.774290302329956,-3.9691044933858723,1.81600437373342,-15.549302845496703,2.278563036984149,-8.071169930695456,2.7691611438642427,-3.36716197102497,-4.308388215515714,280.3000708815377
512,9,5.774290298332628,-3.969101056462588,1.8160044652787968,-15.549611242576516,2.2785630684862173,-8.071276339686117,2.76916112764676,-3.367162012627332,-4.308388123633301,280.30006979728364
512,10,5.77429030361411,-3.9690998600802,1.8160044253451577,-15.548468605788957,2.2785631277315246,-8.071295654935474,2.7691611256061703,-3.3671622640104046,-4.308387957623282,280.3000699643371
512,11,5.774290295850885,-3.9691025874608656,1.8160044214265239,-15.550993563059187,2.2785630978611486,-8.071136165629722,2.769161129977682,-3.367161889214873,-4.308388345455877,280.3000707015217
512,12,5.774290296841011,-3.969100751966958,1.8160044622946956,-15.54981734915671,2.2785630685220677,-8.071264538485616,2.769161103494104,-3.3671621250449455,-4.308388868540945,280.30006814764386
512,13,5.774290306988417,-3.969101414447836,1.8160044735124252,-15.549674577305112,2.278563089558567,-8.071273295077928,2.7691611256798896,-3.3671619490629894,-4.308388718342121,280.300069713707
512,14,5.774290305533478,-3.969102010052361,1.8160043810662574,-15.549280452545299,2.278563080978788,-8.071273205786571,2.7691611515064944,-3.3671620481511955,-4.308388582732052,280.3000685857709
512,15,5.774290296914902,-3.96910188303497,1.816004373697647,-15.551085087835096,2.2785629977380264,-8.071197441184397,2.7691611025657656,-3.3671618594601154,-4.308387952321388,280.30007592421475
512,16,5.774290296336116,-3.969101748762182,1.8160044702400795,-15.549766612994555,2.278563097473572,-8.071271089849482,2.7691611076043956,-3.3671619325663977,-4.308387574623795,280.30006893070856
512,17,5.774290300149397,-3.969102188235138,1.816004407731545,-15.548585074219995,2.2785630590295,-8.071147595843456,2.7691611263671243,-3.3671622765640983,-4.30838905863398,280.3000701296743
512,18,5.774290297681631,-3.969101446577448,1.8160044762958862,-15.548988765205618,2.278563058587618,-8.071181178645984,2.769161096131045,-3.367162061452177,-4.308388853918719,280.30007029168144
512,19,5.774290284772319,-3.969099066095612,1.8160044242610778,-15.549653734847974,2.2785630799208323,-8.071229115109531,2.769161144724453,-3.367162134330194,-4.308388712261795,280.30007385299064
512,20,5.7742903005574675,-3.969102082298081,1.8160044030338895,-15.549060767499174,2.278563108971093,-8.071174337159615,2.7691611494171227,-3.367162112581671,-4.308388815065001,280.30007017259294
512,21,5.774290303436333,-3.9691017402579707,1.8160044498189618,-15.548981746318766,2.2785630897673252,-8.07123545545695,2.769161127334718,-3.3671621397843627,-4.308388873411694,280.3000681935357
512,22,5.774290306255737,-3.969100426961812,1.8160042495673472,-15.548761717041943,2.2785631373913855,-8.071189488829567,2.76916110671593,-3.3671622043340528,-4.308388436501473,280.30007379341885
512,23,5.774290294533352,-3.969102077528441,1.816004452339234,-15.549794729075506,2.2785630109774737,-8.071157343810524,2.769161088321313,-3.3671620687747685,-4.308388255668316,280.3000705207673
512,24,5.7742902994353855,-3.969100638356384,1.8160043724024744,-15.549070227255738,2.278563098809078,-8.071244773715922,2.7691611250054606,-3.3671621176685904,-4.30838850482262,280.30006802427846
512,25,5.774290296489108,-3.969100608003495,1.8160044385701513,-15.550756936779589,2.2785630250924496,-8.071222214476094,2.7691611338229216,-3.367162000597451,-4.308389057199197,280.30007000615103
512,26,5.7742903004992385,-3.9691018967846188,1.8160044400953086,-15.546812312820256,2.2785632273963747,-8.071244687772737,2.7691611426726404,-3.3671623907339083,-4.308389077302762,280.30007621549817
512,27,5.774290294875546,-3.969102487735777,1.8160044367407777,-15.550988817336481,2.2785630325677864,-8.071160607208013,2.769161108646335,-3.3671618712967115,-4.3083885179798385,280.3000692459983
512,28,5.774290296075835,-3.969098607220392,1.8160044105597315,-15.551353473190062,2.2785630125445673,-8.071208573941787,2.769161084270708,-3.367161957177672,-4.308388243017418,280.3000765040334
512,29,5.7742902982275375,-3.9691014936897835,1.8160044354203402,-15.54968335476621,2.278563163868344,-8.071210350175258,2.7691611068343867,-3.3671620411723033,-4.308387398138357,280.30006988128594
513,0,5.774290318682659,-3.969102746045505,1.8160044673649163,-15.547885155785776,2.2785631454853252,-8.071205317165143,2.769161201653721,-3.3671622727910893,-4.3083887870078605,280.300076904364
513,1,5.774290300541751,-3.969101219038356,1.8160044614347588,-15.5500074617137,2.2785629614973506,-8.07129403124309,2.7691611096618036,-3.367161968260127,-4.308389184345576,280.30007776003765
513,2,5.774290295392626,-3.9690982153715857,1.816004413183486,-15.548673286072797,2.278563154361199,-8.071326500647663,2.7691611570479138,-3.3671623747010933,-4.3083880537741095,280.30007829103266
513,3,5.774290295571719,-3.9691036685286063,1.8160043628094926,-15.551773791851543,2.2785630854427796,-8.071227667413073,2.7691610659507067,-3.3671618047567544,-4.308388014878291,280.3000699070909
513,4,5.774290299546253,-3.9690982599282685,1.816004420611806,-15.548754658052886,2.2785631053597077,-8.071207852945317,2.769161090458601,-3.3671623805757815,-4.308388062620211,280.30008119831996
513,5,5.7742903007134805,-3.969100850222346,1.8160044296198312,-15.549639616079798,2.278563065506854,-8.07130699157296,2.769161117413398,-3.3671620012616463,-4.308388783122105,280.3000700425355
513,6,5.77429029053742,-3.969100235339373,1.8160044361244592,-15.549467142932174,2.2785631238154997,-8.071217468066347,2.769161130230409,-3.3671620674947933,-4.308388945933908,280.3000693765866
513,7,5.774290297899305,-3.969102265766795,1.8160043567649262,-15.550819642845369,2.2785630209288876,-8.071137816944606,2.76916112433524,-3.367162109302569,-4.308388928343618,280.30007049620804
513,8,5.7742903042912745,-3.969103227664579,1.8160045601794972,-15.551100363863199,2.2785631397164523,-8.071189097970365,2.769161133113545,-3.3671618589288705,-4.30838930287862,280.3000733956352
513,9,5.774290302690593,-3.9691021893002074,1.8160044032397267,-15.549802914940317,2.2785631124045764,-8.071190689499119,2.769161160233466,-3.3671620761956444,-4.308388494602144,280.30006841179994
513,10,5.774290296996399,-3.969099387057343,1.816004443475175,-15.548662392822134,2.278563128862319,-8.071266725695239,2.769161136084793,-3.3671621365564888,-4.30838858254347,280.3000731806028
513,11,5.774290306267094,-3.969102631058935,1.8160044103756,-15.549192783936082,2.2785631273218434,-8.071260293178138,2.7691611007235446,-3.367162027029962,-4.308388291145901,280.3000729054294
513,12,5.77429030838874,-3.969101651183525,1.8160043339879015,-15.54950401136556,2.278562995359352,-8.07125387050097,2.7691611529849522,-3.367162144994635,-4.308388303659225,280.30007826941744
513,13,5.7742902953833095,-3.969097825582656,1.8160043361824476,-15.549369621469564,2.2785630767988283,-8.071343540773276,2.7691611157592213,-3.3671621056955106,-4.3083884047276095,280.3000779633635
513,14,5.77429029334204,-3.9690985387873026,1.816004355589867,-15.550544406305477,2.2785630537303416,-8.071269761113195,2.769161130513996,-3.367162086190724,-4.3083888330769815,280.30007595180854
513,15,5.774290309902491,-3.969100542761806,1.8160044352854328,-15.549332154013635,2.278563084910033,-8.071285179527203,2.76916114084266,-3.36716204424539,-4.3083885304095,280.3000680909644
513,16,5.774290317495442,-3.9691017179022583,1.8160044611576285,-15.549522379788108,2.2785630386171274,-8.071257545022267,2.7691611414167157,-3.367162176749454,-4.308389447158408,280.30006950136544
513,17,5.774290300051497,-3.9691008135891863,1.8160043441171858,-15.549521000312337,2.278563060041191,-8.071194494187257,2.7691611098065616,-3.3671622603586373,-4.308388478860176,280.3000710001221
513,18,5.7742902975848045,-3.969102558930289,1.816004438336739,-15.550029947990584,2.278563068047961,-8.07128561429137,2.769161128098859,-3.3671620134815785,-4.308388976942848,280.30007055242635
513,19,5.7742902909953955,-3.969099463382138,1.8160044557947972,-15.550283641937108,2.278563042229681,-8.071216202900152,2.7691611208496925,-3.36716204683002,-4.308388269204359,280.3000693507152
513,20,5.774290300171995,-3.9691019773197014,1.816004433922641,-15.548084505324168,2.278563112319916,-8.071253494841113,2.7691611600438972,-3.3671621182371547,-4.3083889489278535,280.30006942945147
513,21,5.77429031441021,-3.9691012721447603,1.8160044058382292,-15.54998453602974,2.278563079317739,-8.071275456865237,2.769161107938957,-3.367162072550364,-4.30838818474156,280.3000688865727
513,22,5.774290304478336,-3.969099997947182,1.8160045165651335,-15.549895605732031,2.278562996649968,-8.071262567868835,2.769161118266787,-3.3671621728451906,-4.308389054964892,280.300077460081
513,23,5.774290307283706,-3.9691010511044267,1.8160044371377737,-15.550111885691301,2.2785629886767884,-8.071237771388686,2.769161125329145,-3.367162058173951,-4.308388295285046,280.30007480178944
513,24,5.774290303525753,-3.9691009231984933,1.816004438623602,-15.549729670057202,2.278563115736165,-8.071220252925315,2.7691611139641683,-3.367162077310821,-4.308388691174926,280.3000703828145
513,25,5.774290302685939,-3.969100072824186,1.816004401941371,-15.549314555054355,2.278563172304928,-8.071253589330068,2.7691611306760318,-3.367162154701947,-4.308388970429818,280.30006959536445
513,26,5.77429029693824,-3.9690999146436727,1.816004368721525,-15.548344362563245,2.2785630622647988,-8.071268425583769,2.7691611244604823,-3.367162275108824,-4.308389017876416,280.30007053194936
513,27,5.774290291488048,-3.969099025586521,1.816004373089829,-15.549957060693421,2.2785630488030035,-8.071209583248553,2.769161119801715,-3.3671619680000884,-4.308388201149271,280.30007442309005
513,28,5.774290306656602,-3.969100372471381,1.816004483902706,-15.549759901879256,2.278563093158901,-8.071328015047891,2.769161089297589,-3.3671620238962747,-4.308388442252399,280.3000686955386
513,29,5.774290304796143,-3.969100209018217,1.816004384408449,-15.548981429049705,2.2785631653734275,-8.07122310517241,2.7691611533585268,-3.367162166150584,-4.30838787946588,280.3000702191878
514,0,5.77429029202688,-3.969100879230973,1.816004493509456,-15.549009517117689,2.2785630695143855,-8.07125072408672,2.769161122760505,-3.367162051072509,-4.3083889434030125,280.3000703293619
514,1,5.774290304636553,-3.969103263744335,1.8160043695305776,-15.548529711684553,2.278563120073395,-8.071214086341502,2.7691611083764958,-3.367162070575256,-4.308387453979233,280.30006926665806
514,2,5.774290315627717,-3.969099691104751,1.8160044617059583,-15.549742710105875,2.2785631198531635,-8.071283026538946,2.769161120318738,-3.3671621503182014,-4.3083878176187005,280.30006994667235
514,3,5.7742902998629635,-3.9691023048585867,1.8160043838946722,-15.548447357072831,2.278563156702226,-8.071144469553884,2.769161138213493,-3.367162267485468,-4.308387535907113,280.3000687808582
514,4,5.774290304497718,-3.969100099894165,1.816004440642184,-15.54880272644842,2.278563129847686,-8.07118317141633,2.7691611355306356,-3.3671623201566137,-4.308388123270567,280.3000705535836
514,5,5.774290299379488,-3.9691026330407713,1.81600440251423,-15.549898765489809,2.2785630537445347,-8.071240805380134,2.7691611340649196,-3.367162074713231,-4.30838899366611,280.30007067003623
514,6,5.774290288287282,-3.9691005016626972,1.8160043528050849,-15.549392924664232,2.278563111993607,-8.071200158824904,2.769161145066893,-3.3671621271460284,-4.308388667676279,280.3000702952627
514,7,5.77429030608198,-3.9691027030973585,1.8160043782241881,-15.550794153306121,2.278563069884571,-8.071244625615753,2.769161107391143,-3.3671619381366042,-4.308389088276244,280.30006969987835
514,8,5.774290302521112,-3.9691013720252273,1.816004425836715,-15.549724048099776,2.2785630220388446,-8.07125863035732,2.7691611149282345,-3.367162067130409,-4.308388564942879,280.3000682934071
514,9,5.774290306679151,-3.969100582371282,1.816004424140649,-15.548204020149901,2.278563070806601,-8.071218254806544,2.769161131595607,-3.36716227934127,-4.308387838321601,280.30006929694184
514,10,5.77429031386181,-3.969100813342086,1.8160044786704028,-15.55092197754984,2.278563056488273,-8.071171247278853,2.769161077697978,-3.367162138479725,-4.308388600915787,280.3000686897043
514,11,5.774290296170889,-3.9691016409727147,1.8160043262403394,-15.551854542351315,2.278563078841379,-8.071150074714437,2.769161103713362,-3.3671619154042842,-4.30838837012068,280.30007315800606
514,12,5.774290307745538,-3.969098143085799,1.8160044022432478,-15.547703342884523,2.2785631274137392,-8.07123625249407,2.769161139985376,-3.367162429355449,-4.308388015456059,280.30007857667994
514,13,5.774290300884284,-3.9691001543356177,1.8160044442909635,-15.549285222402725,2.2785630700873596,-8.071256729354204,2.7691611892486816,-3.3671621265926963,-4.308389238111877,280.3000762292936
514,14,5.774290311401252,-3.969103323137676,1.816004387511038,-15.550180465700171,2.278563152551773,-8.071246031015983,2.7691611086293206,-3.367161979451882,-4.308388602606052,280.30006951921024
514,15,5.774290323102806,-3.969100642374679,1.8160043911070174,-15.5492669776231,2.2785631117355667,-8.071321371400945,2.7691611512504544,-3.3671620871280763,-4.308388725040757,280.30007059987133
514,16,5.774290294835025,-3.969099750016583,1.8160044256386798,-15.550544985727484,2.2785630537057653,-8.071275224979479,2.769161094578935,-3.3671620343417943,-4.308388505076551,280.3000690190221
514,17,5.774290298121471,-3.969098599514865,1.8160044046113664,-15.550336623739891,2.2785630316996452,-8.07130957127082,2.7691611395487765,-3.3671619949566525,-4.308388825693232,280.3000764088425
514,18,5.774290296013772,-3.969100531868622,1.8160044333327265,-15.549765831034524,2.278563074894387,-8.07123919830744,2.7691611281336788,-3.3671620596254055,-4.308388809566462,280.3000696972813
514,19,5.774290311951155,-3.969099338666111,1.8160044565604558,-15.549072170825067,2.278563138046612,-8.071359970998984,2.7691611618657817,-3.367162142412674,-4.308389032305565,280.3000774113737
514,20,5.774290302352477,-3.9691004463894597,1.8160044714012376,-15.550156881440294,2.2785630856840795,-8.07117218666242,2.769161128135824,-3.3671621021875833,-4.308388474258573,280.3000682925764
514,21,5.77429029429346,-3.969099958508651,1.8160043620623136,-15.550694140008288,2.278563078924721,-8.071232681418437,2.769161109100743,-3.3671620107134803,-4.3083881740857946,280.3000690370577
514,22,5.774290296447036,-3.9691029256251618,1.8160043397176684,-15.550985377682665,2.278563051296258,-8.071148470140065,2.7691611075221476,-3.3671619289081107,-4.308388270030949,280.3000734150339
514,23,5.774290299440192,-3.969102508702475,1.8160043557028855,-15.550118808828639,2.2785630624745736,-8.07117007761435,2.769161101659853,-3.3671619953696745,-4.3083882510775755,280.3000707681191
514,24,5.774290301015769,-3.96909938397878,1.816004457181137,-15.549223702180056,2.2785630844711147,-8.071239881215863,2.769161107294904,-3.3671621330444927,-4.308388116092158,280.3000740953397
514,25,5.774290306326612,-3.9690997371757364,1.8160044566719498,-15.549281886363,2.2785630835750372,-8.07132417254456,2.7691611475208413,-3.367162107477598,-4.308389515597514,280.3000699586472
514,26,5.774290298043846,-3.9691004306484374,1.8160044637748287,-15.550217657271359,2.2785630527723564,-8.071244668013618,2.7691611102515266,-3.367161944436584,-4.3083877857678194,280.30007061044546
514,27,5.774290295546355,-3.9691006424163673,1.8160044365920922,-15.550792286386484,2.2785631212231072,-8.071255392019108,2.7691610841218433,-3.367161867189811,-4.308388486549937,280.3000739068463
514,28,5.774290305965919,-3.969101182024226,1.816004412446307,-15.548369607620378,2.2785631497632655,-8.071413447110466,2.769161136751062,-3.367161996809497,-4.308388258446274,280.3000693144536
514,29,5.774290294285259,-3.9691006013344263,1.8160044304876504,-15.548849829095982,2.2785631094839487,-8.071271550007474,2.769161161519392,-3.367162091792624,-4.308388656971191,280.30007537915117
515,0,5.7742903048594565,-3.969100408509126,1.8160044046978339,-15.549773163864325,2.2785630691585865,-8.071210155005236,2.7691610932647315,-3.367162153130573,-4.308388081687207,280.30006931727706
515,1,5.774290306769465,-3.969102127531568,1.816004452090484,-15.551138757706596,2.278563032650931,-8.071073289676656,2.76916111969368,-3.3671621137349868,-4.308388642120895,280.3000689687017
515,2,5.774290306766389,-3.969099472381065,1.8160043762730305,-15.549279293196864,2.2785631336928267,-8.071264277201895,2.769161102688789,-3.367162052827736,-4.3083878618722515,280.30006994667235
515,3,5.77429030125373,-3.969104356907644,1.8160044559071138,-15.550038602336707,2.2785631447858647,-8.071153475649997,2.7691611151830204,-3.367161968294156,-4.308388511361514,280.3000684726393
515,4,5.774290297947026,-3.9691013275212828,1.816004431283871,-15.551073356047809,2.2785630729284323,-8.071248862494908,2.76916105633052,-3.3671618873896563,-4.3083882837229455,280.3000703019677
515,5,5.77429029182094,-3.969099282886221,1.8160043996031088,-15.550205856348,2.27856302102569,-8.071129350727578,2.7691610903204182,-3.3671622649465514,-4.308388012556306,280.3000752038246
515,6,5.7742903095841385,-3.9690997778765853,1.816004362490599,-15.549132513655332,2.2785630338015395,-8.071213965637993,2.769161122114573,-3.3671623885127873,-4.308388224878616,280.3000693305401
515,7,5.774290292856097,-3.9690991340258335,1.816004449943028,-15.549491492984876,2.2785630942119846,-8.071184654604266,2.769161123124951,-3.3671621481978087,-4.308387999279346,280.3000742746766
515,8,5.774290305970998,-3.9691022924447985,1.8160044918332647,-15.549641054260722,2.278563122689485,-8.071200564955138,2.7691610769049344,-3.367161966078987,-4.308387505479446,280.30007234917264
515,9,5.774290298946828,-3.9691016552924183,1.816004421837026,-15.54981111253389,2.27856307460363,-8.07119316201804,2.76916109627462,-3.3671621567904073,-4.308389074969608,280.3000711048138
515,10,5.774290305458209,-3.969101170885114,1.8160044829393465,-15.549883344231528,2.27856300722179,-8.071187632435105,2.7691611377637138,-3.3671622315158585,-4.308389112076874,280.3000699123412
515,11,5.774290308253221,-3.9691021289720836,1.8160044902426002,-15.548879393598606,2.2785631612175847,-8.071274793709579,2.769161112917486,-3.367162143750672,-4.308388167987345,280.30007048222967
515,12,5.774290310204183,-3.9691037419148354,1.8160043921255091,-15.549726342210251,2.278563103257429,-8.071199975447572,2.76916115139561,-3.367162086044851,-4.308388480566925,280.30006816876954
515,13,5.77429030113838,-3.9691025195224032,1.8160044286698493,-15.549995063532721,2.278563029232655,-8.071170157341282,2.7691611140790964,-3.367162078833046,-4.308388571652591,280.3000691012601
515,14,5.774290302754246,-3.969100178967262,1.8160044633561538,-15.549643188307995,2.278563106586301,-8.07121101809791,2.769161116190045,-3.367162112411978,-4.308388667549605,280.30006984915184
515,15,5.774290302458909,-3.9691016790887916,1.8160044144291256,-15.549178108249984,2.278563080783011,-8.071281215587351,2.7691611085438965,-3.3671621394615348,-4.308389309122065,280.3000697936989
515,16,5.774290312234316,-3.9690994703012374,1.8160044051305,-15.54984595497421,2.2785630909135115,-8.071286994268792,2.7691611414187864,-3.367162123258444,-4.308388582757343,280.3000681548046
515,17,5.77429030659177,-3.9691010252078653,1.816004436598574,-15.549386018279973,2.278563121867685,-8.071214264776088,2.7691610986898842,-3.3671621613883134,-4.308387960139972,280.30007378514597
515,18,5.774290310282951,-3.969100982041178,1.8160044691624198,-15.551195685032594,2.278563035917927,-8.0712345428865,2.769161095995501,-3.367161900431207,-4.308387957168762,280.3000711384999
515,19,5.774290307712401,-3.9691020755202,1.816004404852764,-15.54991409577348,2.2785631350593323,-8.071194653451986,2.769161074574463,-3.3671621058108956,-4.308387786903403,280.3000742097982
515,20,5.774290308195605,-3.9691024527592704,1.8160044146027505,-15.55122427495683,2.278563030885052,-8.071173069021881,2.7691611065184887,-3.3671619864822513,-4.308388053290708,280.3000704839765
515,21,5.774290293995364,-3.969100836338488,1.8160043632653728,-15.550408305470684,2.2785630810775643,-8.071264355258897,2.769161111365015,-3.3671620453616833,-4.308388846081399,280.30006814764386
515,22,5.774290300575301,-3.9691016559127013,1.816004412236393,-15.550866109602751,2.278563058979345,-8.071169960248398,2.7691611267764356,-3.367162115418171,-4.308389140393515,280.3000701622775
515,23,5.774290301683028,-3.9691025581014814,1.816004393562466,-15.550083131052164,2.2785630389527536,-8.071010682101113,2.7691611090980843,-3.367162198524524,-4.308388041256904,280.30007125357895
515,24,5.774290305526965,-3.9691011621549155,1.8160044346063717,-15.549575385720862,2.278563097043711,-8.071235442562234,2.7691611197492163,-3.3671621275872194,-4.308388300397771,280.30006900021345
515,25,5.774290308847165,-3.9691006151981982,1.816004352737026,-15.548891013909696,2.278563080673028,-8.07122201798935,2.76916116267943,-3.3671622023680023,-4.308388830988622,280.30007772883675
515,26,5.774290307650981,-3.969099807020907,1.8160044634455692,-15.548945648342773,2.2785631231677046,-8.07128839223621,2.7691611278007033,-3.3671621250745445,-4.308388676587349,280.3000688280359
515,27,5.774290317133734,-3.969100645024983,1.8160044320561601,-15.549060414113855,2.278563127956509,-8.07135824670422,2.769161144846122,-3.3671621548474895,-4.308389132444018,280.30007061976204
515,28,5.77429030408335,-3.9691020096427603,1.816004456194291,-15.549939689815305,2.2785631338457657,-8.071160336681613,2.7691611069068047,-3.3671621237756333,-4.308388095568283,280.3000706834876
515,29,5.7742903062478925,-3.96910065346616,1.816004429907019,-15.550818947590495,2.278563089947652,-8.071275358133631,2.769161063260767,-3.3671618334935762,-4.308388000066621,280.30007128633474
516,0,5.7742902948984645,-3.9691022529545323,1.816004375862367,-15.551136585108628,2.2785630970187385,-8.071254643496891,2.769161092326349,-3.367161935917467,-4.308388553764677,280.30006951399423
516,1,5.774290306528709,-3.9691019280877815,1.8160044420099257,-15.549560608223992,2.2785631494760845,-8.071295327584421,2.769161147638718,-3.367161938045183,-4.308388286799562,280.3000694559312
516,2,5.774290293571764,-3.969101344770128,1.8160044091366638,-15.550973234279684,2.2785630526196936,-8.071130362114538,2.7691611347270317,-3.3671620818368,-4.308389032473979,280.30007060347094
516,3,5.774290298809366,-3.9691013707534286,1.8160043840589302,-15.550583334660672,2.278563036515631,-8.071133430855028,2.7691611027885945,-3.3671620706065526,-4.308388417764009,280.3000679823547
516,4,5.774290301191468,-3.9691023929264584,1.8160044466597414,-15.54982423672878,2.278563076663004,-8.071213874541327,2.7691611064996793,-3.3671620481222257,-4.308389192543923,280.3000705887663
516,5,5.774290308568826,-3.9691025250502987,1.8160044613737372,-15.549236707870188,2.2785631148035175,-8.071220114504161,2.769161136541325,-3.367162159443273,-4.308388231074321,280.30007008040917
516,6,5.7742903120285805,-3.9691019294316554,1.816004484354791,-15.55084209526737,2.2785630265460703,-8.071264648089453,2.7691610912289244,-3.3671619144579794,-4.308388859365627,280.3000713857738
516,7,5.774290300783174,-3.9691011199634407,1.8160043945816715,-15.550435921938929,2.278563101292269,-8.071230293378315,2.7691611310185746,-3.3671621200545996,-4.308388873401054,280.30007075337676
516,8,5.7742903226746405,-3.9691018731962773,1.8160044539492208,-15.55160672280403,2.2785630513757416,-8.071139870348917,2.769161101487324,-3.367162109530344,-4.308389121046769,280.30007006208524
516,9,5.774290300195186,-3.9691026385459223,1.8160044032992944,-15.550449637197339,2.2785630779141535,-8.071239366322608,2.7691611469373996,-3.3671618925933204,-4.308388491926002,280.30006945939977
516,10,5.774290315923702,-3.969105277978125,1.8160044450749988,-15.55115694565662,2.2785630571333497,-8.071066979682469,2.7691611445145607,-3.3671619099550676,-4.30838861460032,280.30006864249543
516,11,5.774290303258985,-3.9691009615482415,1.8160043702425168,-15.55019450232147,2.2785630814045543,-8.071295087261399,2.7691611308632114,-3.3671618995177477,-4.308388120168412,280.3000696441395
516,12,5.774290304111463,-3.969099983492728,1.8160044031085152,-15.549964228825825,2.2785630748392296,-8.071186256144143,2.7691611135600653,-3.367162251366048,-4.30838847627261,280.3000673749489
516,13,5.774290303743664,-3.969100311592276,1.8160045108934786,-15.550858233008444,2.2785631192139344,-8.071363384909437,2.769161156636855,-3.3671618775321916,-4.308389053287274,280.3000731543365
516,14,5.774290313839205,-3.9691007615108407,1.8160044357070848,-15.550206736825857,2.2785631055940523,-8.071176440741786,2.769161140598042,-3.367162107423332,-4.3083877304221145,280.3000710121184
516,15,5.774290302582023,-3.9690984237398856,1.8160044317390225,-15.549942237177614,2.278563012574046,-8.071262916571788,2.769161123603271,-3.367162283913651,-4.308388979722585,280.3000771954011
516,16,5.774290314405903,-3.969100934196325,1.8160044210546555,-15.549711939387393,2.2785630725148573,-8.07115529852248,2.7691611248661125,-3.3671623063720983,-4.3083885519321585,280.3000680063725
516,17,5.774290303210084,-3.969101881058778,1.816004405615829,-15.550616815164766,2.2785630690486616,-8.071210044241695,2.7691610773370305,-3.367161995776187,-4.308387717532915,280.30007027501915
516,18,5.7742903168278605,-3.9691012141139064,1.8160044883714093,-15.55076892183603,2.278563072982301,-8.071339868162585,2.7691611188152767,-3.3671619699228805,-4.308388891662297,280.30006859982495
516,19,5.774290307891447,-3.9691007659528883,1.8160044496887289,-15.548869205407835,2.2785631232624755,-8.07125156811841,2.769161163150574,-3.3671621767823665,-4.308388349508389,280.3000745976184
516,20,5.7742903043842775,-3.9691018233426747,1.8160044373837358,-15.54914231368995,2.278563116040412,-8.071303470496204,2.7691610907923145,-3.367162048398234,-4.308389437898081,280.3000744225254
516,21,5.774290315601843,-3.9690998432457962,1.8160044295092843,-15.55139947748898,2.278563064326906,-8.071266135214264,2.769161087181759,-3.3671621760614947,-4.3083886539893355,280.3000696963095
516,22,5.774290314942922,-3.969102213041739,1.8160044525774253,-15.550023208502592,2.2785630617462345,-8.071142563806417,2.7691611480596783,-3.3671622090571156,-4.308388365437039,280.30006867201405
516,23,5.774290284218506,-3.969100879305694,1.816004373653427,-15.550281153849198,2.2785630627896474,-8.071268179258496,2.7691611169371173,-3.3671619297615525,-4.3083882596450565,280.3000693394835
516,24,5.774290307911382,-3.969103437222304,1.8160044582375214,-15.549366889610635,2.2785631303934943,-8.071100293067548,2.769161129248634,-3.3671620617017672,-4.308388871150382,280.3000691102267
516,25,5.774290295701521,-3.9691008411224415,1.8160044194590679,-15.550327954986125,2.2785630958361227,-8.071287625526116,2.7691610817776615,-3.3671619514205298,-4.308389275183277,280.3000713215499
516,26,5.774290298560925,-3.9691018285667856,1.816004421209376,-15.550823062384797,2.2785630938979007,-8.071091925261323,2.7691611010414237,-3.367162108077562,-4.308388734713381,280.3000692345782
516,27,5.774290301149617,-3.9691002231722865,1.816004409047317,-15.551106566209382,2.2785630843241447,-8.071254173677184,2.769161087559978,-3.3671619996054796,-4.308388851610458,280.3000697448847
516,28,5.774290304296199,-3.9691002166823894,1.816004353058616,-15.55009994373809,2.278563093390011,-8.071275232827231,2.7691611469136714,-3.3671619450006274,-4.308388984649965,280.3000699913712
516,29,5.77429030780734,-3.969101499131363,1.8160043945192141,-15.548342656847598,2.2785630524256932,-8.071166536744213,2.7691611351659997,-3.3671622554306126,-4.308388433371835,280.30006840035884
517,0,5.7742903077501655,-3.969098230640571,1.8160044067214047,-15.550701629078821,2.2785630148940483,-8.071079857334114,2.7691610996057,-3.367162367723053,-4.308388310266404,280.300076356419
517,1,5.774290309721595,-3.9691011019795215,1.816004428537807,-15.54966337111993,2.2785630765493488,-8.07118369958539,2.7691611455914042,-3.3671622294504227,-4.308388461640437,280.3000683954165
517,2,5.774290304543559,-3.9691009231094743,1.8160044799877098,-15.550190935891502,2.2785630625566187,-8.071199627640931,2.769161100919098,-3.3671620779765306,-4.308388508282737,280.300068707343
517,3,5.774290298900085,-3.969103127736581,1.816004412188659,-15.550320213338559,2.278563026372847,-8.071065035914161,2.769161139865066,-3.367162220599286,-4.308388692089519,280.30006892690466
517,4,5.774290307216788,-3.9690991722114166,1.8160043801484393,-15.549072800783687,2.2785630534168964,-8.071136284139016,2.769161114691776,-3.367162312624671,-4.308388639437229,280.3000729156305
517,5,5.774290304206709,-3.9691003542557652,1.8160045291169038,-15.550029243900896,2.278563032081075,-8.071120126124132,2.7691611156995757,-3.36716223366711,-4.308388684868657,280.3000719768411
517,6,5.774290308478205,-3.969100991213542,1.8160044074507358,-15.55031032597397,2.2785630766326546,-8.071288656340695,2.769161132660035,-3.367161981621726,-4.308388457516431,280.30006829584045
517,7,5.774290313993513,-3.9691012888255846,1.8160044159643625,-15.54948794390647,2.2785630472237344,-8.07113347750806,2.7691611374464142,-3.3671623122089245,-4.308388378133605,280.3000678982079
517,8,5.77429031043253,-3.9691007436070285,1.8160043872177118,-15.550001753278874,2.2785631254289997,-8.071174519914353,2.7691611331299426,-3.367162145984513,-4.3083877678974085,280.3000710121184
517,9,5.774290311207811,-3.969100102048241,1.8160043696966754,-15.550229874570887,2.2785630780792703,-8.071102991441672,2.7691611025116107,-3.3671624318487874,-4.308388312329753,280.30006922775544
517,10,5.774290319505365,-3.969101995307252,1.816004541176681,-15.549423304845526,2.2785630773635672,-8.071175461376562,2.7691611345565215,-3.367162249066812,-4.308389000343669,280.30007180458506
517,11,5.774290294573109,-3.9690999376368774,1.816004384707657,-15.549473761150697,2.2785631243269258,-8.071286734132917,2.7691611248265344,-3.367161936917815,-4.30838818866876,280.30007079439486
517,12,5.774290294685043,-3.969102198512401,1.816004428235539,-15.551165004943334,2.2785630495588864,-8.071202561205785,2.7691611057699945,-3.3671618537874286,-4.308388933008835,280.3000708704455
517,13,5.774290327377859,-3.9691005612464685,1.8160044295606421,-15.549489998289284,2.2785629831932908,-8.071238148035425,2.7691611324139376,-3.367162284114002,-4.30838883998258,280.30007768766296
517,14,5.7742902950292025,-3.969101665929579,1.816004371399444,-15.550889078116292,2.2785630361814952,-8.0711673369754,2.7691611195456116,-3.3671620803866342,-4.30838794304231,280.30007015957744
517,15,5.774290314850154,-3.9691025695829856,1.8160045136365912,-15.549899534772356,2.278563006263772,-8.071132597528205,2.7691611112201255,-3.3671621433891596,-4.308388366239728,280.30007217724585
517,16,5.77429031127396,-3.9690983389127523,1.81600445642402,-15.549477697820034,2.2785630662936147,-8.071319810372724,2.769161124544142,-3.367162239180661,-4.308388897158485,280.3000742632866
517,17,5.774290311101386,-3.9691033604543313,1.8160044474757986,-15.550389994448299,2.278563026337112,-8.071095454962602,2.769161134720613,-3.367162109889232,-4.308388788296716,280.30006953470433
517,18,5.774290306860227,-3.969102097175687,1.8160044283913959,-15.550086858837032,2.2785630653378908,-8.071070771877608,2.7691611261929756,-3.367162196144213,-4.308388542317064,280.30006754808454
517,19,5.774290294220492,-3.969103942378217,1.8160043986170655,-15.551355977640702,2.2785630157226153,-8.071117076030497,2.769161104200973,-3.367161836882984,-4.3083882148957,280.30007023132225
517,20,5.774290327504257,-3.9690990958542196,1.816004542324141,-15.549272447814722,2.278563121340166,-8.07134824681618,2.76916114405871,-3.367162148075654,-4.308388676245113,280.3000738707708
517,21,5.774290314428274,-3.9691000717876275,1.8160044470945682,-15.550046170751502,2.2785630108751826,-8.071235610543393,2.769161120697815,-3.367162191523533,-4.308388792721228,280.3000689890948
517,22,5.774290312372392,-3.9691006291214355,1.8160044301026148,-15.550140402193795,2.278563069999841,-8.071272998531299,2.7691611253888784,-3.3671620221053686,-4.308387515700954,280.30006935303436
517,23,5.774290303024855,-3.9691013101526287,1.8160044015035812,-15.549281125009527,2.278563095963503,-8.071204636814503,2.769161092009201,-3.3671621058533465,-4.308388494151671,280.3000689063393
517,24,5.774290311784625,-3.9691010036441976,1.81600440278005,-15.551573879362204,2.278562977106728,-8.071174163222388,2.769161094615062,-3.3671620413164494,-4.308388351521416,280.3000771223293
517,25,5.774290301367386,-3.9691008042836953,1.8160044185925293,-15.550929599179145,2.278562976697765,-8.071150375701036,2.769161148373458,-3.36716212005195,-4.308388328207308,280.30007509727454
517,26,5.774290298997583,-3.969101603048621,1.8160044249685587,-15.550078196900776,2.2785631032919844,-8.071156154004758,2.7691611168861634,-3.3671622278841626,-4.308388448808501,280.30006808429016
517,27,5.7742903099247345,-3.9691024359188094,1.816004427378268,-15.549801992140269,2.2785631242296858,-8.07109098522453,2.7691611451873523,-3.3671621500942686,-4.308388650318159,280.300069496756
517,28,5.774290307170107,-3.9691027630621636,1.8160043942263604,-15.551230746747057,2.2785630371298295,-8.070997370749641,2.769161123127031,-3.367162092279123,-4.30838827473067,280.3000712922782
517,29,5.774290307049809,-3.969101020333684,1.8160044203230368,-15.548955591178034,2.2785630367214513,-8.071138855406558,2.769161125164306,-3.367162293102914,-4.308387646438609,280.3000703291442
518,0,5.7742903150418385,-3.969100278692923,1.8160044471114558,-15.549778543125338,2.278563089882685,-8.071232007262081,2.769161123550516,-3.367162207343494,-4.3083885783872145,280.3000682095591
518,1,5.774290298816745,-3.9691011899830824,1.81600443770018,-15.549805300792695,2.278563049617188,-8.071233677130179,2.769161134709703,-3.367162059082448,-4.308388578118687,280.3000683176107
518,2,5.7742903095385545,-3.9691034599196584,1.816004484133438,-15.550084788672784,2.278563075608864,-8.07114390275685,2.7691611242954104,-3.3671620960906545,-4.308388595477341,280.3000683392831
518,3,5.774290304717076,-3.9691021695422455,1.816004434972722,-15.549505578142169,2.278563080519483,-8.071196431749692,2.769161135442399,-3.3671619622079327,-4.308388210265775,280.3000696176141
518,4,5.774290301993877,-3.969102062230875,1.8160044151278032,-15.550624176833384,2.2785630552928917,-8.071199655091915,2.76916111056253,-3.3671619873976093,-4.308388086869884,280.300070485883
518,5,5.774290309880195,-3.9691012692991636,1.8160043864965298,-15.550212947019032,2.2785631136100704,-8.071100014696105,2.769161121524968,-3.367162218474909,-4.308388298345995,280.30006945333946
518,6,5.77429030024863,-3.9691016867996645,1.816004401220332,-15.549469937321817,2.2785630291960564,-8.071075293664034,2.7691610908312985,-3.367162345703217,-4.308388552892573,280.30007034517644
518,7,5.7742902924443,-3.9691006751219753,1.8160044000013025,-15.549434504356915,2.2785630656961895,-8.071224898326104,2.7691611086221872,-3.3671621464484986,-4.3083885500707675,280.3000681387889
518,8,5.7742903087183,-3.9691003473334234,1.8160044180462465,-15.551359139540345,2.2785630034594475,-8.071121573266856,2.7691611059081356,-3.367162187665652,-4.308387863826551,280.30006799987456
518,9,5.774290302939121,-3.9690998408026563,1.8160044319456305,-15.550647329360132,2.2785630847642757,-8.071206739704065,2.7691611168010857,-3.3671622368201337,-4.30838907687492,280.3000697100529
518,10,5.774290302686597,-3.9691026013657247,1.8160044100828119,-15.549859159829479,2.2785630639903753,-8.071060360188808,2.76916111538597,-3.3671622341336627,-4.308388331754536,280.3000702581726
518,11,5.774290308482423,-3.9691015018968114,1.8160044188381554,-15.549947933423802,2.2785630296449493,-8.07117195358578,2.769161158148569,-3.367162194346789,-4.308388529422254,280.30006840035884
518,12,5.774290315340594,-3.9691005431681576,1.8160044146500267,-15.549627008240087,2.278562974952159,-8.071147566989032,2.7691610975998477,-3.3671622143438893,-4.308388459365348,280.3000779998512
518,13,5.774290322811615,-3.9691018452294946,1.8160044291954567,-15.549539998720917,2.2785630667222523,-8.071216191841266,2.769161149305223,-3.3671621507707328,-4.308388701204476,280.3000701323711
518,14,5.774290302652454,-3.9691037382832586,1.8160044618574915,-15.549082292104057,2.278563080056539,-8.071142227999369,2.769161121308731,-3.3671620676364844,-4.30838857553735,280.3000681325802
518,15,5.77429031282291,-3.96909945976691,1.8160043481559314,-15.550562857864346,2.2785630726037986,-8.071164319456573,2.769161100262226,-3.367162293575905,-4.308388784001935,280.3000729909395
518,16,5.774290307174192,-3.969102212328874,1.8160044520861653,-15.549048350867466,2.2785630093135056,-8.071170308357209,2.769161134858707,-3.3671621430056655,-4.308388358342638,280.3000692578629
518,17,5.774290309204107,-3.9691012651426707,1.8160044708476248,-15.550724320891405,2.278563081293018,-8.071161460575121,2.769161114053179,-3.367162070207343,-4.308388367933544,280.30006843879596
518,18,5.774290317786511,-3.9691019071932194,1.8160044879428134,-15.551142819721841,2.278563015419778,-8.071142778211875,2.769161131575961,-3.3671621020452314,-4.308388837256554,280.3000690899986
518,19,5.7742903007139335,-3.9691009395873134,1.816004354922817,-15.550964502857658,2.278563048507992,-8.07113441446463,2.769161139164381,-3.3671621040204203,-4.308388460103885,280.3000683433295
518,20,5.77429030804045,-3.969103038359891,1.8160043933186254,-15.550535178681239,2.278563039170752,-8.071169087327872,2.769161132280249,-3.367161970584044,-4.308388330749749,280.3000707666205
518,21,5.774290307338163,-3.9691002487093825,1.8160044121848689,-15.55080642851043,2.2785630614028807,-8.071136885904778,2.7691611018856026,-3.367162316790964,-4.308388805920588,280.30006884590375
518,22,5.774290317500213,-3.9691020666631185,1.8160044411573497,-15.549313883560494,2.2785630839791455,-8.071212263997337,2.769161164377702,-3.367162010702866,-4.308387983249603,280.3000761173466
518,23,5.774290312100521,-3.9691016459376933,1.8160043877515413,-15.550707542055836,2.2785630535352857,-8.071170032926771,2.7691611456372365,-3.3671621200275195,-4.308388911763906,280.30007084286734
518,24,5.77429030492098,-3.9691006457012232,1.8160044541737224,-15.549663392948286,2.278563103941961,-8.071277005016162,2.769161130015874,-3.3671622037147633,-4.308389066452427,280.3000716082552
518,25,5.774290308072938,-3.9691018938755116,1.8160043778748556,-15.54994883064141,2.2785630239408716,-8.071097404254317,2.769161105263649,-3.3671622549001494,-4.308388657776117,280.3000687208642
518,26,5.774290314934576,-3.9691006115521654,1.8160043941634052,-15.549305447954334,2.278563080025939,-8.071247038064135,2.769161133069589,-3.367162157269485,-4.308387928203488,280.3000694382881
518,27,5.774290318427007,-3.9691022916157963,1.8160044625539151,-15.549914055587857,2.278563055169419,-8.07116796692534,2.7691611267979335,-3.3671621793697906,-4.308388544696502,280.30006846451306
518,28,5.774290307304718,-3.9691014924253727,1.8160043646444952,-15.549289096713585,2.278563106546272,-8.071229513580732,2.769161137961135,-3.3671620866843948,-4.308388306186145,280.30006988915795
518,29,5.7742903019201055,-3.969101416095329,1.8160044736545062,-15.550660248541087,2.2785630339016034,-8.071122726390145,2.7691611085737,-3.3671620713622334,-4.3083887470812545,280.3000692639579
519,0,5.774290309709279,-3.96910140918122,1.8160044514872167,-15.549676217180709,2.278563021176577,-8.071194457481997,2.76916112197958,-3.3671621819661217,-4.308388571042733,280.30006842730114
519,1,5.774290304791571,-3.969101150716349,1.816004425995687,-15.550705614871966,2.2785629930240603,-8.071159333173586,2.7691611055479886,-3.367162253463674,-4.30838847876768,280.30007556853013
519,2,5.774290299925414,-3.969099791459232,1.8160044238297932,-15.550541668354018,2.278563033930741,-8.07112728904561,2.769161112186941,-3.367162217247338,-4.308388250967539,280.30006898064926
519,3,5.774290305751921,-3.9691032826192827,1.8160044208259527,-15.548929700596961,2.2785630714740988,-8.071139631086936,2.7691611465084036,-3.3671621575306516,-4.308388379642447,280.300068466551
519,4,5.77429030800273,-3.969102029607412,1.8160044776363362,-15.550579705341582,2.278563036126517,-8.071143407116017,2.76916114430868,-3.367162121149021,-4.308388665133441,280.30006949296705
519,5,5.7742903033457935,-3.96910068916205,1.8160044711138772,-15.550222750792516,2.2785630579875154,-8.071225593058633,2.769161137380164,-3.3671621216622833,-4.308388451788664,280.3000681387889
519,6,5.7742902983349165,-3.969100427625619,1.81600442547366,-15.550232183174368,2.2785630913724346,-8.071226038307174,2.769161135149636,-3.3671620372613984,-4.3083887411529735,280.30006981096733
519,7,5.774290297282067,-3.9690994734644756,1.8160044665830937,-15.550840097107594,2.278563056496264,-8.071291118077799,2.7691610893797263,-3.36716197124231,-4.3083883136848256,280.300069343038
519,8,5.774290310383945,-3.96910134317249,1.8160044092711571,-15.549450312961595,2.2785630892561666,-8.071221684532466,2.769161142850407,-3.3671621856645424,-4.308388755750621,280.30006977252714
519,9,5.774290300708479,-3.9691028643975894,1.8160044658998349,-15.550400857178264,2.278563037105651,-8.071143876498374,2.7691611246435186,-3.367161938710278,-4.3083883800235965,280.3000693009733
519,10,5.774290304980803,-3.9691013067209706,1.816004469685096,-15.550751498048339,2.2785630693897723,-8.071139105464132,2.7691611247085417,-3.3671620697434648,-4.3083886755805345,280.30006914343653
519,11,5.774290307245971,-3.9691034975721347,1.816004475795446,-15.550622600747248,2.27856310019965,-8.071069760065983,2.7691611227109747,-3.367162015804687,-4.308388877649788,280.3000693287681
519,12,5.774290302476534,-3.9691024691976935,1.8160044071825807,-15.54923562468387,2.27856305083186,-8.071147853842351,2.7691611301262498,-3.367162227371672,-4.308388415757413,280.3000688056179
519,13,5.774290296628482,-3.9691016818609044,1.816004396999472,-15.550008278311715,2.278563072713686,-8.071245230404879,2.769161097655923,-3.367162031502387,-4.308388386296884,280.3000702941983
519,14,5.774290309520577,-3.969102666818978,1.816004410822948,-15.54837833832374,2.278563059000115,-8.071126250702568,2.7691611590057104,-3.3671623194668867,-4.3083883973617265,280.3000685832994
519,15,5.774290299414284,-3.969103102856314,1.8160044791905376,-15.549852018229968,2.278563068779862,-8.07113370313966,2.769161106902156,-3.367162182862955,-4.308388983519022,280.3000704073079
519,16,5.774290304972511,-3.969102913145651,1.8160044819341548,-15.551747502844819,2.278563049123435,-8.071159448423616,2.769161119002205,-3.3671619766975764,-4.308388888870687,280.30006903719277
519,17,5.774290304902848,-3.9691020499740812,1.8160044283849386,-15.549673955842918,2.2785630553618614,-8.071125996744097,2.7691611249029044,-3.367162171460653,-4.308388164919791,280.30006905826303
519,18,5.774290312680693,-3.969102251007685,1.8160044564776237,-15.550288776055936,2.278563083301821,-8.071090060931413,2.7691611506527076,-3.3671621747071403,-4.308388602595375,280.3000677929988
519,19,5.774290301928696,-3.969101317798,1.8160043979860974,-15.550440629868817,2.2785630339721625,-8.071224636922928,2.769161118208895,-3.3671620082865497,-4.30838763185476,280.3000699083815
519,20,5.774290312845207,-3.9691023862597787,1.816004447243383,-15.550454428745295,2.2785630318281878,-8.071046419567878,2.769161124692397,-3.367162130082129,-4.308388139375402,280.30007149087305
519,21,5.774290304558861,-3.9691038098041806,1.8160044384889567,-15.550063218459401,2.278563101326325,-8.071149252912264,2.769161127178741,-3.3671619810506734,-4.308388752182688,280.3000687681548
519,22,5.774290300360151,-3.9691026429700083,1.8160044131760886,-15.550723209651675,2.2785630486443256,-8.071119087813281,2.769161093677627,-3.3671621235411022,-4.30838861324959,280.30006967447036
519,23,5.774290298823304,-3.9691025096873322,1.816004426302448,-15.550279028940462,2.278563046772922,-8.071113205932953,2.769161110238658,-3.367162196316155,-4.308388393647459,280.3000684624962
519,24,5.774290309405406,-3.9691016177833225,1.8160044205463934,-15.550538074051707,2.2785630491785813,-8.071193076543446,2.769161124543649,-3.3671620512430005,-4.308388346540796,280.3000701110657
519,25,5.774290309348507,-3.969102323735316,1.8160044631560366,-15.548263316861176,2.278563122233896,-8.071103131175049,2.7691611284659476,-3.3671623407278486,-4.308388623913444,280.3000687182347
519,26,5.774290301599025,-3.969100307294832,1.8160044166199636,-15.551075165183669,2.278562963046873,-8.071149019940123,2.769161103085332,-3.367162078525224,-4.30838816994436,280.30007564715913
519,27,5.7742903007882065,-3.9691007236955413,1.8160043876453584,-15.551673373541217,2.2785630432226913,-8.071193916035163,2.76916110966538,-3.3671620070415975,-4.308388121247344,280.3000702972863
519,28,5.774290307068135,-3.969101318503296,1.8160044191479956,-15.549299468020132,2.2785630698774098,-8.071223760846395,2.7691611364001467,-3.367162188259493,-4.308388430975068,280.30006841962825
519,29,5.774290304597165,-3.9691005329243607,1.8160043925312168,-15.550136512440039,2.2785630588289294,-8.07119197400518,2.7691611268265914,-3.3671621371942293,-4.308388480836245,280.3000689101991
520,0,5.774290309511321,-3.9691025870122663,1.816004463251591,-15.54843868561895,2.2785631103461417,-8.071166493026134,2.769161172225762,-3.3671622059214044,-4.308388947631957,280.30007549349654
520,1,5.774290301338588,-3.9691026039938113,1.8160043893573516,-15.548965379269752,2.27856306567802,-8.071112683223154,2.7691611562932246,-3.367162261568509,-4.30838888918629,280.3000698665108
520,2,5.774290307022987,-3.96910089029457,1.8160044537104791,-15.549687348076182,2.2785630553187075,-8.071263713650113,2.76916114358632,-3.367162089430219,-4.308388663964459,280.3000680314723
520,3,5.774290299846923,-3.9691021355101643,1.8160044604931305,-15.550054387589663,2.2785630670669845,-8.07107345233016,2.769161129369373,-3.367162242666947,-4.308388300998399,280.3000698638581
520,4,5.774290302248844,-3.9691024198264717,1.8160045060720262,-15.550936919916202,2.2785630854147723,-8.071106740990347,2.769161131254351,-3.3671620157634377,-4.308388659674521,280.30006929368
520,5,5.774290306674962,-3.969100818105551,1.8160044500483135,-15.549320635328852,2.2785630808543518,-8.071197946092532,2.769161146019272,-3.3671622236585868,-4.30838847029597,280.30006843024313
520,6,5.774290306079244,-3.9691010261363044,1.8160044220845615,-15.549512214946938,2.2785630625662594,-8.071269770420633,2.7691611301141754,-3.3671621136954726,-4.308388180125232,280.3000688865727
520,7,5.774290309926273,-3.9691017700231215,1.8160044915960014,-15.549976534278391,2.278563098564825,-8.071131622833093,2.769161132097802,-3.367162200606255,-4.308388567990079,280.30006746705504
520,8,5.7742903084984905,-3.9691005174059732,1.8160044090160226,-15.549124373864686,2.278563028344622,-8.071183006774637,2.769161125820247,-3.3671623478458423,-4.308388040007669,280.30007047927023
520,9,5.774290303764266,-3.9691017054549973,1.816004497384618,-15.550322283824652,2.27856303623118,-8.071240802969598,2.769161129682663,-3.3671619364257803,-4.308388586037347,280.3000685518178
520,10,5.774290314009452,-3.969099395576962,1.8160044101317019,-15.550192968176546,2.278563058223428,-8.071142749079335,2.769161131901563,-3.367162291283652,-4.308388559584882,280.3000713789154
520,11,5.774290310996858,-3.9691028187287696,1.8160044370546609,-15.550222324665564,2.278563038012505,-8.0711168505577,2.769161118618121,-3.367162180710756,-4.3083882037222025,280.3000690502985
520,12,5.774290309238203,-3.969101162862103,1.8160044338825605,-15.550081910482216,2.278563011130471,-8.071172182365423,2.769161106027225,-3.3671622453721852,-4.308388724978566,280.30007002676587
520,13,5.774290309636535,-3.9691024106360304,1.8160045444578083,-15.551013478645604,2.2785630269607298,-8.071125924367621,2.7691611380266377,-3.367162101851606,-4.308388448448274,280.3000712479449
520,14,5.7742903108188495,-3.969103217202933,1.8160044802664759,-15.550180738149281,2.27856308548478,-8.071171378688465,2.7691611334381694,-3.367162026654485,-4.308388601904914,280.30006923570943
520,15,5.774290307488823,-3.969102139176667,1.8160045063483077,-15.550382809057384,2.2785630814250917,-8.071094062004853,2.7691611329770565,-3.3671621377290935,-4.308388487541455,280.30006814354834
520,16,5.774290310059144,-3.9690999838230483,1.816004408558905,-15.549383475060242,2.2785630782301225,-8.071250848339366,2.76916115343955,-3.3671622107210677,-4.308388378130582,280.30006854512084
520,17,5.77429031321001,-3.9691044946840104,1.8160044465432061,-15.549301657151998,2.2785630528482885,-8.071124088020598,2.7691611394245594,-3.3671622170910958,-4.308388824813207,280.30006987837214
520,18,5.774290303295286,-3.9691018024848885,1.8160044433023061,-15.54902842495642,2.278563096011175,-8.07128941138324,2.769161150008846,-3.367162079227854,-4.308388635589972,280.3000680887661
520,19,5.77429030237746,-3.969099430023097,1.8160044686076593,-15.55037382400067,2.278563060599216,-8.071198892741695,2.769161146633835,-3.367162201179209,-4.308388467237328,280.30006786089143
520,20,5.774290307597423,-3.969102580844284,1.816004401051421,-15.549623758610128,2.278563098034757,-8.071145560422664,2.7691611559686216,-3.3671621125997175,-4.308388253088125,280.30007069713025
520,21,5.774290309570812,-3.969102482026684,1.816004408397498,-15.549690083695575,2.2785630742992593,-8.071081952163185,2.769161114322606,-3.367162265728605,-4.308388559385037,280.30006823271617
520,22,5.774290309680599,-3.969101625172173,1.8160044762533234,-15.549719876256827,2.27856305392079,-8.07114971608178,2.7691611224036135,-3.367162186739168,-4.308388377649543,280.30006858559886
520,23,5.774290307564925,-3.9691016059556685,1.81600448781646,-15.550677615961645,2.2785630006658546,-8.071132140139534,2.769161105489679,-3.3671622171096067,-4.30838818397324,280.3000761589015
520,24,5.774290306118905,-3.9691024816100717,1.816004441678388,-15.548591617044826,2.27856307372271,-8.071191380140101,2.7691611525249717,-3.3671622006899917,-4.308388551113166,280.30006846451306
520,25,5.774290309132984,-3.9691017614250734,1.8160044437744784,-15.549658144273021,2.2785630652367432,-8.071174894173621,2.769161143100703,-3.367162224214584,-4.308388550762051,280.30006843994124
520,26,5.774290311390701,-3.9691020665639245,1.8160044919294864,-15.54912184030008,2.2785631092551153,-8.071215162275134,2.7691611431681658,-3.3671621525497315,-4.308388402474185,280.3000700324545
520,27,5.774290311265483,-3.9691013551893337,1.8160044149155654,-15.550254331766237,2.278563070047015,-8.071138812450878,2.7691611541350594,-3.3671621932756612,-4.308388421221534,280.3000679981204
520,28,5.774290310191584,-3.969102687921535,1.8160045700935266,-15.550474350041567,2.2785630532135057,-8.071130531596078,2.7691611409820354,-3.3671621042370883,-4.308388890824485,280.30007267545284
520,29,5.774290309920237,-3.969102342747207,1.816004417568029,-15.549703523424501,2.27856306061098,-8.071090681256809,2.7691611192232157,-3.3671624048884277,-4.308388746593065,280.3000700848879
521,0,5.774290313522934,-3.969102374257138,1.8160044372033568,-15.549787319776941,2.278563054130474,-8.071182300642203,2.769161152549054,-3.367162245405651,-4.308388542671173,280.30006846451306
521,1,5.774290316332037,-3.969101889846342,1.8160044622600473,-15.548877809069701,2.2785631639827684,-8.071156481065811,2.7691611807457948,-3.3671622882122696,-4.308388101010342,280.3000766261865
521,2,5.774290313601751,-3.9691047103245456,1.8160044562090545,-15.550089644828114,2.2785630058624915,-8.070994725700984,2.769161115574515,-3.3671622911490626,-4.308388574157824,280.3000697769686
521,3,5.774290312340358,-3.9690988666892806,1.8160044576469523,-15.548753178538087,2.27856309786676,-8.071210681297625,2.7691611648917096,-3.367162305450591,-4.308388323019504,280.3000805449602
521,4,5.774290309832352,-3.9691007844498256,1.8160044492921843,-15.549217796962282,2.278563051876365,-8.071180533793893,2.769161149692124,-3.3671622750365704,-4.308388661059898,280.3000694406481
521,5,5.774290306996466,-3.9691010144156516,1.8160044632878782,-15.548705122526245,2.27856314876504,-8.071217797013716,2.769161142244708,-3.3671621345683582,-4.308388598796528,280.3000700804261
521,6,5.774290307617193,-3.969100821230756,1.8160044287159796,-15.549511443080082,2.2785630538425523,-8.071233396101396,2.769161132918786,-3.3671621126478213,-4.3083880649207185,280.3000696364472
521,7,5.774290312060396,-3.969101632787741,1.8160044864381315,-15.550579919257878,2.2785630376561614,-8.071115275407193,2.76916110948746,-3.3671622152971765,-4.308388634698674,280.3000687122066
521,8,5.774290314329525,-3.969102797372048,1.8160044927465844,-15.549459793076583,2.2785630895424305,-8.071094689740708,2.769161140898586,-3.3671622132563415,-4.308388442551953,280.30006785907926
521,9,5.774290317286273,-3.9691011282266495,1.8160044233324915,-15.549111281901775,2.2785630974158,-8.071180992209689,2.769161164969159,-3.3671622954291838,-4.30838825537693,280.3000763904495
521,10,5.774290304851643,-3.969100816609078,1.8160045057407967,-15.549878778056906,2.278562974874034,-8.071243714617761,2.769161144410397,-3.367162083439204,-4.308388511440131,280.3000746547224
521,11,5.7742903093002536,-3.9690999215489264,1.8160044134870768,-15.548407096393799,2.278563060993326,-8.071222580903838,2.7691611668208247,-3.367162355906769,-4.308388685605243,280.30007848408343
521,12,5.774290311835289,-3.969101810803771,1.81600443726116,-15.550305052815622,2.2785630452954506,-8.071124264692484,2.769161135360567,-3.367162205680834,-4.308388535336726,280.300067680408
521,13,5.774290304907857,-3.9691013743703496,1.8160044987054864,-15.549303362063315,2.2785630922358995,-8.071174263126853,2.7691611458317653,-3.367162248515261,-4.308388226389453,280.3000696655134
521,14,5.774290309303873,-3.9691008240632923,1.8160044549933312,-15.549441269396175,2.2785631296701667,-8.071279627646545,2.7691611553317146,-3.3671620703128236,-4.308388870695387,280.30007092570213
521,15,5.774290300403691,-3.969101397018696,1.8160044118956555,-15.549343728080672,2.2785631241767934,-8.07122384551155,2.769161171360265,-3.3671621207443847,-4.30838861262314,280.30007320958384
521,16,5.77429031452431,-3.969101650479115,1.8160044700663658,-15.548761636725192,2.278563095712076,-8.071219043803806,2.769161152758369,-3.3671621901722686,-4.308388440542754,280.3000686289581
521,17,5.774290303023822,-3.9691010594442555,1.8160044288688146,-15.549203323305177,2.2785630961718555,-8.071224293492081,2.7691611609490767,-3.3671622039937525,-4.3083885512161855,280.3000773631858
521,18,5.774290299306947,-3.969097349912892,1.8160044787997531,-15.550793133220816,2.278563039381499,-8.071310443735367,2.7691611118049035,-3.3671620474484185,-4.3083889621455755,280.30007633108823
521,19,5.774290312537107,-3.9691012072452123,1.8160044345733035,-15.549362981324826,2.2785630837044035,-8.071250445824008,2.7691611310487017,-3.367162218865458,-4.30838827737913,280.30006926598463
521,20,5.774290307286655,-3.9691001468430547,1.816004438204573,-15.549429215576927,2.2785630962194614,-8.071156354876257,2.7691611044018782,-3.367162315236013,-4.308388180391172,280.30006867714536
521,21,5.774290303713312,-3.96909873054149,1.8160044722630744,-15.549853116304723,2.2785630561533208,-8.071321093406302,2.769161123424537,-3.3671620971554552,-4.308388751794517,280.30007678991706
521,22,5.774290311881722,-3.9691019591851178,1.8160044240579534,-15.549610739355822,2.2785630918476905,-8.071211942253056,2.7691611149009847,-3.367162192793712,-4.308388972412489,280.3000708953607
521,23,5.774290311923872,-3.9691021174790935,1.8160044393487667,-15.549753656054934,2.2785630872705713,-8.07117168207069,2.7691611300930767,-3.367162086339857,-4.3083885748889355,280.3000688249256
521,24,5.774290309622885,-3.969100801589737,1.816004450007705,-15.549836492821443,2.278563100458831,-8.071171193570414,2.769161132172519,-3.367162197218829,-4.308388612996458,280.30007009858895
521,25,5.774290299415422,-3.9691009784457285,1.8160044556523063,-15.550480477218352,2.2785630897068527,-8.071272323876153,2.769161135923122,-3.3671619142308575,-4.308388471773784,280.3000694471019
521,26,5.7742903048348735,-3.9690982686893053,1.8160044260238766,-15.55038924430972,2.2785630534227717,-8.07127689487523,2.769161104856645,-3.3671621701612118,-4.308388578845372,280.3000750127324
521,27,5.7742903029242925,-3.9691006302216456,1.8160045150792645,-15.550283118899486,2.27856305092538,-8.071230359065755,2.769161126829962,-3.3671620808942415,-4.308389264737508,280.3000719620278
521,28,5.7742903030376365,-3.9691017113809193,1.8160044651887755,-15.550057794818002,2.2785630403173585,-8.071104805675404,2.7691611313018183,-3.367162199823147,-4.308388416197985,280.30006824247715
521,29,5.774290312726906,-3.969101170042154,1.8160044682399803,-15.548752183781852,2.2785631369911146,-8.0711391126218,2.7691611480617637,-3.3671623790079988,-4.308388427316708,280.30006699459506
522,0,5.774290311325497,-3.9691014619796734,1.8160044636756598,-15.549926217195253,2.2785630605571696,-8.071203665261947,2.7691611393336553,-3.3671621440830437,-4.30838887358619,280.30006881020796
522,1,5.774290308068175,-3.969099827160541,1.8160044615984754,-15.549640182085954,2.278563094947842,-8.071191368426252,2.7691611249761237,-3.3671622967689148,-4.3083886228783115,280.3000680493076
522,2,5.774290321786766,-3.969102817944577,1.8160044737860512,-15.549795152053768,2.2785630725104267,-8.071131787429684,2.769161130401023,-3.367162296239141,-4.308388264326508,280.3000707997424
522,3,5.774290311811454,-3.9691010655204586,1.816004413080941,-15.548803241342258,2.2785630794189813,-8.071110645163722,2.76916114306296,-3.3671624017435535,-4.308388253311852,280.30007014177227
522,4,5.774290313302246,-3.969100959385944,1.8160044469327763,-15.54925553085188,2.2785630703873863,-8.071107023728144,2.7691611251589823,-3.367162390593058,-4.3083878911695,280.30006934313474
522,5,5.774290300913718,-3.969099623926386,1.8160043907491925,-15.549531870809837,2.2785630361125198,-8.071227825842726,2.7691611271202214,-3.3671623163788404,-4.308388672635529,280.3000687877735
522,6,5.774290314820037,-3.969102682040527,1.816004400693496,-15.549075083967422,2.2785630867338496,-8.071104431769005,2.7691611325529273,-3.3671623616285613,-4.308388114647849,280.30007018969076
522,7,5.774290309553742,-3.9691016908577854,1.8160044869883814,-15.550769064471707,2.278563090423801,-8.071100134741304,2.7691611215062304,-3.367162162175196,-4.308388944159223,280.3000705064927
522,8,5.7742903081620645,-3.969101707724863,1.8160045014759314,-15.549760512703726,2.2785630826574312,-8.071134146278423,2.769161142672834,-3.367162162552838,-4.308388398059313,280.3000683530013
522,9,5.774290311422547,-3.9691016065193967,1.8160045064699704,-15.550058121010245,2.278563062565862,-8.07109842908808,2.7691611201726865,-3.367162292557301,-4.308388889220868,280.30006958253256
522,10,5.7742903162220856,-3.969104355347749,1.816004474510788,-15.549575012429086,2.278563042657163,-8.071000871495123,2.769161158604113,-3.3671622931716936,-4.308388867510227,280.30007100847365
522,11,5.774290310568668,-3.9691006169956484,1.816004466860182,-15.55048215902547,2.2785630865627815,-8.071185710682009,2.7691611437776253,-3.3671622182131076,-4.308388430964094,280.3000683954165
522,12,5.7742903067487745,-3.969100164068597,1.8160044142778,-15.549808655805622,2.2785630400946526,-8.071177426598101,2.7691611323682532,-3.367162228991272,-4.308388273214081,280.3000686994004
522,13,5.774290309048743,-3.9691020659031575,1.8160044428070985,-15.549694981178792,2.278563076686786,-8.071035766686046,2.769161134377039,-3.367162358472157,-4.308388257887482,280.300071757341
522,14,5.7742903190449955,-3.969103397254123,1.8160045365156645,-15.549776057948462,2.2785631084777225,-8.07111277998708,2.7691611380579815,-3.3671622107086394,-4.3083886100910345,280.30007036271763
522,15,5.774290307120298,-3.9691020267987547,1.8160043848933072,-15.549003289557346,2.27856308642726,-8.071160000256725,2.769161127193118,-3.3671623033426434,-4.308388672398936,280.300069042071
522,16,5.774290324754299,-3.969102543294256,1.816004373464853,-15.548791193722517,2.2785630775615027,-8.071073983217872,2.7691611704853476,-3.367162461696538,-4.308388218455395,280.30007389045596
522,17,5.77429029665229,-3.969101915451537,1.8160044712543282,-15.550262476526395,2.2785630952165974,-8.071081430870374,2.769161095414902,-3.367162216200371,-4.308388489380472,280.3000700682537
522,18,5.774290308918966,-3.9690989716045277,1.8160044693888797,-15.550059338541326,2.2785630586169936,-8.071158573289875,2.7691611312859177,-3.3671622570627817,-4.308388124056763,280.30007455791247
522,19,5.774290307988783,-3.9691000550690054,1.816004454716728,-15.549059165557997,2.2785630904237717,-8.071189437599601,2.769161144894675,-3.3671623521659706,-4.308388243154078,280.3000693767673
522,20,5.774290311356359,-3.969101969254555,1.8160044654180578,-15.548436190882546,2.2785630943912056,-8.071167381343997,2.769161161868376,-3.3671622501914347,-4.308388465779962,280.30007669101815
522,21,5.77429031473927,-3.969101099403575,1.8160044697575295,-15.548645845123657,2.278563103782525,-8.071091317003074,2.7691611655745287,-3.3671624253026726,-4.308388368875115,280.30007751350564
522,22,5.7742903119487,-3.969101862955646,1.8160044954185575,-15.550046435887705,2.278563075909003,-8.071165920226479,2.7691611481213636,-3.367162106168424,-4.308388327154497,280.3000701388687
522,23,5.774290320246342,-3.969102098853609,1.8160044598293856,-15.549282482006653,2.2785630704008306,-8.071063690992837,2.769161158380107,-3.3671623962601593,-4.3083886381186955,280.3000689904442
522,24,5.7742903142510755,-3.9691030140833075,1.8160045272130918,-15.549510096413712,2.278563038542737,-8.071142042799098,2.769161147953219,-3.367162188187455,-4.3083888012177285,280.3000712997814
522,25,5.774290306091352,-3.96910192540665,1.8160044194734215,-15.548256757351465,2.278563074191987,-8.071104838607626,2.7691611847088597,-3.3671624079546785,-4.308388068953914,280.30007623306676
522,26,5.774290319148401,-3.969101521823598,1.8160044926112784,-15.550512286334385,2.2785630609174787,-8.071091537736615,2.7691611313580093,-3.3671621487737893,-4.308388512837217,280.30006790899216
522,27,5.774290320066998,-3.9691030759049446,1.8160044477710624,-15.550143643379494,2.278563115400044,-8.071127105429097,2.7691611290237423,-3.3671622402866532,-4.308388583126888,280.30006852642805
522,28,5.774290311315885,-3.9691003647512932,1.816004466693004,-15.550285876192284,2.2785630322104278,-8.071223765775477,2.7691611156026767,-3.367162128640654,-4.308388711914487,280.3000690814418
522,29,5.7742903148558,-3.969101999646493,1.8160044518263985,-15.54891166040193,2.278563092146854,-8.071164087670345,2.769161115616163,-3.367162295869044,-4.308388559019493,280.3000689574027
